date,ticker,event_ticker,bucket,threshold,threshold_low,threshold_high,direction,strike_type,market_prob,actual_outcome,actual_tmax,result,settlement_value,volume,bid_price,ask_price
2023-05-11,HIGHAUS--23MAY11-T84,HIGHAUS-23MAY11,Below 84F,84.0,,84.0,below,less,0.34,0,89.06,no,0,213,0.0,0.01
2023-05-11,HIGHAUS--23MAY11-B84.5,HIGHAUS-23MAY11,84-86F,84.0,84.0,86.0,between,between,0.0,0,89.06,no,0,0,0.0,0.01
2023-05-11,HIGHAUS--23MAY11-B86.5,HIGHAUS-23MAY11,86-88F,86.0,86.0,88.0,between,between,0.0,0,89.06,no,0,0,0.0,0.01
2023-05-11,HIGHAUS--23MAY11-B88.5,HIGHAUS-23MAY11,88-90F,88.0,88.0,90.0,between,between,0.0,1,89.06,yes,100,0,0.97,1.0
2023-05-11,HIGHAUS--23MAY11-B90.5,HIGHAUS-23MAY11,90-92F,90.0,90.0,92.0,between,between,0.05,0,89.06,no,0,30,0.0,0.03
2023-05-11,HIGHAUS--23MAY11-T91,HIGHAUS-23MAY11,Above 91F,91.0,91.0,,above,greater,0.0,0,89.06,no,0,0,0.0,0.14
2023-05-12,HIGHAUS-23MAY12-B85.5,HIGHAUS-23MAY12,85-87F,85.0,85.0,87.0,between,between,0.6,0,87.08000000000001,no,0,2,0.0,0.03
2023-05-12,HIGHAUS-23MAY12-T85,HIGHAUS-23MAY12,Below 85F,85.0,,85.0,below,less,0.15,0,87.08000000000001,no,0,99,0.0,0.01
2023-05-12,HIGHAUS-23MAY12-B87.5,HIGHAUS-23MAY12,87-89F,87.0,87.0,89.0,between,between,0.0,1,87.08000000000001,yes,100,0,0.97,1.0
2023-05-12,HIGHAUS-23MAY12-B89.5,HIGHAUS-23MAY12,89-91F,89.0,89.0,91.0,between,between,0.0,0,87.08000000000001,no,0,0,0.0,0.07
2023-05-12,HIGHAUS-23MAY12-B91.5,HIGHAUS-23MAY12,91-93F,91.0,91.0,93.0,between,between,0.0,0,87.08000000000001,no,0,0,0.0,0.04
2023-05-12,HIGHAUS-23MAY12-T92,HIGHAUS-23MAY12,Above 92F,92.0,92.0,,above,greater,0.0,0,87.08000000000001,no,0,0,0.0,0.01
2023-05-13,HIGHAUS-23MAY13-T76,HIGHAUS-23MAY13,Below 76F,76.0,,76.0,below,less,0.06,0,75.92,no,0,596,0.0,0.02
2023-05-13,HIGHAUS-23MAY13-B76.5,HIGHAUS-23MAY13,76-78F,76.0,76.0,78.0,between,between,0.0,1,75.92,yes,100,0,0.92,1.0
2023-05-13,HIGHAUS-23MAY13-B78.5,HIGHAUS-23MAY13,78-80F,78.0,78.0,80.0,between,between,0.0,0,75.92,no,0,0,0.0,0.97
2023-05-13,HIGHAUS-23MAY13-B80.5,HIGHAUS-23MAY13,80-82F,80.0,80.0,82.0,between,between,0.0,0,75.92,no,0,0,0.0,0.18
2023-05-13,HIGHAUS-23MAY13-B82.5,HIGHAUS-23MAY13,82-84F,82.0,82.0,84.0,between,between,0.0,0,75.92,no,0,0,0.0,0.08
2023-05-13,HIGHAUS-23MAY13-T83,HIGHAUS-23MAY13,Above 83F,83.0,83.0,,above,greater,0.0,0,75.92,no,0,0,0.0,0.04
2023-05-14,HIGHAUS-23MAY14-B75.5,HIGHAUS-23MAY14,75-77F,75.0,75.0,77.0,between,between,0.0,0,84.02,no,0,0,0.0,0.03
2023-05-14,HIGHAUS-23MAY14-T75,HIGHAUS-23MAY14,Below 75F,75.0,,75.0,below,less,0.0,0,84.02,no,0,0,0.0,0.03
2023-05-14,HIGHAUS-23MAY14-B77.5,HIGHAUS-23MAY14,77-79F,77.0,77.0,79.0,between,between,0.18,0,84.02,no,0,16,0.0,0.03
2023-05-14,HIGHAUS-23MAY14-B79.5,HIGHAUS-23MAY14,79-81F,79.0,79.0,81.0,between,between,0.5,0,84.02,no,0,24,0.0,0.03
2023-05-14,HIGHAUS-23MAY14-B81.5,HIGHAUS-23MAY14,81-83F,81.0,81.0,83.0,between,between,0.03,0,84.02,no,0,22,0.0,0.03
2023-05-14,HIGHAUS-23MAY14-T82,HIGHAUS-23MAY14,Above 82F,82.0,82.0,,above,greater,0.17,1,84.02,yes,100,8,0.97,1.0
2023-05-15,HIGHAUS-23MAY15-T79,HIGHAUS-23MAY15,Below 79F,79.0,,79.0,below,less,0.0,0,84.02,no,0,0,0.0,0.01
2023-05-15,HIGHAUS-23MAY15-B79.5,HIGHAUS-23MAY15,79-81F,79.0,79.0,81.0,between,between,0.0,0,84.02,no,0,0,0.0,0.01
2023-05-15,HIGHAUS-23MAY15-B81.5,HIGHAUS-23MAY15,81-83F,81.0,81.0,83.0,between,between,0.58,0,84.02,no,0,4,0.0,0.03
2023-05-15,HIGHAUS-23MAY15-B83.5,HIGHAUS-23MAY15,83-85F,83.0,83.0,85.0,between,between,0.0,1,84.02,yes,100,0,0.91,1.0
2023-05-15,HIGHAUS-23MAY15-B85.5,HIGHAUS-23MAY15,85-87F,85.0,85.0,87.0,between,between,0.5,0,84.02,no,0,25,0.0,0.09
2023-05-15,HIGHAUS-23MAY15-T86,HIGHAUS-23MAY15,Above 86F,86.0,86.0,,above,greater,0.0,0,84.02,no,0,0,0.0,0.06
2023-05-16,HIGHAUS-23MAY16-T78,HIGHAUS-23MAY16,Below 78F,78.0,,78.0,below,less,0.0,0,84.02,no,0,0,0.0,0.01
2023-05-16,HIGHAUS-23MAY16-B78.5,HIGHAUS-23MAY16,78-80F,78.0,78.0,80.0,between,between,0.0,0,84.02,no,0,0,0.0,0.01
2023-05-16,HIGHAUS-23MAY16-B80.5,HIGHAUS-23MAY16,80-82F,80.0,80.0,82.0,between,between,0.01,0,84.02,no,0,65,0.0,0.01
2023-05-16,HIGHAUS-23MAY16-B82.5,HIGHAUS-23MAY16,82-84F,82.0,82.0,84.0,between,between,0.35,0,84.02,no,0,85,0.0,0.03
2023-05-16,HIGHAUS-23MAY16-B84.5,HIGHAUS-23MAY16,84-86F,84.0,84.0,86.0,between,between,0.58,1,84.02,yes,100,15,0.97,1.0
2023-05-16,HIGHAUS-23MAY16-T85,HIGHAUS-23MAY16,Above 85F,85.0,85.0,,above,greater,0.0,0,84.02,no,0,0,0.0,0.03
2023-05-17,HIGHAUS-23MAY17-B83.5,HIGHAUS-23MAY17,83-85F,83.0,83.0,85.0,between,between,0.45,0,87.98,no,0,300,0.0,0.01
2023-05-17,HIGHAUS-23MAY17-T83,HIGHAUS-23MAY17,Below 83F,83.0,,83.0,below,less,0.0,0,87.98,no,0,0,0.0,0.01
2023-05-17,HIGHAUS-23MAY17-B85.5,HIGHAUS-23MAY17,85-87F,85.0,85.0,87.0,between,between,0.15,0,87.98,no,0,189,0.0,0.03
2023-05-17,HIGHAUS-23MAY17-B87.5,HIGHAUS-23MAY17,87-89F,87.0,87.0,89.0,between,between,0.0,1,87.98,yes,100,0,0.97,1.0
2023-05-17,HIGHAUS-23MAY17-B89.5,HIGHAUS-23MAY17,89-91F,89.0,89.0,91.0,between,between,0.01,0,87.98,no,0,4,0.0,0.03
2023-05-17,HIGHAUS-23MAY17-T90,HIGHAUS-23MAY17,Above 90F,90.0,90.0,,above,greater,0.0,0,87.98,no,0,0,0.0,0.01
2023-05-18,HIGHAUS-23MAY18-B85.5,HIGHAUS-23MAY18,85-87F,85.0,85.0,87.0,between,between,0.1,0,89.06,no,0,9,0.0,0.01
2023-05-18,HIGHAUS-23MAY18-T85,HIGHAUS-23MAY18,Below 85F,85.0,,85.0,below,less,0.02,0,89.06,no,0,21,0.0,0.01
2023-05-18,HIGHAUS-23MAY18-B87.5,HIGHAUS-23MAY18,87-89F,87.0,87.0,89.0,between,between,0.14,0,89.06,no,0,208,0.0,0.01
2023-05-18,HIGHAUS-23MAY18-B89.5,HIGHAUS-23MAY18,89-91F,89.0,89.0,91.0,between,between,0.31,1,89.06,yes,100,10,0.97,1.0
2023-05-18,HIGHAUS-23MAY18-B91.5,HIGHAUS-23MAY18,91-93F,91.0,91.0,93.0,between,between,0.06,0,89.06,no,0,31,0.0,0.03
2023-05-18,HIGHAUS-23MAY18-T92,HIGHAUS-23MAY18,Above 92F,92.0,92.0,,above,greater,0.01,0,89.06,no,0,10,0.0,0.01
2023-05-19,HIGHAUS-23MAY19-B87.5,HIGHAUS-23MAY19,87-89F,87.0,87.0,89.0,between,between,0.0,0,89.96000000000001,no,0,0,0.0,0.03
2023-05-19,HIGHAUS-23MAY19-T87,HIGHAUS-23MAY19,Below 87F,87.0,,87.0,below,less,0.04,0,89.96000000000001,no,0,16,0.0,0.01
2023-05-19,HIGHAUS-23MAY19-B89.5,HIGHAUS-23MAY19,89-91F,89.0,89.0,91.0,between,between,0.35,1,89.96000000000001,yes,100,2,0.97,1.0
2023-05-19,HIGHAUS-23MAY19-B91.5,HIGHAUS-23MAY19,91-93F,91.0,91.0,93.0,between,between,0.99,0,89.96000000000001,no,0,1,0.0,0.03
2023-05-19,HIGHAUS-23MAY19-B93.5,HIGHAUS-23MAY19,93-95F,93.0,93.0,95.0,between,between,0.0,0,89.96000000000001,no,0,0,0.0,0.01
2023-05-19,HIGHAUS-23MAY19-T94,HIGHAUS-23MAY19,Above 94F,94.0,94.0,,above,greater,0.12,0,89.96000000000001,no,0,24,0.0,0.01
2023-05-20,HIGHAUS-23MAY20-T79,HIGHAUS-23MAY20,Below 79F,79.0,,79.0,below,less,0.03,0,84.02,no,0,16,0.0,0.08
2023-05-20,HIGHAUS-23MAY20-B79.5,HIGHAUS-23MAY20,79-81F,79.0,79.0,81.0,between,between,0.0,0,84.02,no,0,0,0.0,0.12
2023-05-20,HIGHAUS-23MAY20-B81.5,HIGHAUS-23MAY20,81-83F,81.0,81.0,83.0,between,between,0.69,0,84.02,no,0,134,0.0,0.1
2023-05-20,HIGHAUS-23MAY20-B83.5,HIGHAUS-23MAY20,83-85F,83.0,83.0,85.0,between,between,0.57,1,84.02,yes,100,33,0.86,1.0
2023-05-20,HIGHAUS-23MAY20-B85.5,HIGHAUS-23MAY20,85-87F,85.0,85.0,87.0,between,between,0.02,0,84.02,no,0,18,0.0,0.05
2023-05-20,HIGHAUS-23MAY20-T86,HIGHAUS-23MAY20,Above 86F,86.0,86.0,,above,greater,0.01,0,84.02,no,0,19,0.0,0.03
2023-05-21,HIGHAUS-23MAY21-B74.5,HIGHAUS-23MAY21,74-76F,74.0,74.0,76.0,between,between,0.0,1,74.0,yes,100,0,0.0,0.99
2023-05-21,HIGHAUS-23MAY21-T74,HIGHAUS-23MAY21,Below 74F,74.0,,74.0,below,less,0.01,0,74.0,no,0,16,0.0,0.04
2023-05-21,HIGHAUS-23MAY21-B76.5,HIGHAUS-23MAY21,76-78F,76.0,76.0,78.0,between,between,0.0,0,74.0,no,0,0,0.38,1.0
2023-05-21,HIGHAUS-23MAY21-B78.5,HIGHAUS-23MAY21,78-80F,78.0,78.0,80.0,between,between,0.0,0,74.0,no,0,0,0.0,0.99
2023-05-21,HIGHAUS-23MAY21-B80.5,HIGHAUS-23MAY21,80-82F,80.0,80.0,82.0,between,between,0.0,0,74.0,no,0,0,0.0,0.99
2023-05-21,HIGHAUS-23MAY21-T81,HIGHAUS-23MAY21,Above 81F,81.0,81.0,,above,greater,0.0,0,74.0,no,0,0,0.0,0.2
2023-05-22,HIGHAUS-23MAY22-B83.5,HIGHAUS-23MAY22,83-85F,83.0,83.0,85.0,between,between,0.0,0,84.91999999999999,no,0,0,0.0,1.0
2023-05-22,HIGHAUS-23MAY22-T83,HIGHAUS-23MAY22,Below 83F,83.0,,83.0,below,less,0.03,0,84.91999999999999,no,0,7,0.0,0.01
2023-05-22,HIGHAUS-23MAY22-B85.5,HIGHAUS-23MAY22,85-87F,85.0,85.0,87.0,between,between,0.0,1,84.91999999999999,yes,100,0,0.0,1.0
2023-05-22,HIGHAUS-23MAY22-B87.5,HIGHAUS-23MAY22,87-89F,87.0,87.0,89.0,between,between,0.5,0,84.91999999999999,no,0,5,0.11,0.5
2023-05-22,HIGHAUS-23MAY22-B89.5,HIGHAUS-23MAY22,89-91F,89.0,89.0,91.0,between,between,0.35,0,84.91999999999999,no,0,16,0.0,1.0
2023-05-22,HIGHAUS-23MAY22-T90,HIGHAUS-23MAY22,Above 90F,90.0,90.0,,above,greater,0.0,0,84.91999999999999,no,0,0,0.0,1.0
2023-05-23,HIGHAUS-23MAY23-B85.5,HIGHAUS-23MAY23,85-87F,85.0,85.0,87.0,between,between,0.0,0,89.06,no,0,0,0.0,0.01
2023-05-23,HIGHAUS-23MAY23-T85,HIGHAUS-23MAY23,Below 85F,85.0,,85.0,below,less,0.03,0,89.06,no,0,16,0.0,0.01
2023-05-23,HIGHAUS-23MAY23-B87.5,HIGHAUS-23MAY23,87-89F,87.0,87.0,89.0,between,between,0.02,0,89.06,no,0,196,0.0,0.01
2023-05-23,HIGHAUS-23MAY23-B89.5,HIGHAUS-23MAY23,89-91F,89.0,89.0,91.0,between,between,0.9,1,89.06,yes,100,137,0.97,1.0
2023-05-23,HIGHAUS-23MAY23-B91.5,HIGHAUS-23MAY23,91-93F,91.0,91.0,93.0,between,between,0.01,0,89.06,no,0,576,0.0,0.03
2023-05-23,HIGHAUS-23MAY23-T92,HIGHAUS-23MAY23,Above 92F,92.0,92.0,,above,greater,0.07,0,89.06,no,0,248,0.0,0.03
2023-05-24,HIGHAUS-23MAY24-B84.5,HIGHAUS-23MAY24,84-86F,84.0,84.0,86.0,between,between,0.3,0,82.94,no,0,432,0.0,0.28
2023-05-24,HIGHAUS-23MAY24-T84,HIGHAUS-23MAY24,Below 84F,84.0,,84.0,below,less,0.03,1,82.94,yes,100,16,0.0,0.99
2023-05-24,HIGHAUS-23MAY24-B86.5,HIGHAUS-23MAY24,86-88F,86.0,86.0,88.0,between,between,0.36,0,82.94,no,0,112,0.0,1.0
2023-05-24,HIGHAUS-23MAY24-B88.5,HIGHAUS-23MAY24,88-90F,88.0,88.0,90.0,between,between,0.08,0,82.94,no,0,318,0.0,0.07
2023-05-24,HIGHAUS-23MAY24-B90.5,HIGHAUS-23MAY24,90-92F,90.0,90.0,92.0,between,between,0.09,0,82.94,no,0,120,0.0,0.05
2023-05-24,HIGHAUS-23MAY24-T91,HIGHAUS-23MAY24,Above 91F,91.0,91.0,,above,greater,0.04,0,82.94,no,0,6,0.0,0.03
2023-05-25,HIGHAUS-23MAY25-B83.5,HIGHAUS-23MAY25,83-85F,83.0,83.0,85.0,between,between,0.08,0,84.91999999999999,no,0,153,0.0,0.08
2023-05-25,HIGHAUS-23MAY25-T83,HIGHAUS-23MAY25,Below 83F,83.0,,83.0,below,less,0.01,0,84.91999999999999,no,0,32,0.0,0.01
2023-05-25,HIGHAUS-23MAY25-B85.5,HIGHAUS-23MAY25,85-87F,85.0,85.0,87.0,between,between,0.21,1,84.91999999999999,yes,100,266,0.5,1.0
2023-05-25,HIGHAUS-23MAY25-B87.5,HIGHAUS-23MAY25,87-89F,87.0,87.0,89.0,between,between,0.48,0,84.91999999999999,no,0,84,0.0,0.4
2023-05-25,HIGHAUS-23MAY25-B89.5,HIGHAUS-23MAY25,89-91F,89.0,89.0,91.0,between,between,0.17,0,84.91999999999999,no,0,201,0.0,0.12
2023-05-25,HIGHAUS-23MAY25-T90,HIGHAUS-23MAY25,Above 90F,90.0,90.0,,above,greater,0.07,0,84.91999999999999,no,0,202,0.0,0.06
2023-05-26,HIGHAUS-23MAY26-B85.5,HIGHAUS-23MAY26,85-87F,85.0,85.0,87.0,between,between,0.1,1,86.0,yes,100,226,0.97,1.0
2023-05-26,HIGHAUS-23MAY26-T85,HIGHAUS-23MAY26,Below 85F,85.0,,85.0,below,less,0.09,0,86.0,no,0,14,0.0,0.01
2023-05-26,HIGHAUS-23MAY26-B87.5,HIGHAUS-23MAY26,87-89F,87.0,87.0,89.0,between,between,0.41,0,86.0,no,0,117,0.0,0.03
2023-05-26,HIGHAUS-23MAY26-B89.5,HIGHAUS-23MAY26,89-91F,89.0,89.0,91.0,between,between,0.27,0,86.0,no,0,18,0.0,0.01
2023-05-26,HIGHAUS-23MAY26-B91.5,HIGHAUS-23MAY26,91-93F,91.0,91.0,93.0,between,between,0.08,0,86.0,no,0,305,0.0,0.01
2023-05-26,HIGHAUS-23MAY26-T92,HIGHAUS-23MAY26,Above 92F,92.0,92.0,,above,greater,0.06,0,86.0,no,0,4,0.0,0.01
2023-05-27,HIGHAUS-23MAY27-T84,HIGHAUS-23MAY27,Below 84F,84.0,,84.0,below,less,0.0,0,87.08000000000001,no,0,0,0.0,0.01
2023-05-27,HIGHAUS-23MAY27-B84.5,HIGHAUS-23MAY27,84-86F,84.0,84.0,86.0,between,between,0.11,0,87.08000000000001,no,0,35,0.0,0.25
2023-05-27,HIGHAUS-23MAY27-B86.5,HIGHAUS-23MAY27,86-88F,86.0,86.0,88.0,between,between,0.34,1,87.08000000000001,yes,100,54,0.6,1.0
2023-05-27,HIGHAUS-23MAY27-B88.5,HIGHAUS-23MAY27,88-90F,88.0,88.0,90.0,between,between,0.49,0,87.08000000000001,no,0,71,0.0,0.4
2023-05-27,HIGHAUS-23MAY27-B90.5,HIGHAUS-23MAY27,90-92F,90.0,90.0,92.0,between,between,0.08,0,87.08000000000001,no,0,153,0.0,0.08
2023-05-27,HIGHAUS-23MAY27-T91,HIGHAUS-23MAY27,Above 91F,91.0,91.0,,above,greater,0.15,0,87.08000000000001,no,0,180,0.0,0.04
2023-05-28,HIGHAUS-23MAY28-T82,HIGHAUS-23MAY28,Below 82F,82.0,,82.0,below,less,0.0,0,84.91999999999999,no,0,0,0.0,0.01
2023-05-28,HIGHAUS-23MAY28-B82.5,HIGHAUS-23MAY28,82-84F,82.0,82.0,84.0,between,between,0.14,0,84.91999999999999,no,0,11,0.0,0.01
2023-05-28,HIGHAUS-23MAY28-B84.5,HIGHAUS-23MAY28,84-86F,84.0,84.0,86.0,between,between,0.29,1,84.91999999999999,yes,100,6,0.0,1.0
2023-05-28,HIGHAUS-23MAY28-B86.5,HIGHAUS-23MAY28,86-88F,86.0,86.0,88.0,between,between,0.31,0,84.91999999999999,no,0,15,0.0,1.0
2023-05-28,HIGHAUS-23MAY28-B88.5,HIGHAUS-23MAY28,88-90F,88.0,88.0,90.0,between,between,0.28,0,84.91999999999999,no,0,271,0.0,0.19
2023-05-28,HIGHAUS-23MAY28-T89,HIGHAUS-23MAY28,Above 89F,89.0,89.0,,above,greater,0.07,0,84.91999999999999,no,0,202,0.0,0.11
2023-05-29,HIGHAUS-23MAY29-T78,HIGHAUS-23MAY29,Below 78F,78.0,,78.0,below,less,0.01,0,86.0,no,0,16,0.0,0.08
2023-05-29,HIGHAUS-23MAY29-B78.5,HIGHAUS-23MAY29,78-80F,78.0,78.0,80.0,between,between,0.0,0,86.0,no,0,0,0.0,0.08
2023-05-29,HIGHAUS-23MAY29-B80.5,HIGHAUS-23MAY29,80-82F,80.0,80.0,82.0,between,between,0.0,0,86.0,no,0,0,0.0,0.03
2023-05-29,HIGHAUS-23MAY29-B82.5,HIGHAUS-23MAY29,82-84F,82.0,82.0,84.0,between,between,0.14,0,86.0,no,0,227,0.0,0.03
2023-05-29,HIGHAUS-23MAY29-B84.5,HIGHAUS-23MAY29,84-86F,84.0,84.0,86.0,between,between,0.28,0,86.0,no,0,425,0.0,0.03
2023-05-29,HIGHAUS-23MAY29-T85,HIGHAUS-23MAY29,Above 85F,85.0,85.0,,above,greater,0.65,1,86.0,yes,100,384,0.97,1.0
2023-05-30,HIGHAUS-23MAY30-T85,HIGHAUS-23MAY30,Below 85F,85.0,,85.0,below,less,0.05,0,89.06,no,0,7,0.0,0.01
2023-05-30,HIGHAUS-23MAY30-B85.5,HIGHAUS-23MAY30,85-87F,85.0,85.0,87.0,between,between,0.1,0,89.06,no,0,8,0.0,0.01
2023-05-30,HIGHAUS-23MAY30-B87.5,HIGHAUS-23MAY30,87-89F,87.0,87.0,89.0,between,between,0.34,0,89.06,no,0,133,0.0,0.18
2023-05-30,HIGHAUS-23MAY30-B89.5,HIGHAUS-23MAY30,89-91F,89.0,89.0,91.0,between,between,0.12,1,89.06,yes,100,112,0.54,1.0
2023-05-30,HIGHAUS-23MAY30-B91.5,HIGHAUS-23MAY30,91-93F,91.0,91.0,93.0,between,between,0.05,0,89.06,no,0,498,0.0,1.0
2023-05-30,HIGHAUS-23MAY30-T92,HIGHAUS-23MAY30,Above 92F,92.0,92.0,,above,greater,0.1,0,89.06,no,0,369,0.0,0.1
2023-05-31,HIGHAUS-23MAY31-T85,HIGHAUS-23MAY31,Below 85F,85.0,,85.0,below,less,0.0,0,89.06,no,0,0,0.0,0.01
2023-05-31,HIGHAUS-23MAY31-B85.5,HIGHAUS-23MAY31,85-87F,85.0,85.0,87.0,between,between,0.0,0,89.06,no,0,0,0.0,0.08
2023-05-31,HIGHAUS-23MAY31-B87.5,HIGHAUS-23MAY31,87-89F,87.0,87.0,89.0,between,between,0.01,0,89.06,no,0,256,0.0,0.12
2023-05-31,HIGHAUS-23MAY31-B89.5,HIGHAUS-23MAY31,89-91F,89.0,89.0,91.0,between,between,0.99,1,89.06,yes,100,444,0.52,1.0
2023-05-31,HIGHAUS-23MAY31-B91.5,HIGHAUS-23MAY31,91-93F,91.0,91.0,93.0,between,between,0.01,0,89.06,no,0,450,0.0,1.0
2023-05-31,HIGHAUS-23MAY31-T92,HIGHAUS-23MAY31,Above 92F,92.0,92.0,,above,greater,0.07,0,89.06,no,0,402,0.0,1.0
2023-06-01,HIGHAUS-23JUN01-T85,HIGHAUS-23JUN01,Below 85F,85.0,,85.0,below,less,0.0,0,91.04,no,0,0,0.0,0.01
2023-06-01,HIGHAUS-23JUN01-B85.5,HIGHAUS-23JUN01,85-87F,85.0,85.0,87.0,between,between,0.0,0,91.04,no,0,0,0.0,0.01
2023-06-01,HIGHAUS-23JUN01-B87.5,HIGHAUS-23JUN01,87-89F,87.0,87.0,89.0,between,between,0.03,0,91.04,no,0,945,0.0,0.03
2023-06-01,HIGHAUS-23JUN01-B89.5,HIGHAUS-23JUN01,89-91F,89.0,89.0,91.0,between,between,0.02,0,91.04,no,0,6612,0.0,0.01
2023-06-01,HIGHAUS-23JUN01-B91.5,HIGHAUS-23JUN01,91-93F,91.0,91.0,93.0,between,between,0.99,1,91.04,yes,100,2034,0.99,1.0
2023-06-01,HIGHAUS-23JUN01-T92,HIGHAUS-23JUN01,Above 92F,92.0,92.0,,above,greater,0.15,0,91.04,no,0,1644,0.0,0.03
2023-06-02,HIGHAUS-23JUN02-B86.5,HIGHAUS-23JUN02,86-88F,86.0,86.0,88.0,between,between,0.0,0,89.06,no,0,0,0.0,0.01
2023-06-02,HIGHAUS-23JUN02-T86,HIGHAUS-23JUN02,Below 86F,86.0,,86.0,below,less,0.0,0,89.06,no,0,0,0.0,0.01
2023-06-02,HIGHAUS-23JUN02-B88.5,HIGHAUS-23JUN02,88-90F,88.0,88.0,90.0,between,between,0.95,1,89.06,yes,100,519,0.91,1.0
2023-06-02,HIGHAUS-23JUN02-B90.5,HIGHAUS-23JUN02,90-92F,90.0,90.0,92.0,between,between,0.05,0,89.06,no,0,1171,0.0,0.09
2023-06-02,HIGHAUS-23JUN02-B92.5,HIGHAUS-23JUN02,92-94F,92.0,92.0,94.0,between,between,0.01,0,89.06,no,0,593,0.0,0.03
2023-06-02,HIGHAUS-23JUN02-T93,HIGHAUS-23JUN02,Above 93F,93.0,93.0,,above,greater,0.01,0,89.06,no,0,531,0.0,0.03
2023-06-03,HIGHAUS-23JUN03-T87,HIGHAUS-23JUN03,Below 87F,87.0,,87.0,below,less,0.0,0,91.04,no,0,0,0.0,0.01
2023-06-03,HIGHAUS-23JUN03-B87.5,HIGHAUS-23JUN03,87-89F,87.0,87.0,89.0,between,between,0.01,0,91.04,no,0,131,0.0,0.03
2023-06-03,HIGHAUS-23JUN03-B89.5,HIGHAUS-23JUN03,89-91F,89.0,89.0,91.0,between,between,0.15,0,91.04,no,0,781,0.0,0.03
2023-06-03,HIGHAUS-23JUN03-B91.5,HIGHAUS-23JUN03,91-93F,91.0,91.0,93.0,between,between,0.99,1,91.04,yes,100,722,0.03,1.0
2023-06-03,HIGHAUS-23JUN03-B93.5,HIGHAUS-23JUN03,93-95F,93.0,93.0,95.0,between,between,0.12,0,91.04,no,0,549,0.0,0.99
2023-06-03,HIGHAUS-23JUN03-T94,HIGHAUS-23JUN03,Above 94F,94.0,94.0,,above,greater,0.03,0,91.04,no,0,407,0.0,0.07
2023-06-04,HIGHAUS-23JUN04-B86.5,HIGHAUS-23JUN04,86-88F,86.0,86.0,88.0,between,between,0.01,0,82.04,no,0,1090,0.0,0.49
2023-06-04,HIGHAUS-23JUN04-T86,HIGHAUS-23JUN04,Below 86F,86.0,,86.0,below,less,0.99,1,82.04,yes,100,1618,0.23,1.0
2023-06-04,HIGHAUS-23JUN04-B88.5,HIGHAUS-23JUN04,88-90F,88.0,88.0,90.0,between,between,0.01,0,82.04,no,0,198,0.0,0.97
2023-06-04,HIGHAUS-23JUN04-B90.5,HIGHAUS-23JUN04,90-92F,90.0,90.0,92.0,between,between,0.05,0,82.04,no,0,197,0.0,0.99
2023-06-04,HIGHAUS-23JUN04-B92.5,HIGHAUS-23JUN04,92-94F,92.0,92.0,94.0,between,between,0.07,0,82.04,no,0,3,0.0,0.99
2023-06-04,HIGHAUS-23JUN04-T93,HIGHAUS-23JUN04,Above 93F,93.0,93.0,,above,greater,0.05,0,82.04,no,0,63,0.0,0.97
2023-06-05,HIGHAUS-23JUN05-T81,HIGHAUS-23JUN05,Below 81F,81.0,,81.0,below,less,0.06,0,87.08000000000001,no,0,15,0.0,0.01
2023-06-05,HIGHAUS-23JUN05-B81.5,HIGHAUS-23JUN05,81-83F,81.0,81.0,83.0,between,between,0.09,0,87.08000000000001,no,0,1167,0.0,0.01
2023-06-05,HIGHAUS-23JUN05-B83.5,HIGHAUS-23JUN05,83-85F,83.0,83.0,85.0,between,between,0.12,0,87.08000000000001,no,0,1274,0.0,0.01
2023-06-05,HIGHAUS-23JUN05-B85.5,HIGHAUS-23JUN05,85-87F,85.0,85.0,87.0,between,between,0.18,0,87.08000000000001,no,0,620,0.0,0.03
2023-06-05,HIGHAUS-23JUN05-B87.5,HIGHAUS-23JUN05,87-89F,87.0,87.0,89.0,between,between,0.09,1,87.08000000000001,yes,100,780,0.88,1.0
2023-06-05,HIGHAUS-23JUN05-T88,HIGHAUS-23JUN05,Above 88F,88.0,88.0,,above,greater,0.03,0,87.08000000000001,no,0,520,0.0,0.1
2023-06-06,HIGHAUS-23JUN06-B83.5,HIGHAUS-23JUN06,83-85F,83.0,83.0,85.0,between,between,0.01,0,87.98,no,0,582,0.0,0.01
2023-06-06,HIGHAUS-23JUN06-T83,HIGHAUS-23JUN06,Below 83F,83.0,,83.0,below,less,0.01,0,87.98,no,0,100,0.0,0.01
2023-06-06,HIGHAUS-23JUN06-B85.5,HIGHAUS-23JUN06,85-87F,85.0,85.0,87.0,between,between,0.01,0,87.98,no,0,1869,0.0,0.01
2023-06-06,HIGHAUS-23JUN06-B87.5,HIGHAUS-23JUN06,87-89F,87.0,87.0,89.0,between,between,0.99,1,87.98,yes,100,639,0.51,0.99
2023-06-06,HIGHAUS-23JUN06-B89.5,HIGHAUS-23JUN06,89-91F,89.0,89.0,91.0,between,between,0.03,0,87.98,no,0,1230,0.01,1.0
2023-06-06,HIGHAUS-23JUN06-T90,HIGHAUS-23JUN06,Above 90F,90.0,90.0,,above,greater,0.06,0,87.98,no,0,255,0.0,1.0
2023-06-07,HIGHAUS-23JUN07-T86,HIGHAUS-23JUN07,Below 86F,86.0,,86.0,below,less,0.04,0,89.06,no,0,90,0.0,0.01
2023-06-07,HIGHAUS-23JUN07-B86.5,HIGHAUS-23JUN07,86-88F,86.0,86.0,88.0,between,between,0.06,0,89.06,no,0,208,0.0,0.01
2023-06-07,HIGHAUS-23JUN07-B88.5,HIGHAUS-23JUN07,88-90F,88.0,88.0,90.0,between,between,0.3,1,89.06,yes,100,286,0.99,1.0
2023-06-07,HIGHAUS-23JUN07-B90.5,HIGHAUS-23JUN07,90-92F,90.0,90.0,92.0,between,between,0.55,0,89.06,no,0,207,0.0,0.99
2023-06-07,HIGHAUS-23JUN07-B92.5,HIGHAUS-23JUN07,92-94F,92.0,92.0,94.0,between,between,0.24,0,89.06,no,0,220,0.0,0.01
2023-06-07,HIGHAUS-23JUN07-T93,HIGHAUS-23JUN07,Above 93F,93.0,93.0,,above,greater,0.09,0,89.06,no,0,103,0.0,0.23
2023-06-08,HIGHAUS-23JUN08-B88.5,HIGHAUS-23JUN08,88-90F,88.0,88.0,90.0,between,between,0.25,1,89.0,yes,100,728,0.75,1.0
2023-06-08,HIGHAUS-23JUN08-T88,HIGHAUS-23JUN08,Below 88F,88.0,,88.0,below,less,0.04,0,89.0,no,0,3,0.0,0.01
2023-06-08,HIGHAUS-23JUN08-B90.5,HIGHAUS-23JUN08,90-92F,90.0,90.0,92.0,between,between,0.35,0,89.0,no,0,135,0.01,0.99
2023-06-08,HIGHAUS-23JUN08-B92.5,HIGHAUS-23JUN08,92-94F,92.0,92.0,94.0,between,between,0.26,0,89.0,no,0,339,0.0,0.98
2023-06-08,HIGHAUS-23JUN08-B94.5,HIGHAUS-23JUN08,94-96F,94.0,94.0,96.0,between,between,0.05,0,89.0,no,0,469,0.0,0.25
2023-06-08,HIGHAUS-23JUN08-T95,HIGHAUS-23JUN08,Above 95F,95.0,95.0,,above,greater,0.03,0,89.0,no,0,1,0.0,0.03
2023-06-09,HIGHAUS-23JUN09-T92,HIGHAUS-23JUN09,Below 92F,92.0,,92.0,below,less,0.0,0,96.98,no,0,0,0.0,0.01
2023-06-09,HIGHAUS-23JUN09-B92.5,HIGHAUS-23JUN09,92-94F,92.0,92.0,94.0,between,between,0.05,0,96.98,no,0,2,0.0,0.01
2023-06-09,HIGHAUS-23JUN09-B94.5,HIGHAUS-23JUN09,94-96F,94.0,94.0,96.0,between,between,0.03,0,96.98,no,0,410,0.0,0.01
2023-06-09,HIGHAUS-23JUN09-B96.5,HIGHAUS-23JUN09,96-98F,96.0,96.0,98.0,between,between,0.03,1,96.98,yes,100,359,0.97,1.0
2023-06-09,HIGHAUS-23JUN09-B98.5,HIGHAUS-23JUN09,98-100F,98.0,98.0,100.0,between,between,0.29,0,96.98,no,0,156,0.0,0.03
2023-06-09,HIGHAUS-23JUN09-T99,HIGHAUS-23JUN09,Above 99F,99.0,99.0,,above,greater,0.04,0,96.98,no,0,567,0.0,0.01
2023-06-10,HIGHAUS-23JUN10-B92.5,HIGHAUS-23JUN10,92-94F,92.0,92.0,94.0,between,between,0.05,0,95.0,no,0,452,0.0,0.03
2023-06-10,HIGHAUS-23JUN10-T92,HIGHAUS-23JUN10,Below 92F,92.0,,92.0,below,less,0.03,0,95.0,no,0,10,0.0,0.03
2023-06-10,HIGHAUS-23JUN10-B94.5,HIGHAUS-23JUN10,94-96F,94.0,94.0,96.0,between,between,0.99,1,95.0,yes,100,1056,0.97,1.0
2023-06-10,HIGHAUS-23JUN10-B96.5,HIGHAUS-23JUN10,96-98F,96.0,96.0,98.0,between,between,0.05,0,95.0,no,0,146,0.0,0.03
2023-06-10,HIGHAUS-23JUN10-B98.5,HIGHAUS-23JUN10,98-100F,98.0,98.0,100.0,between,between,0.01,0,95.0,no,0,422,0.0,0.89
2023-06-10,HIGHAUS-23JUN10-T99,HIGHAUS-23JUN10,Above 99F,99.0,99.0,,above,greater,0.03,0,95.0,no,0,66,0.0,0.99
2023-06-11,HIGHAUS-23JUN11-B96.5,HIGHAUS-23JUN11,96-98F,96.0,96.0,98.0,between,between,0.97,1,96.0,yes,100,1985,0.97,1.0
2023-06-11,HIGHAUS-23JUN11-T96,HIGHAUS-23JUN11,Below 96F,96.0,,96.0,below,less,0.03,0,96.0,no,0,1513,0.0,0.03
2023-06-11,HIGHAUS-23JUN11-B98.5,HIGHAUS-23JUN11,98-100F,98.0,98.0,100.0,between,between,0.02,0,96.0,no,0,861,0.0,0.03
2023-06-11,HIGHAUS-23JUN11-B100.5,HIGHAUS-23JUN11,100-102F,100.0,100.0,102.0,between,between,0.15,0,96.0,no,0,721,0.0,0.01
2023-06-11,HIGHAUS-23JUN11-B102.5,HIGHAUS-23JUN11,102-104F,102.0,102.0,104.0,between,between,0.01,0,96.0,no,0,873,0.0,0.03
2023-06-11,HIGHAUS-23JUN11-T103,HIGHAUS-23JUN11,Above 103F,103.0,103.0,,above,greater,0.03,0,96.0,no,0,150,0.0,0.03
2023-06-12,HIGHAUS-23JUN12-B94.5,HIGHAUS-23JUN12,94-96F,94.0,94.0,96.0,between,between,0.97,1,95.0,yes,100,1147,0.97,1.0
2023-06-12,HIGHAUS-23JUN12-T94,HIGHAUS-23JUN12,Below 94F,94.0,,94.0,below,less,0.01,0,95.0,no,0,311,0.0,0.01
2023-06-12,HIGHAUS-23JUN12-B96.5,HIGHAUS-23JUN12,96-98F,96.0,96.0,98.0,between,between,0.01,0,95.0,no,0,897,0.0,0.03
2023-06-12,HIGHAUS-23JUN12-B98.5,HIGHAUS-23JUN12,98-100F,98.0,98.0,100.0,between,between,0.01,0,95.0,no,0,1028,0.0,0.01
2023-06-12,HIGHAUS-23JUN12-B100.5,HIGHAUS-23JUN12,100-102F,100.0,100.0,102.0,between,between,0.03,0,95.0,no,0,289,0.0,0.01
2023-06-12,HIGHAUS-23JUN12-T101,HIGHAUS-23JUN12,Above 101F,101.0,101.0,,above,greater,0.08,0,95.0,no,0,280,0.0,0.01
2023-06-13,HIGHAUS-23JUN13-B95.5,HIGHAUS-23JUN13,95-97F,95.0,95.0,97.0,between,between,0.05,0,93.92,no,0,481,0.0,0.19
2023-06-13,HIGHAUS-23JUN13-T95,HIGHAUS-23JUN13,Below 95F,95.0,,95.0,below,less,0.99,1,93.92,yes,100,1672,0.81,1.0
2023-06-13,HIGHAUS-23JUN13-B97.5,HIGHAUS-23JUN13,97-99F,97.0,97.0,99.0,between,between,0.04,0,93.92,no,0,462,0.0,0.01
2023-06-13,HIGHAUS-23JUN13-B99.5,HIGHAUS-23JUN13,99-101F,99.0,99.0,101.0,between,between,0.03,0,93.92,no,0,488,0.0,0.01
2023-06-13,HIGHAUS-23JUN13-B101.5,HIGHAUS-23JUN13,101-103F,101.0,101.0,103.0,between,between,0.07,0,93.92,no,0,13,0.0,0.01
2023-06-13,HIGHAUS-23JUN13-T102,HIGHAUS-23JUN13,Above 102F,102.0,102.0,,above,greater,0.1,0,93.92,no,0,14,0.0,0.08
2023-06-14,HIGHAUS-23JUN14-B95.5,HIGHAUS-23JUN14,95-97F,95.0,95.0,97.0,between,between,0.01,0,93.92,no,0,1026,0.0,0.02
2023-06-14,HIGHAUS-23JUN14-T95,HIGHAUS-23JUN14,Below 95F,95.0,,95.0,below,less,0.99,1,93.92,yes,100,1185,0.98,1.0
2023-06-14,HIGHAUS-23JUN14-B97.5,HIGHAUS-23JUN14,97-99F,97.0,97.0,99.0,between,between,0.05,0,93.92,no,0,731,0.0,0.01
2023-06-14,HIGHAUS-23JUN14-B99.5,HIGHAUS-23JUN14,99-101F,99.0,99.0,101.0,between,between,0.02,0,93.92,no,0,272,0.0,0.01
2023-06-14,HIGHAUS-23JUN14-B101.5,HIGHAUS-23JUN14,101-103F,101.0,101.0,103.0,between,between,0.05,0,93.92,no,0,182,0.0,0.01
2023-06-14,HIGHAUS-23JUN14-T102,HIGHAUS-23JUN14,Above 102F,102.0,102.0,,above,greater,0.0,0,93.92,no,0,0,0.0,0.01
2023-06-15,HIGHAUS-23JUN15-T95,HIGHAUS-23JUN15,Below 95F,95.0,,95.0,below,less,0.01,0,98.06,no,0,12,0.0,0.01
2023-06-15,HIGHAUS-23JUN15-B95.5,HIGHAUS-23JUN15,95-97F,95.0,95.0,97.0,between,between,0.23,0,98.06,no,0,646,0.0,0.01
2023-06-15,HIGHAUS-23JUN15-B97.5,HIGHAUS-23JUN15,97-99F,97.0,97.0,99.0,between,between,0.65,1,98.06,yes,100,445,0.91,1.0
2023-06-15,HIGHAUS-23JUN15-B99.5,HIGHAUS-23JUN15,99-101F,99.0,99.0,101.0,between,between,0.12,0,98.06,no,0,448,0.0,0.09
2023-06-15,HIGHAUS-23JUN15-B101.5,HIGHAUS-23JUN15,101-103F,101.0,101.0,103.0,between,between,0.01,0,98.06,no,0,50,0.0,0.01
2023-06-15,HIGHAUS-23JUN15-T102,HIGHAUS-23JUN15,Above 102F,102.0,102.0,,above,greater,0.05,0,98.06,no,0,2,0.0,0.01
2023-06-16,HIGHAUS-23JUN16-T99,HIGHAUS-23JUN16,Below 99F,99.0,,99.0,below,less,0.01,0,100.04,no,0,1105,0.0,0.01
2023-06-16,HIGHAUS-23JUN16-B99.5,HIGHAUS-23JUN16,99-101F,99.0,99.0,101.0,between,between,0.54,1,100.04,yes,100,544,0.9,1.0
2023-06-16,HIGHAUS-23JUN16-B101.5,HIGHAUS-23JUN16,101-103F,101.0,101.0,103.0,between,between,0.34,0,100.04,no,0,124,0.0,0.1
2023-06-16,HIGHAUS-23JUN16-B103.5,HIGHAUS-23JUN16,103-105F,103.0,103.0,105.0,between,between,0.2,0,100.04,no,0,216,0.0,0.99
2023-06-16,HIGHAUS-23JUN16-B105.5,HIGHAUS-23JUN16,105-107F,105.0,105.0,107.0,between,between,0.09,0,100.04,no,0,130,0.0,0.08
2023-06-16,HIGHAUS-23JUN16-T106,HIGHAUS-23JUN16,Above 106F,106.0,106.0,,above,greater,0.0,0,100.04,no,0,0,0.0,0.05
2023-06-17,HIGHAUS-23JUN17-T98,HIGHAUS-23JUN17,Below 98F,98.0,,98.0,below,less,0.99,1,95.0,yes,100,971,0.5,1.0
2023-06-17,HIGHAUS-23JUN17-B98.5,HIGHAUS-23JUN17,98-100F,98.0,98.0,100.0,between,between,0.25,0,95.0,no,0,240,0.0,0.97
2023-06-17,HIGHAUS-23JUN17-B100.5,HIGHAUS-23JUN17,100-102F,100.0,100.0,102.0,between,between,0.15,0,95.0,no,0,46,0.0,0.99
2023-06-17,HIGHAUS-23JUN17-B102.5,HIGHAUS-23JUN17,102-104F,102.0,102.0,104.0,between,between,0.17,0,95.0,no,0,5,0.0,0.96
2023-06-17,HIGHAUS-23JUN17-B104.5,HIGHAUS-23JUN17,104-106F,104.0,104.0,106.0,between,between,0.0,0,95.0,no,0,0,0.0,0.03
2023-06-17,HIGHAUS-23JUN17-T105,HIGHAUS-23JUN17,Above 105F,105.0,105.0,,above,greater,0.17,0,95.0,no,0,17,0.0,0.01
2023-06-18,HIGHAUS-23JUN18-B98.5,HIGHAUS-23JUN18,98-100F,98.0,98.0,100.0,between,between,0.03,0,102.02,no,0,918,0.0,0.01
2023-06-18,HIGHAUS-23JUN18-T98,HIGHAUS-23JUN18,Below 98F,98.0,,98.0,below,less,0.03,0,102.02,no,0,8,0.0,0.01
2023-06-18,HIGHAUS-23JUN18-B100.5,HIGHAUS-23JUN18,100-102F,100.0,100.0,102.0,between,between,0.38,0,102.02,no,0,346,0.0,0.01
2023-06-18,HIGHAUS-23JUN18-B102.5,HIGHAUS-23JUN18,102-104F,102.0,102.0,104.0,between,between,0.93,1,102.02,yes,100,1493,0.04,1.0
2023-06-18,HIGHAUS-23JUN18-B104.5,HIGHAUS-23JUN18,104-106F,104.0,104.0,106.0,between,between,0.07,0,102.02,no,0,90,0.0,0.96
2023-06-18,HIGHAUS-23JUN18-T105,HIGHAUS-23JUN18,Above 105F,105.0,105.0,,above,greater,0.08,0,102.02,no,0,10,0.0,0.19
2023-06-19,HIGHAUS-23JUN19-B99.5,HIGHAUS-23JUN19,99-101F,99.0,99.0,101.0,between,between,0.01,0,100.94,no,0,1044,0.0,0.01
2023-06-19,HIGHAUS-23JUN19-T99,HIGHAUS-23JUN19,Below 99F,99.0,,99.0,below,less,0.09,0,100.94,no,0,140,0.0,0.01
2023-06-19,HIGHAUS-23JUN19-B101.5,HIGHAUS-23JUN19,101-103F,101.0,101.0,103.0,between,between,0.99,1,100.94,yes,100,510,0.97,1.0
2023-06-19,HIGHAUS-23JUN19-B103.5,HIGHAUS-23JUN19,103-105F,103.0,103.0,105.0,between,between,0.01,0,100.94,no,0,989,0.0,0.03
2023-06-19,HIGHAUS-23JUN19-B105.5,HIGHAUS-23JUN19,105-107F,105.0,105.0,107.0,between,between,0.04,0,100.94,no,0,267,0.0,0.01
2023-06-19,HIGHAUS-23JUN19-T106,HIGHAUS-23JUN19,Above 106F,106.0,106.0,,above,greater,0.08,0,100.94,no,0,10,0.0,0.01
2023-06-20,HIGHAUS-23JUN20-T101,HIGHAUS-23JUN20,Below 101F,101.0,,101.0,below,less,0.03,0,102.02,no,0,534,0.0,0.01
2023-06-20,HIGHAUS-23JUN20-B101.5,HIGHAUS-23JUN20,101-103F,101.0,101.0,103.0,between,between,0.68,1,102.02,yes,100,495,0.99,1.0
2023-06-20,HIGHAUS-23JUN20-B103.5,HIGHAUS-23JUN20,103-105F,103.0,103.0,105.0,between,between,0.18,0,102.02,no,0,633,0.0,0.01
2023-06-20,HIGHAUS-23JUN20-B105.5,HIGHAUS-23JUN20,105-107F,105.0,105.0,107.0,between,between,0.1,0,102.02,no,0,1361,0.0,0.02
2023-06-20,HIGHAUS-23JUN20-B107.5,HIGHAUS-23JUN20,107-109F,107.0,107.0,109.0,between,between,0.0,0,102.02,no,0,0,0.0,0.01
2023-06-20,HIGHAUS-23JUN20-T108,HIGHAUS-23JUN20,Above 108F,108.0,108.0,,above,greater,0.0,0,102.02,no,0,0,0.0,0.01
2023-06-21,HIGHAUS-23JUN21-B96.5,HIGHAUS-23JUN21,96-98F,96.0,96.0,98.0,between,between,0.09,0,102.02,no,0,22,0.0,0.01
2023-06-21,HIGHAUS-23JUN21-T96,HIGHAUS-23JUN21,Below 96F,96.0,,96.0,below,less,0.0,0,102.02,no,0,0,0.0,0.01
2023-06-21,HIGHAUS-23JUN21-B98.5,HIGHAUS-23JUN21,98-100F,98.0,98.0,100.0,between,between,0.08,0,102.02,no,0,420,0.0,0.01
2023-06-21,HIGHAUS-23JUN21-B100.5,HIGHAUS-23JUN21,100-102F,100.0,100.0,102.0,between,between,0.16,0,102.02,no,0,715,0.0,0.01
2023-06-21,HIGHAUS-23JUN21-B102.5,HIGHAUS-23JUN21,102-104F,102.0,102.0,104.0,between,between,0.29,1,102.02,yes,100,1052,0.91,1.0
2023-06-21,HIGHAUS-23JUN21-T103,HIGHAUS-23JUN21,Above 103F,103.0,103.0,,above,greater,0.06,0,102.02,no,0,143,0.0,0.09
2023-06-22,HIGHAUS-23JUN22-T95,HIGHAUS-23JUN22,Below 95F,95.0,,95.0,below,less,0.22,1,92.0,yes,100,1295,0.51,1.0
2023-06-22,HIGHAUS-23JUN22-B95.5,HIGHAUS-23JUN22,95-97F,95.0,95.0,97.0,between,between,0.15,0,92.0,no,0,595,0.0,0.49
2023-06-22,HIGHAUS-23JUN22-B97.5,HIGHAUS-23JUN22,97-99F,97.0,97.0,99.0,between,between,0.3,0,92.0,no,0,1163,0.0,0.99
2023-06-22,HIGHAUS-23JUN22-B99.5,HIGHAUS-23JUN22,99-101F,99.0,99.0,101.0,between,between,0.04,0,92.0,no,0,160,0.0,0.98
2023-06-22,HIGHAUS-23JUN22-B101.5,HIGHAUS-23JUN22,101-103F,101.0,101.0,103.0,between,between,0.0,0,92.0,no,0,0,0.0,0.03
2023-06-22,HIGHAUS-23JUN22-T102,HIGHAUS-23JUN22,Above 102F,102.0,102.0,,above,greater,0.0,0,92.0,no,0,0,0.0,0.01
2023-06-23,HIGHAUS-23JUN23-B95.5,HIGHAUS-23JUN23,95-97F,95.0,95.0,97.0,between,between,0.36,1,95.0,yes,100,389,0.91,1.0
2023-06-23,HIGHAUS-23JUN23-T95,HIGHAUS-23JUN23,Below 95F,95.0,,95.0,below,less,0.06,0,95.0,no,0,35,0.0,0.01
2023-06-23,HIGHAUS-23JUN23-B97.5,HIGHAUS-23JUN23,97-99F,97.0,97.0,99.0,between,between,0.41,0,95.0,no,0,99,0.0,0.09
2023-06-23,HIGHAUS-23JUN23-B99.5,HIGHAUS-23JUN23,99-101F,99.0,99.0,101.0,between,between,0.01,0,95.0,no,0,606,0.0,0.11
2023-06-23,HIGHAUS-23JUN23-B101.5,HIGHAUS-23JUN23,101-103F,101.0,101.0,103.0,between,between,0.0,0,95.0,no,0,0,0.0,0.06
2023-06-23,HIGHAUS-23JUN23-T102,HIGHAUS-23JUN23,Above 102F,102.0,102.0,,above,greater,0.0,0,95.0,no,0,0,0.0,0.02
2023-06-24,HIGHAUS-23JUN24-B94.5,HIGHAUS-23JUN24,94-96F,94.0,94.0,96.0,between,between,0.06,0,98.06,no,0,120,0.0,0.01
2023-06-24,HIGHAUS-23JUN24-T94,HIGHAUS-23JUN24,Below 94F,94.0,,94.0,below,less,0.0,0,98.06,no,0,0,0.0,0.01
2023-06-24,HIGHAUS-23JUN24-B96.5,HIGHAUS-23JUN24,96-98F,96.0,96.0,98.0,between,between,0.02,0,98.06,no,0,694,0.0,0.03
2023-06-24,HIGHAUS-23JUN24-B98.5,HIGHAUS-23JUN24,98-100F,98.0,98.0,100.0,between,between,0.49,1,98.06,yes,100,331,0.0,1.0
2023-06-24,HIGHAUS-23JUN24-B100.5,HIGHAUS-23JUN24,100-102F,100.0,100.0,102.0,between,between,0.11,0,98.06,no,0,553,0.0,0.12
2023-06-24,HIGHAUS-23JUN24-T101,HIGHAUS-23JUN24,Above 101F,101.0,101.0,,above,greater,0.17,0,98.06,no,0,123,0.0,0.06
2023-06-25,HIGHAUS-23JUN25-B97.5,HIGHAUS-23JUN25,97-99F,97.0,97.0,99.0,between,between,0.13,1,98.0,yes,100,297,0.1,1.0
2023-06-25,HIGHAUS-23JUN25-T97,HIGHAUS-23JUN25,Below 97F,97.0,,97.0,below,less,0.0,0,98.0,no,0,0,0.0,0.01
2023-06-25,HIGHAUS-23JUN25-B99.5,HIGHAUS-23JUN25,99-101F,99.0,99.0,101.0,between,between,0.59,0,98.0,no,0,270,0.0,0.99
2023-06-25,HIGHAUS-23JUN25-B101.5,HIGHAUS-23JUN25,101-103F,101.0,101.0,103.0,between,between,0.21,0,98.0,no,0,554,0.0,0.21
2023-06-25,HIGHAUS-23JUN25-B103.5,HIGHAUS-23JUN25,103-105F,103.0,103.0,105.0,between,between,0.12,0,98.0,no,0,1,0.0,0.12
2023-06-25,HIGHAUS-23JUN25-T104,HIGHAUS-23JUN25,Above 104F,104.0,104.0,,above,greater,0.0,0,98.0,no,0,0,0.0,0.07
2023-06-26,HIGHAUS-23JUN26-B97.5,HIGHAUS-23JUN26,97-99F,97.0,97.0,99.0,between,between,0.18,0,98.96,no,0,5,0.0,0.01
2023-06-26,HIGHAUS-23JUN26-T97,HIGHAUS-23JUN26,Below 97F,97.0,,97.0,below,less,0.0,0,98.96,no,0,0,0.0,0.01
2023-06-26,HIGHAUS-23JUN26-B99.5,HIGHAUS-23JUN26,99-101F,99.0,99.0,101.0,between,between,0.81,1,98.96,yes,100,569,0.97,1.0
2023-06-26,HIGHAUS-23JUN26-B101.5,HIGHAUS-23JUN26,101-103F,101.0,101.0,103.0,between,between,0.19,0,98.96,no,0,609,0.0,0.03
2023-06-26,HIGHAUS-23JUN26-B103.5,HIGHAUS-23JUN26,103-105F,103.0,103.0,105.0,between,between,0.08,0,98.96,no,0,421,0.0,0.03
2023-06-26,HIGHAUS-23JUN26-T104,HIGHAUS-23JUN26,Above 104F,104.0,104.0,,above,greater,0.03,0,98.96,no,0,52,0.0,0.02
2023-06-27,HIGHAUS-23JUN27-B98.5,HIGHAUS-23JUN27,98-100F,98.0,98.0,100.0,between,between,0.1,1,99.0,yes,100,606,0.97,1.0
2023-06-27,HIGHAUS-23JUN27-T98,HIGHAUS-23JUN27,Below 98F,98.0,,98.0,below,less,0.06,0,99.0,no,0,15,0.0,0.01
2023-06-27,HIGHAUS-23JUN27-B100.5,HIGHAUS-23JUN27,100-102F,100.0,100.0,102.0,between,between,0.21,0,99.0,no,0,425,0.0,0.03
2023-06-27,HIGHAUS-23JUN27-B102.5,HIGHAUS-23JUN27,102-104F,102.0,102.0,104.0,between,between,0.22,0,99.0,no,0,421,0.0,0.03
2023-06-27,HIGHAUS-23JUN27-B104.5,HIGHAUS-23JUN27,104-106F,104.0,104.0,106.0,between,between,0.01,0,99.0,no,0,191,0.0,0.03
2023-06-27,HIGHAUS-23JUN27-T105,HIGHAUS-23JUN27,Above 105F,105.0,105.0,,above,greater,0.0,0,99.0,no,0,0,0.0,0.06
2023-06-28,HIGHAUS-23JUN28-T97,HIGHAUS-23JUN28,Below 97F,97.0,,97.0,below,less,0.03,0,98.06,no,0,126,0.0,0.01
2023-06-28,HIGHAUS-23JUN28-B97.5,HIGHAUS-23JUN28,97-99F,97.0,97.0,99.0,between,between,0.2,1,98.06,yes,100,1296,0.97,1.0
2023-06-28,HIGHAUS-23JUN28-B99.5,HIGHAUS-23JUN28,99-101F,99.0,99.0,101.0,between,between,0.49,0,98.06,no,0,1049,0.0,0.03
2023-06-28,HIGHAUS-23JUN28-B101.5,HIGHAUS-23JUN28,101-103F,101.0,101.0,103.0,between,between,0.18,0,98.06,no,0,649,0.0,0.02
2023-06-28,HIGHAUS-23JUN28-B103.5,HIGHAUS-23JUN28,103-105F,103.0,103.0,105.0,between,between,0.08,0,98.06,no,0,563,0.0,0.02
2023-06-28,HIGHAUS-23JUN28-T104,HIGHAUS-23JUN28,Above 104F,104.0,104.0,,above,greater,0.07,0,98.06,no,0,15,0.0,0.02
2023-06-29,HIGHAUS-23JUN29-T96,HIGHAUS-23JUN29,Below 96F,96.0,,96.0,below,less,0.11,0,96.98,no,0,313,0.0,0.01
2023-06-29,HIGHAUS-23JUN29-B96.5,HIGHAUS-23JUN29,96-98F,96.0,96.0,98.0,between,between,0.4,1,96.98,yes,100,422,0.4,1.0
2023-06-29,HIGHAUS-23JUN29-B98.5,HIGHAUS-23JUN29,98-100F,98.0,98.0,100.0,between,between,0.33,0,96.98,no,0,11,0.0,0.99
2023-06-29,HIGHAUS-23JUN29-B100.5,HIGHAUS-23JUN29,100-102F,100.0,100.0,102.0,between,between,0.1,0,96.98,no,0,264,0.0,0.99
2023-06-29,HIGHAUS-23JUN29-B102.5,HIGHAUS-23JUN29,102-104F,102.0,102.0,104.0,between,between,0.0,0,96.98,no,0,0,0.0,0.11
2023-06-29,HIGHAUS-23JUN29-T103,HIGHAUS-23JUN29,Above 103F,103.0,103.0,,above,greater,0.0,0,96.98,no,0,0,0.0,0.07
2023-06-30,HIGHAUS-23JUN30-B95.5,HIGHAUS-23JUN30,95-97F,95.0,95.0,97.0,between,between,0.09,0,96.98,no,0,869,0.0,0.01
2023-06-30,HIGHAUS-23JUN30-T95,HIGHAUS-23JUN30,Below 95F,95.0,,95.0,below,less,0.06,0,96.98,no,0,227,0.0,0.01
2023-06-30,HIGHAUS-23JUN30-B97.5,HIGHAUS-23JUN30,97-99F,97.0,97.0,99.0,between,between,0.26,1,96.98,yes,100,15,0.97,1.0
2023-06-30,HIGHAUS-23JUN30-B99.5,HIGHAUS-23JUN30,99-101F,99.0,99.0,101.0,between,between,0.49,0,96.98,no,0,257,0.0,0.03
2023-06-30,HIGHAUS-23JUN30-B101.5,HIGHAUS-23JUN30,101-103F,101.0,101.0,103.0,between,between,0.0,0,96.98,no,0,0,0.0,0.05
2023-06-30,HIGHAUS-23JUN30-T102,HIGHAUS-23JUN30,Above 102F,102.0,102.0,,above,greater,0.0,0,96.98,no,0,0,0.0,0.03
2023-07-01,HIGHAUS-23JUL01-B94.5,HIGHAUS-23JUL01,94-96F,94.0,94.0,96.0,between,between,0.01,0,98.96,no,0,1216,0.0,0.01
2023-07-01,HIGHAUS-23JUL01-T94,HIGHAUS-23JUL01,Below 94F,94.0,,94.0,below,less,0.01,0,98.96,no,0,670,0.0,0.01
2023-07-01,HIGHAUS-23JUL01-B96.5,HIGHAUS-23JUL01,96-98F,96.0,96.0,98.0,between,between,0.15,0,98.96,no,0,640,0.0,0.01
2023-07-01,HIGHAUS-23JUL01-B98.5,HIGHAUS-23JUL01,98-100F,98.0,98.0,100.0,between,between,0.36,1,98.96,yes,100,780,0.97,1.0
2023-07-01,HIGHAUS-23JUL01-B100.5,HIGHAUS-23JUL01,100-102F,100.0,100.0,102.0,between,between,0.02,0,98.96,no,0,154,0.0,0.03
2023-07-01,HIGHAUS-23JUL01-T101,HIGHAUS-23JUL01,Above 101F,101.0,101.0,,above,greater,0.35,0,98.96,no,0,178,0.0,0.03
2023-07-02,HIGHAUS-23JUL02-B92.5,HIGHAUS-23JUL02,92-94F,92.0,92.0,94.0,between,between,0.09,0,95.0,no,0,396,0.0,0.01
2023-07-02,HIGHAUS-23JUL02-T92,HIGHAUS-23JUL02,Below 92F,92.0,,92.0,below,less,0.0,0,95.0,no,0,0,0.0,0.01
2023-07-02,HIGHAUS-23JUL02-B94.5,HIGHAUS-23JUL02,94-96F,94.0,94.0,96.0,between,between,0.32,1,95.0,yes,100,388,0.91,1.0
2023-07-02,HIGHAUS-23JUL02-B96.5,HIGHAUS-23JUL02,96-98F,96.0,96.0,98.0,between,between,0.44,0,95.0,no,0,643,0.0,0.09
2023-07-02,HIGHAUS-23JUL02-B98.5,HIGHAUS-23JUL02,98-100F,98.0,98.0,100.0,between,between,0.01,0,95.0,no,0,132,0.0,0.03
2023-07-02,HIGHAUS-23JUL02-T99,HIGHAUS-23JUL02,Above 99F,99.0,99.0,,above,greater,0.07,0,95.0,no,0,14,0.0,0.03
2023-07-03,HIGHAUS-23JUL03-B93.5,HIGHAUS-23JUL03,93-95F,93.0,93.0,95.0,between,between,0.37,0,96.08,no,0,246,0.0,0.01
2023-07-03,HIGHAUS-23JUL03-T93,HIGHAUS-23JUL03,Below 93F,93.0,,93.0,below,less,0.06,0,96.08,no,0,1125,0.0,0.01
2023-07-03,HIGHAUS-23JUL03-B95.5,HIGHAUS-23JUL03,95-97F,95.0,95.0,97.0,between,between,0.48,1,96.08,yes,100,1231,0.5,1.0
2023-07-03,HIGHAUS-23JUL03-B97.5,HIGHAUS-23JUL03,97-99F,97.0,97.0,99.0,between,between,0.15,0,96.08,no,0,404,0.0,0.99
2023-07-03,HIGHAUS-23JUL03-B99.5,HIGHAUS-23JUL03,99-101F,99.0,99.0,101.0,between,between,0.08,0,96.08,no,0,156,0.0,0.08
2023-07-03,HIGHAUS-23JUL03-T100,HIGHAUS-23JUL03,Above 100F,100.0,100.0,,above,greater,0.0,0,96.08,no,0,0,0.0,0.03
2023-07-04,HIGHAUS-23JUL04-B90.5,HIGHAUS-23JUL04,90-92F,90.0,90.0,92.0,between,between,0.09,0,93.92,no,0,278,0.0,0.01
2023-07-04,HIGHAUS-23JUL04-T90,HIGHAUS-23JUL04,Below 90F,90.0,,90.0,below,less,0.0,0,93.92,no,0,0,0.0,0.01
2023-07-04,HIGHAUS-23JUL04-B92.5,HIGHAUS-23JUL04,92-94F,92.0,92.0,94.0,between,between,0.01,0,93.92,no,0,774,0.0,0.01
2023-07-04,HIGHAUS-23JUL04-B94.5,HIGHAUS-23JUL04,94-96F,94.0,94.0,96.0,between,between,0.97,1,93.92,yes,100,319,0.98,1.0
2023-07-04,HIGHAUS-23JUL04-B96.5,HIGHAUS-23JUL04,96-98F,96.0,96.0,98.0,between,between,0.29,0,93.92,no,0,37,0.0,0.03
2023-07-04,HIGHAUS-23JUL04-T97,HIGHAUS-23JUL04,Above 97F,97.0,97.0,,above,greater,0.0,0,93.92,no,0,0,0.0,0.03
2023-07-05,HIGHAUS-23JUL05-B92.5,HIGHAUS-23JUL05,92-94F,92.0,92.0,94.0,between,between,0.03,0,95.0,no,0,1297,0.0,0.01
2023-07-05,HIGHAUS-23JUL05-T92,HIGHAUS-23JUL05,Below 92F,92.0,,92.0,below,less,0.07,0,95.0,no,0,602,0.0,0.01
2023-07-05,HIGHAUS-23JUL05-B94.5,HIGHAUS-23JUL05,94-96F,94.0,94.0,96.0,between,between,0.64,1,95.0,yes,100,257,0.91,1.0
2023-07-05,HIGHAUS-23JUL05-B96.5,HIGHAUS-23JUL05,96-98F,96.0,96.0,98.0,between,between,0.4,0,95.0,no,0,1011,0.0,0.09
2023-07-05,HIGHAUS-23JUL05-B98.5,HIGHAUS-23JUL05,98-100F,98.0,98.0,100.0,between,between,0.0,0,95.0,no,0,0,0.0,0.03
2023-07-05,HIGHAUS-23JUL05-T99,HIGHAUS-23JUL05,Above 99F,99.0,99.0,,above,greater,0.0,0,95.0,no,0,0,0.0,0.03
2023-07-06,HIGHAUS-23JUL06-B88.5,HIGHAUS-23JUL06,88-90F,88.0,88.0,90.0,between,between,0.41,1,88.0,yes,100,168,0.95,1.0
2023-07-06,HIGHAUS-23JUL06-T88,HIGHAUS-23JUL06,Below 88F,88.0,,88.0,below,less,0.17,0,88.0,no,0,824,0.0,0.01
2023-07-06,HIGHAUS-23JUL06-B90.5,HIGHAUS-23JUL06,90-92F,90.0,90.0,92.0,between,between,0.03,0,88.0,no,0,848,0.0,0.05
2023-07-06,HIGHAUS-23JUL06-B92.5,HIGHAUS-23JUL06,92-94F,92.0,92.0,94.0,between,between,0.01,0,88.0,no,0,685,0.0,0.03
2023-07-06,HIGHAUS-23JUL06-B94.5,HIGHAUS-23JUL06,94-96F,94.0,94.0,96.0,between,between,0.1,0,88.0,no,0,14,0.0,0.03
2023-07-06,HIGHAUS-23JUL06-T95,HIGHAUS-23JUL06,Above 95F,95.0,95.0,,above,greater,0.07,0,88.0,no,0,14,0.0,0.03
2023-07-07,HIGHAUS-23JUL07-B91.5,HIGHAUS-23JUL07,91-93F,91.0,91.0,93.0,between,between,0.5,1,92.0,yes,100,402,0.97,1.0
2023-07-07,HIGHAUS-23JUL07-T91,HIGHAUS-23JUL07,Below 91F,91.0,,91.0,below,less,0.01,0,92.0,no,0,1462,0.0,0.01
2023-07-07,HIGHAUS-23JUL07-B93.5,HIGHAUS-23JUL07,93-95F,93.0,93.0,95.0,between,between,0.21,0,92.0,no,0,924,0.0,0.03
2023-07-07,HIGHAUS-23JUL07-B95.5,HIGHAUS-23JUL07,95-97F,95.0,95.0,97.0,between,between,0.02,0,92.0,no,0,754,0.0,0.03
2023-07-07,HIGHAUS-23JUL07-B97.5,HIGHAUS-23JUL07,97-99F,97.0,97.0,99.0,between,between,0.0,0,92.0,no,0,0,0.0,0.03
2023-07-07,HIGHAUS-23JUL07-T98,HIGHAUS-23JUL07,Above 98F,98.0,98.0,,above,greater,0.0,0,92.0,no,0,0,0.0,0.03
2023-07-08,HIGHAUS-23JUL08-B93.5,HIGHAUS-23JUL08,93-95F,93.0,93.0,95.0,between,between,0.03,0,98.96,no,0,100,0.0,0.01
2023-07-08,HIGHAUS-23JUL08-T93,HIGHAUS-23JUL08,Below 93F,93.0,,93.0,below,less,0.0,0,98.96,no,0,0,0.0,0.01
2023-07-08,HIGHAUS-23JUL08-B95.5,HIGHAUS-23JUL08,95-97F,95.0,95.0,97.0,between,between,0.01,0,98.96,no,0,1186,0.0,0.01
2023-07-08,HIGHAUS-23JUL08-B97.5,HIGHAUS-23JUL08,97-99F,97.0,97.0,99.0,between,between,0.01,0,98.96,no,0,1693,0.0,0.05
2023-07-08,HIGHAUS-23JUL08-B99.5,HIGHAUS-23JUL08,99-101F,99.0,99.0,101.0,between,between,0.1,1,98.96,yes,100,15,0.95,1.0
2023-07-08,HIGHAUS-23JUL08-T100,HIGHAUS-23JUL08,Above 100F,100.0,100.0,,above,greater,0.07,0,98.96,no,0,35,0.0,0.05
2023-07-09,HIGHAUS-23JUL09-B95.5,HIGHAUS-23JUL09,95-97F,95.0,95.0,97.0,between,between,0.08,0,100.04,no,0,334,0.0,0.01
2023-07-09,HIGHAUS-23JUL09-T95,HIGHAUS-23JUL09,Below 95F,95.0,,95.0,below,less,0.08,0,100.04,no,0,14,0.0,0.01
2023-07-09,HIGHAUS-23JUL09-B97.5,HIGHAUS-23JUL09,97-99F,97.0,97.0,99.0,between,between,0.33,0,100.04,no,0,413,0.0,0.01
2023-07-09,HIGHAUS-23JUL09-B99.5,HIGHAUS-23JUL09,99-101F,99.0,99.0,101.0,between,between,0.63,1,100.04,yes,100,655,0.97,1.0
2023-07-09,HIGHAUS-23JUL09-B101.5,HIGHAUS-23JUL09,101-103F,101.0,101.0,103.0,between,between,0.16,0,100.04,no,0,410,0.0,0.03
2023-07-09,HIGHAUS-23JUL09-T102,HIGHAUS-23JUL09,Above 102F,102.0,102.0,,above,greater,0.06,0,100.04,no,0,30,0.0,0.03
2023-07-10,HIGHAUS-23JUL10-B96.5,HIGHAUS-23JUL10,96-98F,96.0,96.0,98.0,between,between,0.0,0,100.94,no,0,0,0.0,0.01
2023-07-10,HIGHAUS-23JUL10-T96,HIGHAUS-23JUL10,Below 96F,96.0,,96.0,below,less,0.0,0,100.94,no,0,0,0.0,0.01
2023-07-10,HIGHAUS-23JUL10-B98.5,HIGHAUS-23JUL10,98-100F,98.0,98.0,100.0,between,between,0.01,0,100.94,no,0,403,0.0,0.01
2023-07-10,HIGHAUS-23JUL10-B100.5,HIGHAUS-23JUL10,100-102F,100.0,100.0,102.0,between,between,0.57,1,100.94,yes,100,761,0.91,1.0
2023-07-10,HIGHAUS-23JUL10-B102.5,HIGHAUS-23JUL10,102-104F,102.0,102.0,104.0,between,between,0.09,0,100.94,no,0,1421,0.0,0.09
2023-07-10,HIGHAUS-23JUL10-T103,HIGHAUS-23JUL10,Above 103F,103.0,103.0,,above,greater,0.06,0,100.94,no,0,126,0.0,0.03
2023-07-11,HIGHAUS-23JUL11-B97.5,HIGHAUS-23JUL11,97-99F,97.0,97.0,99.0,between,between,0.0,0,100.94,no,0,0,0.0,0.01
2023-07-11,HIGHAUS-23JUL11-T97,HIGHAUS-23JUL11,Below 97F,97.0,,97.0,below,less,0.0,0,100.94,no,0,0,0.0,0.01
2023-07-11,HIGHAUS-23JUL11-B99.5,HIGHAUS-23JUL11,99-101F,99.0,99.0,101.0,between,between,0.28,0,100.94,no,0,35,0.0,0.01
2023-07-11,HIGHAUS-23JUL11-B101.5,HIGHAUS-23JUL11,101-103F,101.0,101.0,103.0,between,between,0.76,1,100.94,yes,100,951,0.95,1.0
2023-07-11,HIGHAUS-23JUL11-B103.5,HIGHAUS-23JUL11,103-105F,103.0,103.0,105.0,between,between,0.16,0,100.94,no,0,303,0.0,0.05
2023-07-11,HIGHAUS-23JUL11-T104,HIGHAUS-23JUL11,Above 104F,104.0,104.0,,above,greater,0.03,0,100.94,no,0,1,0.0,0.03
2023-07-12,HIGHAUS-23JUL12-B98.5,HIGHAUS-23JUL12,98-100F,98.0,98.0,100.0,between,between,0.03,0,105.08,no,0,8,0.0,0.01
2023-07-12,HIGHAUS-23JUL12-T98,HIGHAUS-23JUL12,Below 98F,98.0,,98.0,below,less,0.0,0,105.08,no,0,0,0.0,0.01
2023-07-12,HIGHAUS-23JUL12-B100.5,HIGHAUS-23JUL12,100-102F,100.0,100.0,102.0,between,between,0.01,0,105.08,no,0,528,0.0,0.01
2023-07-12,HIGHAUS-23JUL12-B102.5,HIGHAUS-23JUL12,102-104F,102.0,102.0,104.0,between,between,0.01,0,105.08,no,0,354,0.0,0.01
2023-07-12,HIGHAUS-23JUL12-B104.5,HIGHAUS-23JUL12,104-106F,104.0,104.0,106.0,between,between,0.4,1,105.08,yes,100,478,0.97,1.0
2023-07-12,HIGHAUS-23JUL12-T105,HIGHAUS-23JUL12,Above 105F,105.0,105.0,,above,greater,0.03,0,105.08,no,0,10,0.0,0.03
2023-07-13,HIGHAUS-23JUL13-T99,HIGHAUS-23JUL13,Below 99F,99.0,,99.0,below,less,0.0,0,104.0,no,0,0,0.0,0.01
2023-07-13,HIGHAUS-23JUL13-B99.5,HIGHAUS-23JUL13,99-101F,99.0,99.0,101.0,between,between,0.15,0,104.0,no,0,53,0.0,0.01
2023-07-13,HIGHAUS-23JUL13-B101.5,HIGHAUS-23JUL13,101-103F,101.0,101.0,103.0,between,between,0.11,0,104.0,no,0,818,0.0,0.01
2023-07-13,HIGHAUS-23JUL13-B103.5,HIGHAUS-23JUL13,103-105F,103.0,103.0,105.0,between,between,0.44,1,104.0,yes,100,848,0.97,1.0
2023-07-13,HIGHAUS-23JUL13-B105.5,HIGHAUS-23JUL13,105-107F,105.0,105.0,107.0,between,between,0.13,0,104.0,no,0,1285,0.0,0.03
2023-07-13,HIGHAUS-23JUL13-T106,HIGHAUS-23JUL13,Above 106F,106.0,106.0,,above,greater,0.03,0,104.0,no,0,211,0.0,0.03
2023-07-14,HIGHAUS-23JUL14-T100,HIGHAUS-23JUL14,Below 100F,100.0,,100.0,below,less,0.0,0,102.92,no,0,0,0.0,0.01
2023-07-14,HIGHAUS-23JUL14-B100.5,HIGHAUS-23JUL14,100-102F,100.0,100.0,102.0,between,between,0.03,0,102.92,no,0,675,0.0,0.01
2023-07-14,HIGHAUS-23JUL14-B102.5,HIGHAUS-23JUL14,102-104F,102.0,102.0,104.0,between,between,0.67,1,102.92,yes,100,623,0.91,1.0
2023-07-14,HIGHAUS-23JUL14-B104.5,HIGHAUS-23JUL14,104-106F,104.0,104.0,106.0,between,between,0.38,0,102.92,no,0,747,0.0,0.09
2023-07-14,HIGHAUS-23JUL14-B106.5,HIGHAUS-23JUL14,106-108F,106.0,106.0,108.0,between,between,0.15,0,102.92,no,0,26,0.0,0.03
2023-07-14,HIGHAUS-23JUL14-T107,HIGHAUS-23JUL14,Above 107F,107.0,107.0,,above,greater,0.02,0,102.92,no,0,11,0.0,0.01
2023-07-15,HIGHAUS-23JUL15-B99.5,HIGHAUS-23JUL15,99-101F,99.0,99.0,101.0,between,between,0.06,0,104.0,no,0,4,0.0,0.01
2023-07-15,HIGHAUS-23JUL15-T99,HIGHAUS-23JUL15,Below 99F,99.0,,99.0,below,less,0.0,0,104.0,no,0,0,0.0,0.01
2023-07-15,HIGHAUS-23JUL15-B101.5,HIGHAUS-23JUL15,101-103F,101.0,101.0,103.0,between,between,0.21,0,104.0,no,0,949,0.0,0.01
2023-07-15,HIGHAUS-23JUL15-B103.5,HIGHAUS-23JUL15,103-105F,103.0,103.0,105.0,between,between,0.45,1,104.0,yes,100,1254,0.91,1.0
2023-07-15,HIGHAUS-23JUL15-B105.5,HIGHAUS-23JUL15,105-107F,105.0,105.0,107.0,between,between,0.13,0,104.0,no,0,391,0.0,0.09
2023-07-15,HIGHAUS-23JUL15-T106,HIGHAUS-23JUL15,Above 106F,106.0,106.0,,above,greater,0.23,0,104.0,no,0,142,0.0,0.03
2023-07-16,HIGHAUS-23JUL16-B99.5,HIGHAUS-23JUL16,99-101F,99.0,99.0,101.0,between,between,0.16,0,102.92,no,0,222,0.0,0.01
2023-07-16,HIGHAUS-23JUL16-T99,HIGHAUS-23JUL16,Below 99F,99.0,,99.0,below,less,0.0,0,102.92,no,0,0,0.0,0.01
2023-07-16,HIGHAUS-23JUL16-B101.5,HIGHAUS-23JUL16,101-103F,101.0,101.0,103.0,between,between,0.01,0,102.92,no,0,1948,0.0,0.01
2023-07-16,HIGHAUS-23JUL16-B103.5,HIGHAUS-23JUL16,103-105F,103.0,103.0,105.0,between,between,0.15,1,102.92,yes,100,1037,0.15,1.0
2023-07-16,HIGHAUS-23JUL16-B105.5,HIGHAUS-23JUL16,105-107F,105.0,105.0,107.0,between,between,0.01,0,102.92,no,0,42,0.0,0.49
2023-07-16,HIGHAUS-23JUL16-T106,HIGHAUS-23JUL16,Above 106F,106.0,106.0,,above,greater,0.02,0,102.92,no,0,15,0.0,0.4
2023-07-17,HIGHAUS-23JUL17-T100,HIGHAUS-23JUL17,Below 100F,100.0,,100.0,below,less,0.0,0,102.92,no,0,0,0.0,0.01
2023-07-17,HIGHAUS-23JUL17-B100.5,HIGHAUS-23JUL17,100-102F,100.0,100.0,102.0,between,between,0.01,0,102.92,no,0,536,0.0,0.01
2023-07-17,HIGHAUS-23JUL17-B102.5,HIGHAUS-23JUL17,102-104F,102.0,102.0,104.0,between,between,0.1,1,102.92,yes,100,1812,0.5,1.0
2023-07-17,HIGHAUS-23JUL17-B104.5,HIGHAUS-23JUL17,104-106F,104.0,104.0,106.0,between,between,0.59,0,102.92,no,0,922,0.0,0.5
2023-07-17,HIGHAUS-23JUL17-B106.5,HIGHAUS-23JUL17,106-108F,106.0,106.0,108.0,between,between,0.14,0,102.92,no,0,974,0.0,0.1
2023-07-17,HIGHAUS-23JUL17-T107,HIGHAUS-23JUL17,Above 107F,107.0,107.0,,above,greater,0.0,0,102.92,no,0,0,0.0,0.03
2023-07-18,HIGHAUS-23JUL18-B102.5,HIGHAUS-23JUL18,102-104F,102.0,102.0,104.0,between,between,0.99,1,103.0,yes,100,945,0.97,1.0
2023-07-18,HIGHAUS-23JUL18-T102,HIGHAUS-23JUL18,Below 102F,102.0,,102.0,below,less,0.01,0,103.0,no,0,1776,0.0,0.01
2023-07-18,HIGHAUS-23JUL18-B104.5,HIGHAUS-23JUL18,104-106F,104.0,104.0,106.0,between,between,0.01,0,103.0,no,0,918,0.0,0.03
2023-07-18,HIGHAUS-23JUL18-B106.5,HIGHAUS-23JUL18,106-108F,106.0,106.0,108.0,between,between,0.01,0,103.0,no,0,645,0.0,0.03
2023-07-18,HIGHAUS-23JUL18-B108.5,HIGHAUS-23JUL18,108-110F,108.0,108.0,110.0,between,between,0.0,0,103.0,no,0,0,0.0,0.03
2023-07-18,HIGHAUS-23JUL18-T109,HIGHAUS-23JUL18,Above 109F,109.0,109.0,,above,greater,0.0,0,103.0,no,0,0,0.0,0.03
2023-07-19,HIGHAUS-23JUL19-B99.5,HIGHAUS-23JUL19,99-101F,99.0,99.0,101.0,between,between,0.01,0,102.92,no,0,2625,0.0,0.01
2023-07-19,HIGHAUS-23JUL19-T99,HIGHAUS-23JUL19,Below 99F,99.0,,99.0,below,less,0.0,0,102.92,no,0,0,0.0,0.01
2023-07-19,HIGHAUS-23JUL19-B101.5,HIGHAUS-23JUL19,101-103F,101.0,101.0,103.0,between,between,0.02,0,102.92,no,0,1212,0.0,0.01
2023-07-19,HIGHAUS-23JUL19-B103.5,HIGHAUS-23JUL19,103-105F,103.0,103.0,105.0,between,between,0.97,1,102.92,yes,100,3418,0.99,1.0
2023-07-19,HIGHAUS-23JUL19-B105.5,HIGHAUS-23JUL19,105-107F,105.0,105.0,107.0,between,between,0.15,0,102.92,no,0,440,0.0,0.05
2023-07-19,HIGHAUS-23JUL19-T106,HIGHAUS-23JUL19,Above 106F,106.0,106.0,,above,greater,0.01,0,102.92,no,0,5,0.0,0.01
2023-07-20,HIGHAUS-23JUL20-T99,HIGHAUS-23JUL20,Below 99F,99.0,,99.0,below,less,0.0,0,102.02,no,0,0,0.0,0.01
2023-07-20,HIGHAUS-23JUL20-B99.5,HIGHAUS-23JUL20,99-101F,99.0,99.0,101.0,between,between,0.01,0,102.02,no,0,6988,0.0,0.01
2023-07-20,HIGHAUS-23JUL20-B101.5,HIGHAUS-23JUL20,101-103F,101.0,101.0,103.0,between,between,0.96,1,102.02,yes,100,1266,0.99,1.0
2023-07-20,HIGHAUS-23JUL20-B103.5,HIGHAUS-23JUL20,103-105F,103.0,103.0,105.0,between,between,0.04,0,102.02,no,0,941,0.0,0.03
2023-07-20,HIGHAUS-23JUL20-B105.5,HIGHAUS-23JUL20,105-107F,105.0,105.0,107.0,between,between,0.1,0,102.02,no,0,779,0.0,0.02
2023-07-20,HIGHAUS-23JUL20-T106,HIGHAUS-23JUL20,Above 106F,106.0,106.0,,above,greater,0.05,0,102.02,no,0,29,0.0,0.02
2023-07-21,HIGHAUS-23JUL21-T98,HIGHAUS-23JUL21,Below 98F,98.0,,98.0,below,less,0.02,0,100.94,no,0,5,0.0,0.01
2023-07-21,HIGHAUS-23JUL21-B98.5,HIGHAUS-23JUL21,98-100F,98.0,98.0,100.0,between,between,0.01,0,100.94,no,0,1531,0.0,0.01
2023-07-21,HIGHAUS-23JUL21-B100.5,HIGHAUS-23JUL21,100-102F,100.0,100.0,102.0,between,between,0.51,1,100.94,yes,100,1893,0.55,0.97
2023-07-21,HIGHAUS-23JUL21-B102.5,HIGHAUS-23JUL21,102-104F,102.0,102.0,104.0,between,between,0.02,0,100.94,no,0,1374,0.03,0.25
2023-07-21,HIGHAUS-23JUL21-B104.5,HIGHAUS-23JUL21,104-106F,104.0,104.0,106.0,between,between,0.01,0,100.94,no,0,2037,0.0,0.05
2023-07-21,HIGHAUS-23JUL21-T105,HIGHAUS-23JUL21,Above 105F,105.0,105.0,,above,greater,0.03,0,100.94,no,0,2,0.0,0.01
2023-07-22,HIGHAUS-23JUL22-T99,HIGHAUS-23JUL22,Below 99F,99.0,,99.0,below,less,0.0,0,102.92,no,0,0,0.0,0.01
2023-07-22,HIGHAUS-23JUL22-B99.5,HIGHAUS-23JUL22,99-101F,99.0,99.0,101.0,between,between,0.01,0,102.92,no,0,2641,0.0,0.03
2023-07-22,HIGHAUS-23JUL22-B101.5,HIGHAUS-23JUL22,101-103F,101.0,101.0,103.0,between,between,0.17,0,102.92,no,0,714,0.0,0.01
2023-07-22,HIGHAUS-23JUL22-B103.5,HIGHAUS-23JUL22,103-105F,103.0,103.0,105.0,between,between,0.99,1,102.92,yes,100,1326,0.97,1.0
2023-07-22,HIGHAUS-23JUL22-B105.5,HIGHAUS-23JUL22,105-107F,105.0,105.0,107.0,between,between,0.01,0,102.92,no,0,333,0.0,0.03
2023-07-22,HIGHAUS-23JUL22-T106,HIGHAUS-23JUL22,Above 106F,106.0,106.0,,above,greater,0.03,0,102.92,no,0,1,0.0,0.03
2023-07-23,HIGHAUS-23JUL23-B98.5,HIGHAUS-23JUL23,98-100F,98.0,98.0,100.0,between,between,0.01,0,102.92,no,0,1626,0.0,0.01
2023-07-23,HIGHAUS-23JUL23-T98,HIGHAUS-23JUL23,Below 98F,98.0,,98.0,below,less,0.0,0,102.92,no,0,0,0.0,0.01
2023-07-23,HIGHAUS-23JUL23-B100.5,HIGHAUS-23JUL23,100-102F,100.0,100.0,102.0,between,between,0.01,0,102.92,no,0,1045,0.0,0.01
2023-07-23,HIGHAUS-23JUL23-B102.5,HIGHAUS-23JUL23,102-104F,102.0,102.0,104.0,between,between,0.99,1,102.92,yes,100,984,0.98,1.0
2023-07-23,HIGHAUS-23JUL23-B104.5,HIGHAUS-23JUL23,104-106F,104.0,104.0,106.0,between,between,0.01,0,102.92,no,0,1434,0.0,0.02
2023-07-23,HIGHAUS-23JUL23-T105,HIGHAUS-23JUL23,Above 105F,105.0,105.0,,above,greater,0.03,0,102.92,no,0,10,0.0,0.02
2023-07-24,HIGHAUS-23JUL24-B97.5,HIGHAUS-23JUL24,97-99F,97.0,97.0,99.0,between,between,0.01,0,100.94,no,0,819,0.0,0.01
2023-07-24,HIGHAUS-23JUL24-T97,HIGHAUS-23JUL24,Below 97F,97.0,,97.0,below,less,0.03,0,100.94,no,0,1,0.0,0.01
2023-07-24,HIGHAUS-23JUL24-B99.5,HIGHAUS-23JUL24,99-101F,99.0,99.0,101.0,between,between,0.01,0,100.94,no,0,7819,0.0,0.01
2023-07-24,HIGHAUS-23JUL24-B101.5,HIGHAUS-23JUL24,101-103F,101.0,101.0,103.0,between,between,0.69,1,100.94,yes,100,815,0.97,1.0
2023-07-24,HIGHAUS-23JUL24-B103.5,HIGHAUS-23JUL24,103-105F,103.0,103.0,105.0,between,between,0.05,0,100.94,no,0,1575,0.0,0.02
2023-07-24,HIGHAUS-23JUL24-T104,HIGHAUS-23JUL24,Above 104F,104.0,104.0,,above,greater,0.01,0,100.94,no,0,431,0.0,0.02
2023-07-25,HIGHAUS-23JUL25-B96.5,HIGHAUS-23JUL25,96-98F,96.0,96.0,98.0,between,between,0.01,0,100.94,no,0,510,0.0,0.01
2023-07-25,HIGHAUS-23JUL25-T96,HIGHAUS-23JUL25,Below 96F,96.0,,96.0,below,less,0.0,0,100.94,no,0,0,0.0,0.01
2023-07-25,HIGHAUS-23JUL25-B98.5,HIGHAUS-23JUL25,98-100F,98.0,98.0,100.0,between,between,0.01,0,100.94,no,0,5839,0.0,0.01
2023-07-25,HIGHAUS-23JUL25-B100.5,HIGHAUS-23JUL25,100-102F,100.0,100.0,102.0,between,between,0.83,1,100.94,yes,100,662,0.98,1.0
2023-07-25,HIGHAUS-23JUL25-B102.5,HIGHAUS-23JUL25,102-104F,102.0,102.0,104.0,between,between,0.01,0,100.94,no,0,2907,0.0,0.02
2023-07-25,HIGHAUS-23JUL25-T103,HIGHAUS-23JUL25,Above 103F,103.0,103.0,,above,greater,0.03,0,100.94,no,0,5,0.0,0.02
2023-07-26,HIGHAUS-23JUL26-B97.5,HIGHAUS-23JUL26,97-99F,97.0,97.0,99.0,between,between,0.01,0,100.94,no,0,1735,0.0,0.01
2023-07-26,HIGHAUS-23JUL26-T97,HIGHAUS-23JUL26,Below 97F,97.0,,97.0,below,less,0.04,0,100.94,no,0,10,0.0,0.01
2023-07-26,HIGHAUS-23JUL26-B99.5,HIGHAUS-23JUL26,99-101F,99.0,99.0,101.0,between,between,0.5,0,100.94,no,0,347,0.0,0.01
2023-07-26,HIGHAUS-23JUL26-B101.5,HIGHAUS-23JUL26,101-103F,101.0,101.0,103.0,between,between,0.48,1,100.94,yes,100,851,0.98,0.99
2023-07-26,HIGHAUS-23JUL26-B103.5,HIGHAUS-23JUL26,103-105F,103.0,103.0,105.0,between,between,0.07,0,100.94,no,0,407,0.01,0.02
2023-07-26,HIGHAUS-23JUL26-T104,HIGHAUS-23JUL26,Above 104F,104.0,104.0,,above,greater,0.0,0,100.94,no,0,0,0.0,0.02
2023-07-27,HIGHAUS-23JUL27-B97.5,HIGHAUS-23JUL27,97-99F,97.0,97.0,99.0,between,between,0.01,0,98.96,no,0,2455,0.0,0.01
2023-07-27,HIGHAUS-23JUL27-T97,HIGHAUS-23JUL27,Below 97F,97.0,,97.0,below,less,0.05,0,98.96,no,0,15,0.0,0.01
2023-07-27,HIGHAUS-23JUL27-B99.5,HIGHAUS-23JUL27,99-101F,99.0,99.0,101.0,between,between,0.6,1,98.96,yes,100,377,0.95,1.0
2023-07-27,HIGHAUS-23JUL27-B101.5,HIGHAUS-23JUL27,101-103F,101.0,101.0,103.0,between,between,0.19,0,98.96,no,0,709,0.0,0.05
2023-07-27,HIGHAUS-23JUL27-B103.5,HIGHAUS-23JUL27,103-105F,103.0,103.0,105.0,between,between,0.08,0,98.96,no,0,12,0.0,0.03
2023-07-27,HIGHAUS-23JUL27-T104,HIGHAUS-23JUL27,Above 104F,104.0,104.0,,above,greater,0.0,0,98.96,no,0,0,0.0,0.02
2023-07-28,HIGHAUS-23JUL28-B96.5,HIGHAUS-23JUL28,96-98F,96.0,96.0,98.0,between,between,0.01,0,98.96,no,0,1663,0.0,0.01
2023-07-28,HIGHAUS-23JUL28-T96,HIGHAUS-23JUL28,Below 96F,96.0,,96.0,below,less,0.05,0,98.96,no,0,112,0.0,0.01
2023-07-28,HIGHAUS-23JUL28-B98.5,HIGHAUS-23JUL28,98-100F,98.0,98.0,100.0,between,between,0.99,1,98.96,yes,100,1946,0.91,1.0
2023-07-28,HIGHAUS-23JUL28-B100.5,HIGHAUS-23JUL28,100-102F,100.0,100.0,102.0,between,between,0.34,0,98.96,no,0,264,0.0,0.09
2023-07-28,HIGHAUS-23JUL28-B102.5,HIGHAUS-23JUL28,102-104F,102.0,102.0,104.0,between,between,0.11,0,98.96,no,0,568,0.0,0.03
2023-07-28,HIGHAUS-23JUL28-T103,HIGHAUS-23JUL28,Above 103F,103.0,103.0,,above,greater,0.03,0,98.96,no,0,87,0.0,0.03
2023-07-29,HIGHAUS-23JUL29-B96.5,HIGHAUS-23JUL29,96-98F,96.0,96.0,98.0,between,between,0.0,0,100.94,no,0,0,0.0,0.01
2023-07-29,HIGHAUS-23JUL29-T96,HIGHAUS-23JUL29,Below 96F,96.0,,96.0,below,less,0.0,0,100.94,no,0,0,0.0,0.01
2023-07-29,HIGHAUS-23JUL29-B98.5,HIGHAUS-23JUL29,98-100F,98.0,98.0,100.0,between,between,0.01,0,100.94,no,0,2604,0.0,0.01
2023-07-29,HIGHAUS-23JUL29-B100.5,HIGHAUS-23JUL29,100-102F,100.0,100.0,102.0,between,between,0.56,1,100.94,yes,100,366,0.01,1.0
2023-07-29,HIGHAUS-23JUL29-B102.5,HIGHAUS-23JUL29,102-104F,102.0,102.0,104.0,between,between,0.01,0,100.94,no,0,1095,0.0,0.99
2023-07-29,HIGHAUS-23JUL29-T103,HIGHAUS-23JUL29,Above 103F,103.0,103.0,,above,greater,0.0,0,100.94,no,0,0,0.0,0.03
2023-07-30,HIGHAUS-23JUL30-B99.5,HIGHAUS-23JUL30,99-101F,99.0,99.0,101.0,between,between,0.01,0,102.02,no,0,1569,0.0,0.01
2023-07-30,HIGHAUS-23JUL30-T99,HIGHAUS-23JUL30,Below 99F,99.0,,99.0,below,less,0.0,0,102.02,no,0,0,0.0,0.01
2023-07-30,HIGHAUS-23JUL30-B101.5,HIGHAUS-23JUL30,101-103F,101.0,101.0,103.0,between,between,0.99,1,102.02,yes,100,316,0.97,1.0
2023-07-30,HIGHAUS-23JUL30-B103.5,HIGHAUS-23JUL30,103-105F,103.0,103.0,105.0,between,between,0.03,0,102.02,no,0,330,0.0,0.03
2023-07-30,HIGHAUS-23JUL30-B105.5,HIGHAUS-23JUL30,105-107F,105.0,105.0,107.0,between,between,0.01,0,102.02,no,0,565,0.0,0.03
2023-07-30,HIGHAUS-23JUL30-T106,HIGHAUS-23JUL30,Above 106F,106.0,106.0,,above,greater,0.0,0,102.02,no,0,0,0.0,0.03
2023-07-31,HIGHAUS-23JUL31-T100,HIGHAUS-23JUL31,Below 100F,100.0,,100.0,below,less,0.0,0,104.0,no,0,0,0.0,0.01
2023-07-31,HIGHAUS-23JUL31-B100.5,HIGHAUS-23JUL31,100-102F,100.0,100.0,102.0,between,between,0.04,0,104.0,no,0,260,0.0,0.01
2023-07-31,HIGHAUS-23JUL31-B102.5,HIGHAUS-23JUL31,102-104F,102.0,102.0,104.0,between,between,0.01,0,104.0,no,0,2550,0.0,0.03
2023-07-31,HIGHAUS-23JUL31-B104.5,HIGHAUS-23JUL31,104-106F,104.0,104.0,106.0,between,between,0.99,1,104.0,yes,100,1323,0.97,1.0
2023-07-31,HIGHAUS-23JUL31-B106.5,HIGHAUS-23JUL31,106-108F,106.0,106.0,108.0,between,between,0.01,0,104.0,no,0,948,0.01,0.03
2023-07-31,HIGHAUS-23JUL31-T107,HIGHAUS-23JUL31,Above 107F,107.0,107.0,,above,greater,0.1,0,104.0,no,0,170,0.0,0.09
2023-08-01,HIGHAUS-23AUG01-B100.5,HIGHAUS-23AUG01,100-102F,100.0,100.0,102.0,between,between,0.02,0,102.92,no,0,2944,0.0,0.01
2023-08-01,HIGHAUS-23AUG01-T100,HIGHAUS-23AUG01,Below 100F,100.0,,100.0,below,less,0.0,0,102.92,no,0,0,0.0,0.01
2023-08-01,HIGHAUS-23AUG01-B102.5,HIGHAUS-23AUG01,102-104F,102.0,102.0,104.0,between,between,0.54,1,102.92,yes,100,555,0.55,1.0
2023-08-01,HIGHAUS-23AUG01-B104.5,HIGHAUS-23AUG01,104-106F,104.0,104.0,106.0,between,between,0.01,0,102.92,no,0,1179,0.0,0.45
2023-08-01,HIGHAUS-23AUG01-B106.5,HIGHAUS-23AUG01,106-108F,106.0,106.0,108.0,between,between,0.1,0,102.92,no,0,170,0.01,0.15
2023-08-01,HIGHAUS-23AUG01-T107,HIGHAUS-23AUG01,Above 107F,107.0,107.0,,above,greater,0.01,0,102.92,no,0,210,0.0,0.04
2023-08-02,HIGHAUS-23AUG02-B99.5,HIGHAUS-23AUG02,99-101F,99.0,99.0,101.0,between,between,0.04,0,105.08,no,0,356,0.0,0.01
2023-08-02,HIGHAUS-23AUG02-T99,HIGHAUS-23AUG02,Below 99F,99.0,,99.0,below,less,0.0,0,105.08,no,0,0,0.0,0.01
2023-08-02,HIGHAUS-23AUG02-B101.5,HIGHAUS-23AUG02,101-103F,101.0,101.0,103.0,between,between,0.01,0,105.08,no,0,3115,0.0,0.01
2023-08-02,HIGHAUS-23AUG02-B103.5,HIGHAUS-23AUG02,103-105F,103.0,103.0,105.0,between,between,0.27,0,105.08,no,0,1823,0.0,0.01
2023-08-02,HIGHAUS-23AUG02-B105.5,HIGHAUS-23AUG02,105-107F,105.0,105.0,107.0,between,between,0.08,1,105.08,yes,100,1616,0.51,1.0
2023-08-02,HIGHAUS-23AUG02-T106,HIGHAUS-23AUG02,Above 106F,106.0,106.0,,above,greater,0.1,0,105.08,no,0,2,0.0,0.01
2023-08-03,HIGHAUS-23AUG03-B99.5,HIGHAUS-23AUG03,99-101F,99.0,99.0,101.0,between,between,0.01,0,102.92,no,0,1708,0.0,0.01
2023-08-03,HIGHAUS-23AUG03-T99,HIGHAUS-23AUG03,Below 99F,99.0,,99.0,below,less,0.01,0,102.92,no,0,14,0.0,0.01
2023-08-03,HIGHAUS-23AUG03-B101.5,HIGHAUS-23AUG03,101-103F,101.0,101.0,103.0,between,between,0.03,0,102.92,no,0,1103,0.0,0.01
2023-08-03,HIGHAUS-23AUG03-B103.5,HIGHAUS-23AUG03,103-105F,103.0,103.0,105.0,between,between,0.05,1,102.92,yes,100,509,0.51,1.0
2023-08-03,HIGHAUS-23AUG03-B105.5,HIGHAUS-23AUG03,105-107F,105.0,105.0,107.0,between,between,0.01,0,102.92,no,0,1546,0.0,0.24
2023-08-03,HIGHAUS-23AUG03-T106,HIGHAUS-23AUG03,Above 106F,106.0,106.0,,above,greater,0.0,0,102.92,no,0,0,0.0,0.99
2023-08-04,HIGHAUS-23AUG04-T99,HIGHAUS-23AUG04,Below 99F,99.0,,99.0,below,less,0.0,0,105.08,no,0,0,0.0,0.01
2023-08-04,HIGHAUS-23AUG04-B99.5,HIGHAUS-23AUG04,99-101F,99.0,99.0,101.0,between,between,0.0,0,105.08,no,0,0,0.0,0.01
2023-08-04,HIGHAUS-23AUG04-B101.5,HIGHAUS-23AUG04,101-103F,101.0,101.0,103.0,between,between,0.05,0,105.08,no,0,1306,0.0,0.01
2023-08-04,HIGHAUS-23AUG04-B103.5,HIGHAUS-23AUG04,103-105F,103.0,103.0,105.0,between,between,0.01,0,105.08,no,0,1926,0.0,0.01
2023-08-04,HIGHAUS-23AUG04-B105.5,HIGHAUS-23AUG04,105-107F,105.0,105.0,107.0,between,between,0.99,1,105.08,yes,100,881,0.65,1.0
2023-08-04,HIGHAUS-23AUG04-T106,HIGHAUS-23AUG04,Above 106F,106.0,106.0,,above,greater,0.01,0,105.08,no,0,542,0.0,0.03
2023-08-05,HIGHAUS-23AUG05-B101.5,HIGHAUS-23AUG05,101-103F,101.0,101.0,103.0,between,between,0.03,0,105.98,no,0,453,0.0,0.01
2023-08-05,HIGHAUS-23AUG05-T101,HIGHAUS-23AUG05,Below 101F,101.0,,101.0,below,less,0.0,0,105.98,no,0,0,0.0,0.01
2023-08-05,HIGHAUS-23AUG05-B103.5,HIGHAUS-23AUG05,103-105F,103.0,103.0,105.0,between,between,0.22,0,105.98,no,0,743,0.0,0.01
2023-08-05,HIGHAUS-23AUG05-B105.5,HIGHAUS-23AUG05,105-107F,105.0,105.0,107.0,between,between,0.78,1,105.98,yes,100,846,0.81,0.99
2023-08-05,HIGHAUS-23AUG05-B107.5,HIGHAUS-23AUG05,107-109F,107.0,107.0,109.0,between,between,0.01,0,105.98,no,0,3129,0.0,0.18
2023-08-05,HIGHAUS-23AUG05-T108,HIGHAUS-23AUG05,Above 108F,108.0,108.0,,above,greater,0.0,0,105.98,no,0,0,0.0,0.99
2023-08-06,HIGHAUS-23AUG06-T101,HIGHAUS-23AUG06,Below 101F,101.0,,101.0,below,less,0.0,0,105.08,no,0,0,0.0,0.01
2023-08-06,HIGHAUS-23AUG06-B101.5,HIGHAUS-23AUG06,101-103F,101.0,101.0,103.0,between,between,0.05,0,105.08,no,0,90,0.0,0.01
2023-08-06,HIGHAUS-23AUG06-B103.5,HIGHAUS-23AUG06,103-105F,103.0,103.0,105.0,between,between,0.01,0,105.08,no,0,1883,0.0,0.01
2023-08-06,HIGHAUS-23AUG06-B105.5,HIGHAUS-23AUG06,105-107F,105.0,105.0,107.0,between,between,0.97,1,105.08,yes,100,117,0.98,1.0
2023-08-06,HIGHAUS-23AUG06-B107.5,HIGHAUS-23AUG06,107-109F,107.0,107.0,109.0,between,between,0.02,0,105.08,no,0,689,0.0,0.02
2023-08-06,HIGHAUS-23AUG06-T108,HIGHAUS-23AUG06,Above 108F,108.0,108.0,,above,greater,0.0,0,105.08,no,0,0,0.0,0.99
2023-08-07,HIGHAUS-23AUG07-B101.5,HIGHAUS-23AUG07,101-103F,101.0,101.0,103.0,between,between,0.0,0,105.98,no,0,0,0.0,0.01
2023-08-07,HIGHAUS-23AUG07-T101,HIGHAUS-23AUG07,Below 101F,101.0,,101.0,below,less,0.0,0,105.98,no,0,0,0.0,0.01
2023-08-07,HIGHAUS-23AUG07-B103.5,HIGHAUS-23AUG07,103-105F,103.0,103.0,105.0,between,between,0.01,0,105.98,no,0,1029,0.0,0.01
2023-08-07,HIGHAUS-23AUG07-B105.5,HIGHAUS-23AUG07,105-107F,105.0,105.0,107.0,between,between,0.85,1,105.98,yes,100,834,0.01,1.0
2023-08-07,HIGHAUS-23AUG07-B107.5,HIGHAUS-23AUG07,107-109F,107.0,107.0,109.0,between,between,0.01,0,105.98,no,0,1883,0.0,0.99
2023-08-07,HIGHAUS-23AUG07-T108,HIGHAUS-23AUG07,Above 108F,108.0,108.0,,above,greater,0.01,0,105.98,no,0,15,0.0,0.02
2023-08-08,HIGHAUS-23AUG08-B100.5,HIGHAUS-23AUG08,100-102F,100.0,100.0,102.0,between,between,0.0,0,105.98,no,0,0,0.0,0.01
2023-08-08,HIGHAUS-23AUG08-T100,HIGHAUS-23AUG08,Below 100F,100.0,,100.0,below,less,0.08,0,105.98,no,0,2,0.0,0.01
2023-08-08,HIGHAUS-23AUG08-B102.5,HIGHAUS-23AUG08,102-104F,102.0,102.0,104.0,between,between,0.01,0,105.98,no,0,1802,0.0,0.01
2023-08-08,HIGHAUS-23AUG08-B104.5,HIGHAUS-23AUG08,104-106F,104.0,104.0,106.0,between,between,0.01,0,105.98,no,0,1400,0.0,0.01
2023-08-08,HIGHAUS-23AUG08-B106.5,HIGHAUS-23AUG08,106-108F,106.0,106.0,108.0,between,between,0.24,1,105.98,yes,100,610,0.81,1.0
2023-08-08,HIGHAUS-23AUG08-T107,HIGHAUS-23AUG08,Above 107F,107.0,107.0,,above,greater,0.0,0,105.98,no,0,0,0.0,0.99
2023-08-09,HIGHAUS-23AUG09-T100,HIGHAUS-23AUG09,Below 100F,100.0,,100.0,below,less,0.0,0,107.96,no,0,0,0.0,0.01
2023-08-09,HIGHAUS-23AUG09-B100.5,HIGHAUS-23AUG09,100-102F,100.0,100.0,102.0,between,between,0.0,0,107.96,no,0,0,0.0,0.01
2023-08-09,HIGHAUS-23AUG09-B102.5,HIGHAUS-23AUG09,102-104F,102.0,102.0,104.0,between,between,0.02,0,107.96,no,0,1266,0.0,0.01
2023-08-09,HIGHAUS-23AUG09-B104.5,HIGHAUS-23AUG09,104-106F,104.0,104.0,106.0,between,between,0.01,0,107.96,no,0,1781,0.0,0.01
2023-08-09,HIGHAUS-23AUG09-B106.5,HIGHAUS-23AUG09,106-108F,106.0,106.0,108.0,between,between,0.01,0,107.96,no,0,1235,0.0,0.01
2023-08-09,HIGHAUS-23AUG09-T107,HIGHAUS-23AUG09,Above 107F,107.0,107.0,,above,greater,0.11,1,107.96,yes,100,826,0.99,1.0
2023-08-10,HIGHAUS-23AUG10-T102,HIGHAUS-23AUG10,Below 102F,102.0,,102.0,below,less,0.0,0,107.06,no,0,0,0.0,0.01
2023-08-10,HIGHAUS-23AUG10-B102.5,HIGHAUS-23AUG10,102-104F,102.0,102.0,104.0,between,between,0.03,0,107.06,no,0,645,0.0,0.01
2023-08-10,HIGHAUS-23AUG10-B104.5,HIGHAUS-23AUG10,104-106F,104.0,104.0,106.0,between,between,0.01,0,107.06,no,0,1894,0.0,0.01
2023-08-10,HIGHAUS-23AUG10-B106.5,HIGHAUS-23AUG10,106-108F,106.0,106.0,108.0,between,between,0.01,1,107.06,yes,100,1065,0.97,1.0
2023-08-10,HIGHAUS-23AUG10-B108.5,HIGHAUS-23AUG10,108-110F,108.0,108.0,110.0,between,between,0.99,0,107.06,no,0,2790,0.0,0.03
2023-08-10,HIGHAUS-23AUG10-T109,HIGHAUS-23AUG10,Above 109F,109.0,109.0,,above,greater,0.05,0,107.06,no,0,1200,0.0,0.01
2023-08-11,HIGHAUS-23AUG11-T101,HIGHAUS-23AUG11,Below 101F,101.0,,101.0,below,less,0.0,0,107.06,no,0,0,0.0,0.01
2023-08-11,HIGHAUS-23AUG11-B101.5,HIGHAUS-23AUG11,101-103F,101.0,101.0,103.0,between,between,0.0,0,107.06,no,0,0,0.0,0.01
2023-08-11,HIGHAUS-23AUG11-B103.5,HIGHAUS-23AUG11,103-105F,103.0,103.0,105.0,between,between,0.01,0,107.06,no,0,1523,0.0,0.01
2023-08-11,HIGHAUS-23AUG11-B105.5,HIGHAUS-23AUG11,105-107F,105.0,105.0,107.0,between,between,0.01,0,107.06,no,0,850,0.0,0.01
2023-08-11,HIGHAUS-23AUG11-B107.5,HIGHAUS-23AUG11,107-109F,107.0,107.0,109.0,between,between,0.49,1,107.06,yes,100,1022,0.01,1.0
2023-08-11,HIGHAUS-23AUG11-T108,HIGHAUS-23AUG11,Above 108F,108.0,108.0,,above,greater,0.01,0,107.06,no,0,509,0.0,0.11
2023-08-12,HIGHAUS-23AUG12-T101,HIGHAUS-23AUG12,Below 101F,101.0,,101.0,below,less,0.0,0,105.98,no,0,0,0.0,0.01
2023-08-12,HIGHAUS-23AUG12-B101.5,HIGHAUS-23AUG12,101-103F,101.0,101.0,103.0,between,between,0.0,0,105.98,no,0,0,0.0,0.01
2023-08-12,HIGHAUS-23AUG12-B103.5,HIGHAUS-23AUG12,103-105F,103.0,103.0,105.0,between,between,0.01,0,105.98,no,0,3761,0.0,0.01
2023-08-12,HIGHAUS-23AUG12-B105.5,HIGHAUS-23AUG12,105-107F,105.0,105.0,107.0,between,between,0.99,1,105.98,yes,100,314,0.01,1.0
2023-08-12,HIGHAUS-23AUG12-B107.5,HIGHAUS-23AUG12,107-109F,107.0,107.0,109.0,between,between,0.43,0,105.98,no,0,700,0.0,0.12
2023-08-12,HIGHAUS-23AUG12-T108,HIGHAUS-23AUG12,Above 108F,108.0,108.0,,above,greater,0.08,0,105.98,no,0,16,0.0,0.01
2023-08-13,HIGHAUS-23AUG13-B101.5,HIGHAUS-23AUG13,101-103F,101.0,101.0,103.0,between,between,0.01,0,105.98,no,0,867,0.0,0.01
2023-08-13,HIGHAUS-23AUG13-T101,HIGHAUS-23AUG13,Below 101F,101.0,,101.0,below,less,0.0,0,105.98,no,0,0,0.0,0.01
2023-08-13,HIGHAUS-23AUG13-B103.5,HIGHAUS-23AUG13,103-105F,103.0,103.0,105.0,between,between,0.01,0,105.98,no,0,3535,0.0,0.01
2023-08-13,HIGHAUS-23AUG13-B105.5,HIGHAUS-23AUG13,105-107F,105.0,105.0,107.0,between,between,0.84,1,105.98,yes,100,140,0.97,1.0
2023-08-13,HIGHAUS-23AUG13-B107.5,HIGHAUS-23AUG13,107-109F,107.0,107.0,109.0,between,between,0.2,0,105.98,no,0,359,0.0,0.03
2023-08-13,HIGHAUS-23AUG13-T108,HIGHAUS-23AUG13,Above 108F,108.0,108.0,,above,greater,0.0,0,105.98,no,0,0,0.0,0.02
2023-08-14,HIGHAUS-23AUG14-T101,HIGHAUS-23AUG14,Below 101F,101.0,,101.0,below,less,0.0,0,107.06,no,0,0,0.0,0.01
2023-08-14,HIGHAUS-23AUG14-B101.5,HIGHAUS-23AUG14,101-103F,101.0,101.0,103.0,between,between,0.07,0,107.06,no,0,222,0.0,0.01
2023-08-14,HIGHAUS-23AUG14-B103.5,HIGHAUS-23AUG14,103-105F,103.0,103.0,105.0,between,between,0.01,0,107.06,no,0,2196,0.0,0.01
2023-08-14,HIGHAUS-23AUG14-B105.5,HIGHAUS-23AUG14,105-107F,105.0,105.0,107.0,between,between,0.35,0,107.06,no,0,742,0.0,0.01
2023-08-14,HIGHAUS-23AUG14-B107.5,HIGHAUS-23AUG14,107-109F,107.0,107.0,109.0,between,between,0.06,1,107.06,yes,100,1939,0.97,1.0
2023-08-14,HIGHAUS-23AUG14-T108,HIGHAUS-23AUG14,Above 108F,108.0,108.0,,above,greater,0.03,0,107.06,no,0,1089,0.0,0.03
2023-08-15,HIGHAUS-23AUG15-B96.5,HIGHAUS-23AUG15,96-98F,96.0,96.0,98.0,between,between,0.0,0,102.02,no,0,0,0.0,0.01
2023-08-15,HIGHAUS-23AUG15-T96,HIGHAUS-23AUG15,Below 96F,96.0,,96.0,below,less,0.0,0,102.02,no,0,0,0.0,0.01
2023-08-15,HIGHAUS-23AUG15-B98.5,HIGHAUS-23AUG15,98-100F,98.0,98.0,100.0,between,between,0.03,0,102.02,no,0,500,0.0,0.01
2023-08-15,HIGHAUS-23AUG15-B100.5,HIGHAUS-23AUG15,100-102F,100.0,100.0,102.0,between,between,0.01,0,102.02,no,0,9841,0.0,0.01
2023-08-15,HIGHAUS-23AUG15-B102.5,HIGHAUS-23AUG15,102-104F,102.0,102.0,104.0,between,between,0.97,1,102.02,yes,100,399,0.97,1.0
2023-08-15,HIGHAUS-23AUG15-T103,HIGHAUS-23AUG15,Above 103F,103.0,103.0,,above,greater,0.04,0,102.02,no,0,703,0.0,0.03
2023-08-16,HIGHAUS-23AUG16-B99.5,HIGHAUS-23AUG16,99-101F,99.0,99.0,101.0,between,between,0.0,0,105.08,no,0,0,0.0,0.01
2023-08-16,HIGHAUS-23AUG16-T99,HIGHAUS-23AUG16,Below 99F,99.0,,99.0,below,less,0.06,0,105.08,no,0,3,0.0,0.01
2023-08-16,HIGHAUS-23AUG16-B101.5,HIGHAUS-23AUG16,101-103F,101.0,101.0,103.0,between,between,0.01,0,105.08,no,0,2208,0.0,0.01
2023-08-16,HIGHAUS-23AUG16-B103.5,HIGHAUS-23AUG16,103-105F,103.0,103.0,105.0,between,between,0.03,0,105.08,no,0,584,0.0,0.01
2023-08-16,HIGHAUS-23AUG16-B105.5,HIGHAUS-23AUG16,105-107F,105.0,105.0,107.0,between,between,0.98,1,105.08,yes,100,1761,0.98,1.0
2023-08-16,HIGHAUS-23AUG16-T106,HIGHAUS-23AUG16,Above 106F,106.0,106.0,,above,greater,0.0,0,105.08,no,0,0,0.0,0.03
2023-08-17,HIGHAUS-23AUG17-B102.5,HIGHAUS-23AUG17,102-104F,102.0,102.0,104.0,between,between,0.0,0,109.04,no,0,0,0.0,0.01
2023-08-17,HIGHAUS-23AUG17-T102,HIGHAUS-23AUG17,Below 102F,102.0,,102.0,below,less,0.0,0,109.04,no,0,0,0.0,0.01
2023-08-17,HIGHAUS-23AUG17-B104.5,HIGHAUS-23AUG17,104-106F,104.0,104.0,106.0,between,between,0.0,0,109.04,no,0,0,0.0,0.01
2023-08-17,HIGHAUS-23AUG17-B106.5,HIGHAUS-23AUG17,106-108F,106.0,106.0,108.0,between,between,0.19,0,109.04,no,0,322,0.0,0.01
2023-08-17,HIGHAUS-23AUG17-B108.5,HIGHAUS-23AUG17,108-110F,108.0,108.0,110.0,between,between,0.98,1,109.04,yes,100,503,0.03,1.0
2023-08-17,HIGHAUS-23AUG17-T109,HIGHAUS-23AUG17,Above 109F,109.0,109.0,,above,greater,0.01,0,109.04,no,0,801,0.0,0.99
2023-08-18,HIGHAUS-23AUG18-B102.5,HIGHAUS-23AUG18,102-104F,102.0,102.0,104.0,between,between,0.0,0,107.06,no,0,0,0.0,0.01
2023-08-18,HIGHAUS-23AUG18-T102,HIGHAUS-23AUG18,Below 102F,102.0,,102.0,below,less,0.0,0,107.06,no,0,0,0.0,0.01
2023-08-18,HIGHAUS-23AUG18-B104.5,HIGHAUS-23AUG18,104-106F,104.0,104.0,106.0,between,between,0.01,0,107.06,no,0,995,0.0,0.01
2023-08-18,HIGHAUS-23AUG18-B106.5,HIGHAUS-23AUG18,106-108F,106.0,106.0,108.0,between,between,0.95,1,107.06,yes,100,843,0.01,1.0
2023-08-18,HIGHAUS-23AUG18-B108.5,HIGHAUS-23AUG18,108-110F,108.0,108.0,110.0,between,between,0.21,0,107.06,no,0,783,0.0,0.75
2023-08-18,HIGHAUS-23AUG18-T109,HIGHAUS-23AUG18,Above 109F,109.0,109.0,,above,greater,0.01,0,107.06,no,0,77,0.0,0.03
2023-08-19,HIGHAUS-23AUG19-B100.5,HIGHAUS-23AUG19,100-102F,100.0,100.0,102.0,between,between,0.0,0,105.98,no,0,0,0.0,0.01
2023-08-19,HIGHAUS-23AUG19-T100,HIGHAUS-23AUG19,Below 100F,100.0,,100.0,below,less,0.01,0,105.98,no,0,200,0.0,0.01
2023-08-19,HIGHAUS-23AUG19-B102.5,HIGHAUS-23AUG19,102-104F,102.0,102.0,104.0,between,between,0.01,0,105.98,no,0,458,0.0,0.01
2023-08-19,HIGHAUS-23AUG19-B104.5,HIGHAUS-23AUG19,104-106F,104.0,104.0,106.0,between,between,0.75,0,105.98,no,0,684,0.0,0.01
2023-08-19,HIGHAUS-23AUG19-B106.5,HIGHAUS-23AUG19,106-108F,106.0,106.0,108.0,between,between,0.99,1,105.98,yes,100,545,0.97,1.0
2023-08-19,HIGHAUS-23AUG19-T107,HIGHAUS-23AUG19,Above 107F,107.0,107.0,,above,greater,0.0,0,105.98,no,0,0,0.0,0.03
2023-08-20,HIGHAUS-23AUG20-B102.5,HIGHAUS-23AUG20,102-104F,102.0,102.0,104.0,between,between,0.0,0,107.06,no,0,0,0.0,0.01
2023-08-20,HIGHAUS-23AUG20-T102,HIGHAUS-23AUG20,Below 102F,102.0,,102.0,below,less,0.0,0,107.06,no,0,0,0.0,0.01
2023-08-20,HIGHAUS-23AUG20-B104.5,HIGHAUS-23AUG20,104-106F,104.0,104.0,106.0,between,between,0.01,0,107.06,no,0,659,0.0,0.01
2023-08-20,HIGHAUS-23AUG20-B106.5,HIGHAUS-23AUG20,106-108F,106.0,106.0,108.0,between,between,0.96,1,107.06,yes,100,152,0.01,1.0
2023-08-20,HIGHAUS-23AUG20-B108.5,HIGHAUS-23AUG20,108-110F,108.0,108.0,110.0,between,between,0.37,0,107.06,no,0,513,0.0,0.99
2023-08-20,HIGHAUS-23AUG20-T109,HIGHAUS-23AUG20,Above 109F,109.0,109.0,,above,greater,0.0,0,107.06,no,0,0,0.0,0.04
2023-08-21,HIGHAUS-23AUG21-B100.5,HIGHAUS-23AUG21,100-102F,100.0,100.0,102.0,between,between,0.0,0,105.98,no,0,0,0.0,0.01
2023-08-21,HIGHAUS-23AUG21-T100,HIGHAUS-23AUG21,Below 100F,100.0,,100.0,below,less,0.03,0,105.98,no,0,40,0.0,0.01
2023-08-21,HIGHAUS-23AUG21-B102.5,HIGHAUS-23AUG21,102-104F,102.0,102.0,104.0,between,between,0.0,0,105.98,no,0,0,0.0,0.01
2023-08-21,HIGHAUS-23AUG21-B104.5,HIGHAUS-23AUG21,104-106F,104.0,104.0,106.0,between,between,0.03,0,105.98,no,0,1674,0.0,0.01
2023-08-21,HIGHAUS-23AUG21-B106.5,HIGHAUS-23AUG21,106-108F,106.0,106.0,108.0,between,between,0.97,1,105.98,yes,100,447,0.98,1.0
2023-08-21,HIGHAUS-23AUG21-T107,HIGHAUS-23AUG21,Above 107F,107.0,107.0,,above,greater,0.01,0,105.98,no,0,881,0.0,0.03
2023-08-22,HIGHAUS-23AUG22-B97.5,HIGHAUS-23AUG22,97-99F,97.0,97.0,99.0,between,between,0.2,0,100.04,no,0,3369,0.0,0.01
2023-08-22,HIGHAUS-23AUG22-T97,HIGHAUS-23AUG22,Below 97F,97.0,,97.0,below,less,0.03,0,100.04,no,0,3,0.0,0.01
2023-08-22,HIGHAUS-23AUG22-B99.5,HIGHAUS-23AUG22,99-101F,99.0,99.0,101.0,between,between,0.38,1,100.04,yes,100,778,0.65,1.0
2023-08-22,HIGHAUS-23AUG22-B101.5,HIGHAUS-23AUG22,101-103F,101.0,101.0,103.0,between,between,0.01,0,100.04,no,0,543,0.0,0.39
2023-08-22,HIGHAUS-23AUG22-B103.5,HIGHAUS-23AUG22,103-105F,103.0,103.0,105.0,between,between,0.03,0,100.04,no,0,619,0.0,0.01
2023-08-22,HIGHAUS-23AUG22-T104,HIGHAUS-23AUG22,Above 104F,104.0,104.0,,above,greater,0.06,0,100.04,no,0,1,0.0,0.02
2023-08-23,HIGHAUS-23AUG23-B98.5,HIGHAUS-23AUG23,98-100F,98.0,98.0,100.0,between,between,0.02,0,102.92,no,0,16,0.0,0.01
2023-08-23,HIGHAUS-23AUG23-T98,HIGHAUS-23AUG23,Below 98F,98.0,,98.0,below,less,0.0,0,102.92,no,0,0,0.0,0.01
2023-08-23,HIGHAUS-23AUG23-B100.5,HIGHAUS-23AUG23,100-102F,100.0,100.0,102.0,between,between,0.01,0,102.92,no,0,1017,0.0,0.01
2023-08-23,HIGHAUS-23AUG23-B102.5,HIGHAUS-23AUG23,102-104F,102.0,102.0,104.0,between,between,0.55,1,102.92,yes,100,167,0.32,1.0
2023-08-23,HIGHAUS-23AUG23-B104.5,HIGHAUS-23AUG23,104-106F,104.0,104.0,106.0,between,between,0.01,0,102.92,no,0,670,0.0,0.99
2023-08-23,HIGHAUS-23AUG23-T105,HIGHAUS-23AUG23,Above 105F,105.0,105.0,,above,greater,0.0,0,102.92,no,0,0,0.0,0.03
2023-08-24,HIGHAUS-23AUG24-T101,HIGHAUS-23AUG24,Below 101F,101.0,,101.0,below,less,0.0,0,105.98,no,0,0,0.0,0.01
2023-08-24,HIGHAUS-23AUG24-B101.5,HIGHAUS-23AUG24,101-103F,101.0,101.0,103.0,between,between,0.0,0,105.98,no,0,0,0.0,0.01
2023-08-24,HIGHAUS-23AUG24-B103.5,HIGHAUS-23AUG24,103-105F,103.0,103.0,105.0,between,between,0.01,0,105.98,no,0,1217,0.0,0.01
2023-08-24,HIGHAUS-23AUG24-B105.5,HIGHAUS-23AUG24,105-107F,105.0,105.0,107.0,between,between,0.6,1,105.98,yes,100,258,0.01,1.0
2023-08-24,HIGHAUS-23AUG24-B107.5,HIGHAUS-23AUG24,107-109F,107.0,107.0,109.0,between,between,0.01,0,105.98,no,0,586,0.0,0.06
2023-08-24,HIGHAUS-23AUG24-T108,HIGHAUS-23AUG24,Above 108F,108.0,108.0,,above,greater,0.0,0,105.98,no,0,0,0.0,0.01
2023-08-25,HIGHAUS-23AUG25-B100.5,HIGHAUS-23AUG25,100-102F,100.0,100.0,102.0,between,between,0.0,0,107.06,no,0,0,0.0,0.01
2023-08-25,HIGHAUS-23AUG25-T100,HIGHAUS-23AUG25,Below 100F,100.0,,100.0,below,less,0.01,0,107.06,no,0,10,0.0,0.01
2023-08-25,HIGHAUS-23AUG25-B102.5,HIGHAUS-23AUG25,102-104F,102.0,102.0,104.0,between,between,0.0,0,107.06,no,0,0,0.0,0.01
2023-08-25,HIGHAUS-23AUG25-B104.5,HIGHAUS-23AUG25,104-106F,104.0,104.0,106.0,between,between,0.26,0,107.06,no,0,457,0.0,0.01
2023-08-25,HIGHAUS-23AUG25-B106.5,HIGHAUS-23AUG25,106-108F,106.0,106.0,108.0,between,between,0.97,1,107.06,yes,100,414,0.2,1.0
2023-08-25,HIGHAUS-23AUG25-T107,HIGHAUS-23AUG25,Above 107F,107.0,107.0,,above,greater,0.09,0,107.06,no,0,297,0.0,0.95
2023-08-26,HIGHAUS-23AUG26-B99.5,HIGHAUS-23AUG26,99-101F,99.0,99.0,101.0,between,between,0.0,0,105.98,no,0,0,0.0,0.01
2023-08-26,HIGHAUS-23AUG26-T99,HIGHAUS-23AUG26,Below 99F,99.0,,99.0,below,less,0.01,0,105.98,no,0,10,0.0,0.01
2023-08-26,HIGHAUS-23AUG26-B101.5,HIGHAUS-23AUG26,101-103F,101.0,101.0,103.0,between,between,0.0,0,105.98,no,0,0,0.0,0.01
2023-08-26,HIGHAUS-23AUG26-B103.5,HIGHAUS-23AUG26,103-105F,103.0,103.0,105.0,between,between,0.01,0,105.98,no,0,3273,0.0,0.01
2023-08-26,HIGHAUS-23AUG26-B105.5,HIGHAUS-23AUG26,105-107F,105.0,105.0,107.0,between,between,0.93,1,105.98,yes,100,356,0.93,1.0
2023-08-26,HIGHAUS-23AUG26-T106,HIGHAUS-23AUG26,Above 106F,106.0,106.0,,above,greater,0.01,0,105.98,no,0,1167,0.0,0.66
2023-08-28,HIGHAUS-23AUG28-B96.5,HIGHAUS-23AUG28,96-98F,96.0,96.0,98.0,between,between,0.01,0,102.02,no,0,569,0.0,0.01
2023-08-28,HIGHAUS-23AUG28-T96,HIGHAUS-23AUG28,Below 96F,96.0,,96.0,below,less,0.01,0,102.02,no,0,210,0.0,0.01
2023-08-28,HIGHAUS-23AUG28-B98.5,HIGHAUS-23AUG28,98-100F,98.0,98.0,100.0,between,between,0.01,0,102.02,no,0,1218,0.0,0.01
2023-08-28,HIGHAUS-23AUG28-B100.5,HIGHAUS-23AUG28,100-102F,100.0,100.0,102.0,between,between,0.61,0,102.02,no,0,495,0.0,0.01
2023-08-28,HIGHAUS-23AUG28-B102.5,HIGHAUS-23AUG28,102-104F,102.0,102.0,104.0,between,between,0.16,1,102.02,yes,100,545,0.51,1.0
2023-08-28,HIGHAUS-23AUG28-T103,HIGHAUS-23AUG28,Above 103F,103.0,103.0,,above,greater,0.02,0,102.02,no,0,347,0.0,0.49
2023-08-29,HIGHAUS-23AUG29-B94.5,HIGHAUS-23AUG29,94-96F,94.0,94.0,96.0,between,between,0.01,0,100.04,no,0,2332,0.0,0.01
2023-08-29,HIGHAUS-23AUG29-T94,HIGHAUS-23AUG29,Below 94F,94.0,,94.0,below,less,0.01,0,100.04,no,0,1256,0.0,0.01
2023-08-29,HIGHAUS-23AUG29-B96.5,HIGHAUS-23AUG29,96-98F,96.0,96.0,98.0,between,between,0.01,0,100.04,no,0,2993,0.0,0.01
2023-08-29,HIGHAUS-23AUG29-B98.5,HIGHAUS-23AUG29,98-100F,98.0,98.0,100.0,between,between,0.01,0,100.04,no,0,5278,0.0,0.01
2023-08-29,HIGHAUS-23AUG29-B100.5,HIGHAUS-23AUG29,100-102F,100.0,100.0,102.0,between,between,0.98,1,100.04,yes,100,4252,0.99,1.0
2023-08-29,HIGHAUS-23AUG29-T101,HIGHAUS-23AUG29,Above 101F,101.0,101.0,,above,greater,0.01,0,100.04,no,0,2553,0.0,0.01
2023-08-30,HIGHAUS-23AUG30-B96.5,HIGHAUS-23AUG30,96-98F,96.0,96.0,98.0,between,between,0.0,0,100.94,no,0,0,0.0,0.01
2023-08-30,HIGHAUS-23AUG30-T96,HIGHAUS-23AUG30,Below 96F,96.0,,96.0,below,less,0.0,0,100.94,no,0,0,0.0,0.01
2023-08-30,HIGHAUS-23AUG30-B98.5,HIGHAUS-23AUG30,98-100F,98.0,98.0,100.0,between,between,0.01,0,100.94,no,0,502,0.0,0.01
2023-08-30,HIGHAUS-23AUG30-B100.5,HIGHAUS-23AUG30,100-102F,100.0,100.0,102.0,between,between,0.4,1,100.94,yes,100,15,0.12,1.0
2023-08-30,HIGHAUS-23AUG30-B102.5,HIGHAUS-23AUG30,102-104F,102.0,102.0,104.0,between,between,0.12,0,100.94,no,0,689,0.0,0.39
2023-08-30,HIGHAUS-23AUG30-T103,HIGHAUS-23AUG30,Above 103F,103.0,103.0,,above,greater,0.01,0,100.94,no,0,194,0.0,0.05
2023-08-31,HIGHAUS-23AUG31-B97.5,HIGHAUS-23AUG31,97-99F,97.0,97.0,99.0,between,between,0.01,0,102.92,no,0,20,0.0,0.01
2023-08-31,HIGHAUS-23AUG31-T97,HIGHAUS-23AUG31,Below 97F,97.0,,97.0,below,less,0.01,0,102.92,no,0,20,0.0,0.01
2023-08-31,HIGHAUS-23AUG31-B99.5,HIGHAUS-23AUG31,99-101F,99.0,99.0,101.0,between,between,0.08,0,102.92,no,0,66,0.0,0.01
2023-08-31,HIGHAUS-23AUG31-B101.5,HIGHAUS-23AUG31,101-103F,101.0,101.0,103.0,between,between,0.03,0,102.92,no,0,998,0.0,0.01
2023-08-31,HIGHAUS-23AUG31-B103.5,HIGHAUS-23AUG31,103-105F,103.0,103.0,105.0,between,between,0.31,1,102.92,yes,100,231,0.45,1.0
2023-08-31,HIGHAUS-23AUG31-T104,HIGHAUS-23AUG31,Above 104F,104.0,104.0,,above,greater,0.01,0,102.92,no,0,970,0.0,1.0
2023-09-01,HIGHAUS-23SEP01-B97.5,HIGHAUS-23SEP01,97-99F,97.0,97.0,99.0,between,between,0.0,0,100.94,no,0,0,0.0,0.01
2023-09-01,HIGHAUS-23SEP01-T97,HIGHAUS-23SEP01,Below 97F,97.0,,97.0,below,less,0.01,0,100.94,no,0,10,0.0,0.01
2023-09-01,HIGHAUS-23SEP01-B99.5,HIGHAUS-23SEP01,99-101F,99.0,99.0,101.0,between,between,0.03,0,100.94,no,0,546,0.0,0.01
2023-09-01,HIGHAUS-23SEP01-B101.5,HIGHAUS-23SEP01,101-103F,101.0,101.0,103.0,between,between,0.99,1,100.94,yes,100,753,0.35,1.0
2023-09-01,HIGHAUS-23SEP01-B103.5,HIGHAUS-23SEP01,103-105F,103.0,103.0,105.0,between,between,0.01,0,100.94,no,0,1936,0.0,1.0
2023-09-01,HIGHAUS-23SEP01-T104,HIGHAUS-23SEP01,Above 104F,104.0,104.0,,above,greater,0.03,0,100.94,no,0,1262,0.0,0.03
2023-09-02,HIGHAUS-23SEP02-B97.5,HIGHAUS-23SEP02,97-99F,97.0,97.0,99.0,between,between,0.0,0,102.02,no,0,0,0.0,0.01
2023-09-02,HIGHAUS-23SEP02-T97,HIGHAUS-23SEP02,Below 97F,97.0,,97.0,below,less,0.01,0,102.02,no,0,10,0.0,0.01
2023-09-02,HIGHAUS-23SEP02-B99.5,HIGHAUS-23SEP02,99-101F,99.0,99.0,101.0,between,between,0.01,0,102.02,no,0,286,0.0,0.01
2023-09-02,HIGHAUS-23SEP02-B101.5,HIGHAUS-23SEP02,101-103F,101.0,101.0,103.0,between,between,0.99,1,102.02,yes,100,525,0.65,1.0
2023-09-02,HIGHAUS-23SEP02-B103.5,HIGHAUS-23SEP02,103-105F,103.0,103.0,105.0,between,between,0.01,0,102.02,no,0,552,0.0,0.35
2023-09-02,HIGHAUS-23SEP02-T104,HIGHAUS-23SEP02,Above 104F,104.0,104.0,,above,greater,0.01,0,102.02,no,0,530,0.0,0.03
2023-09-03,HIGHAUS-23SEP03-B96.5,HIGHAUS-23SEP03,96-98F,96.0,96.0,98.0,between,between,0.0,0,102.02,no,0,0,0.0,0.01
2023-09-03,HIGHAUS-23SEP03-T96,HIGHAUS-23SEP03,Below 96F,96.0,,96.0,below,less,0.0,0,102.02,no,0,0,0.0,0.01
2023-09-03,HIGHAUS-23SEP03-B98.5,HIGHAUS-23SEP03,98-100F,98.0,98.0,100.0,between,between,0.0,0,102.02,no,0,0,0.0,0.01
2023-09-03,HIGHAUS-23SEP03-B100.5,HIGHAUS-23SEP03,100-102F,100.0,100.0,102.0,between,between,0.01,0,102.02,no,0,636,0.0,0.01
2023-09-03,HIGHAUS-23SEP03-B102.5,HIGHAUS-23SEP03,102-104F,102.0,102.0,104.0,between,between,0.99,1,102.02,yes,100,336,0.01,0.97
2023-09-03,HIGHAUS-23SEP03-T103,HIGHAUS-23SEP03,Above 103F,103.0,103.0,,above,greater,0.01,0,102.02,no,0,708,0.0,0.99
2023-09-04,HIGHAUS-23SEP04-T96,HIGHAUS-23SEP04,Below 96F,96.0,,96.0,below,less,0.0,0,102.92,no,0,0,0.0,0.01
2023-09-04,HIGHAUS-23SEP04-B96.5,HIGHAUS-23SEP04,96-98F,96.0,96.0,98.0,between,between,0.0,0,102.92,no,0,0,0.0,0.01
2023-09-04,HIGHAUS-23SEP04-B98.5,HIGHAUS-23SEP04,98-100F,98.0,98.0,100.0,between,between,0.03,0,102.92,no,0,200,0.0,0.01
2023-09-04,HIGHAUS-23SEP04-B100.5,HIGHAUS-23SEP04,100-102F,100.0,100.0,102.0,between,between,0.41,0,102.92,no,0,899,0.0,0.01
2023-09-04,HIGHAUS-23SEP04-B102.5,HIGHAUS-23SEP04,102-104F,102.0,102.0,104.0,between,between,0.99,1,102.92,yes,100,1446,0.51,1.0
2023-09-04,HIGHAUS-23SEP04-T103,HIGHAUS-23SEP04,Above 103F,103.0,103.0,,above,greater,0.07,0,102.92,no,0,454,0.0,0.49
2023-09-05,HIGHAUS-23SEP05-B97.5,HIGHAUS-23SEP05,97-99F,97.0,97.0,99.0,between,between,0.0,0,105.08,no,0,0,0.0,0.01
2023-09-05,HIGHAUS-23SEP05-T97,HIGHAUS-23SEP05,Below 97F,97.0,,97.0,below,less,0.0,0,105.08,no,0,0,0.0,0.01
2023-09-05,HIGHAUS-23SEP05-B99.5,HIGHAUS-23SEP05,99-101F,99.0,99.0,101.0,between,between,0.0,0,105.08,no,0,0,0.0,0.01
2023-09-05,HIGHAUS-23SEP05-B101.5,HIGHAUS-23SEP05,101-103F,101.0,101.0,103.0,between,between,0.31,0,105.08,no,0,367,0.0,0.01
2023-09-05,HIGHAUS-23SEP05-B103.5,HIGHAUS-23SEP05,103-105F,103.0,103.0,105.0,between,between,0.01,0,105.08,no,0,2702,0.0,0.01
2023-09-05,HIGHAUS-23SEP05-T104,HIGHAUS-23SEP05,Above 104F,104.0,104.0,,above,greater,0.99,1,105.08,yes,100,802,0.97,1.0
2023-09-06,HIGHAUS-23SEP06-B98.5,HIGHAUS-23SEP06,98-100F,98.0,98.0,100.0,between,between,0.0,0,102.92,no,0,0,0.0,0.01
2023-09-06,HIGHAUS-23SEP06-T98,HIGHAUS-23SEP06,Below 98F,98.0,,98.0,below,less,0.0,0,102.92,no,0,0,0.0,0.01
2023-09-06,HIGHAUS-23SEP06-B100.5,HIGHAUS-23SEP06,100-102F,100.0,100.0,102.0,between,between,0.13,0,102.92,no,0,5,0.0,0.01
2023-09-06,HIGHAUS-23SEP06-B102.5,HIGHAUS-23SEP06,102-104F,102.0,102.0,104.0,between,between,0.97,1,102.92,yes,100,1947,0.69,1.0
2023-09-06,HIGHAUS-23SEP06-B104.5,HIGHAUS-23SEP06,104-106F,104.0,104.0,106.0,between,between,0.03,0,102.92,no,0,1067,0.0,0.31
2023-09-06,HIGHAUS-23SEP06-T105,HIGHAUS-23SEP06,Above 105F,105.0,105.0,,above,greater,0.01,0,102.92,no,0,333,0.0,0.3
2023-09-07,HIGHAUS-23SEP07-B100.5,HIGHAUS-23SEP07,100-102F,100.0,100.0,102.0,between,between,0.0,0,105.98,no,0,0,0.0,0.01
2023-09-07,HIGHAUS-23SEP07-T100,HIGHAUS-23SEP07,Below 100F,100.0,,100.0,below,less,0.0,0,105.98,no,0,0,0.0,0.01
2023-09-07,HIGHAUS-23SEP07-B102.5,HIGHAUS-23SEP07,102-104F,102.0,102.0,104.0,between,between,0.0,0,105.98,no,0,0,0.0,0.01
2023-09-07,HIGHAUS-23SEP07-B104.5,HIGHAUS-23SEP07,104-106F,104.0,104.0,106.0,between,between,0.02,0,105.98,no,0,1071,0.0,0.01
2023-09-07,HIGHAUS-23SEP07-B106.5,HIGHAUS-23SEP07,106-108F,106.0,106.0,108.0,between,between,0.41,1,105.98,yes,100,851,0.51,1.0
2023-09-07,HIGHAUS-23SEP07-T107,HIGHAUS-23SEP07,Above 107F,107.0,107.0,,above,greater,0.05,0,105.98,no,0,102,0.0,0.99
2023-09-08,HIGHAUS-23SEP08-B102.5,HIGHAUS-23SEP08,102-104F,102.0,102.0,104.0,between,between,0.0,0,107.06,no,0,0,0.0,0.01
2023-09-08,HIGHAUS-23SEP08-T102,HIGHAUS-23SEP08,Below 102F,102.0,,102.0,below,less,0.0,0,107.06,no,0,0,0.0,0.01
2023-09-08,HIGHAUS-23SEP08-B104.5,HIGHAUS-23SEP08,104-106F,104.0,104.0,106.0,between,between,0.28,0,107.06,no,0,10,0.0,0.01
2023-09-08,HIGHAUS-23SEP08-B106.5,HIGHAUS-23SEP08,106-108F,106.0,106.0,108.0,between,between,0.99,1,107.06,yes,100,964,0.5,1.0
2023-09-08,HIGHAUS-23SEP08-B108.5,HIGHAUS-23SEP08,108-110F,108.0,108.0,110.0,between,between,0.01,0,107.06,no,0,515,0.0,0.5
2023-09-08,HIGHAUS-23SEP08-T109,HIGHAUS-23SEP08,Above 109F,109.0,109.0,,above,greater,0.04,0,107.06,no,0,196,0.0,1.0
2023-09-09,HIGHAUS-23SEP09-B99.5,HIGHAUS-23SEP09,99-101F,99.0,99.0,101.0,between,between,0.01,0,104.0,no,0,299,0.0,0.01
2023-09-09,HIGHAUS-23SEP09-T99,HIGHAUS-23SEP09,Below 99F,99.0,,99.0,below,less,0.01,0,104.0,no,0,10,0.0,0.01
2023-09-09,HIGHAUS-23SEP09-B101.5,HIGHAUS-23SEP09,101-103F,101.0,101.0,103.0,between,between,0.09,0,104.0,no,0,214,0.0,0.01
2023-09-09,HIGHAUS-23SEP09-B103.5,HIGHAUS-23SEP09,103-105F,103.0,103.0,105.0,between,between,0.95,1,104.0,yes,100,1047,0.5,1.0
2023-09-09,HIGHAUS-23SEP09-B105.5,HIGHAUS-23SEP09,105-107F,105.0,105.0,107.0,between,between,0.04,0,104.0,no,0,1086,0.0,0.03
2023-09-09,HIGHAUS-23SEP09-T106,HIGHAUS-23SEP09,Above 106F,106.0,106.0,,above,greater,0.03,0,104.0,no,0,1348,0.0,0.03
2023-09-10,HIGHAUS-23SEP10-B95.5,HIGHAUS-23SEP10,95-97F,95.0,95.0,97.0,between,between,0.01,0,100.04,no,0,66,0.0,0.04
2023-09-10,HIGHAUS-23SEP10-T95,HIGHAUS-23SEP10,Below 95F,95.0,,95.0,below,less,0.0,0,100.04,no,0,0,0.0,0.01
2023-09-10,HIGHAUS-23SEP10-B97.5,HIGHAUS-23SEP10,97-99F,97.0,97.0,99.0,between,between,0.09,0,100.04,no,0,125,0.0,0.01
2023-09-10,HIGHAUS-23SEP10-B99.5,HIGHAUS-23SEP10,99-101F,99.0,99.0,101.0,between,between,0.61,1,100.04,yes,100,457,0.75,1.0
2023-09-10,HIGHAUS-23SEP10-B101.5,HIGHAUS-23SEP10,101-103F,101.0,101.0,103.0,between,between,0.39,0,100.04,no,0,382,0.0,0.99
2023-09-10,HIGHAUS-23SEP10-T102,HIGHAUS-23SEP10,Above 102F,102.0,102.0,,above,greater,0.01,0,100.04,no,0,149,0.0,0.28
2023-09-11,HIGHAUS-23SEP11-B94.5,HIGHAUS-23SEP11,94-96F,94.0,94.0,96.0,between,between,0.02,0,98.96,no,0,11,0.0,0.01
2023-09-11,HIGHAUS-23SEP11-T94,HIGHAUS-23SEP11,Below 94F,94.0,,94.0,below,less,0.0,0,98.96,no,0,0,0.0,0.01
2023-09-11,HIGHAUS-23SEP11-B96.5,HIGHAUS-23SEP11,96-98F,96.0,96.0,98.0,between,between,0.38,0,98.96,no,0,845,0.0,0.01
2023-09-11,HIGHAUS-23SEP11-B98.5,HIGHAUS-23SEP11,98-100F,98.0,98.0,100.0,between,between,0.97,1,98.96,yes,100,409,0.97,1.0
2023-09-11,HIGHAUS-23SEP11-B100.5,HIGHAUS-23SEP11,100-102F,100.0,100.0,102.0,between,between,0.34,0,98.96,no,0,1271,0.0,0.03
2023-09-11,HIGHAUS-23SEP11-T101,HIGHAUS-23SEP11,Above 101F,101.0,101.0,,above,greater,0.03,0,98.96,no,0,111,0.0,0.01
2023-09-12,HIGHAUS-23SEP12-B91.5,HIGHAUS-23SEP12,91-93F,91.0,91.0,93.0,between,between,0.0,0,95.0,no,0,0,0.0,0.01
2023-09-12,HIGHAUS-23SEP12-T91,HIGHAUS-23SEP12,Below 91F,91.0,,91.0,below,less,0.01,0,95.0,no,0,7,0.0,0.01
2023-09-12,HIGHAUS-23SEP12-B93.5,HIGHAUS-23SEP12,93-95F,93.0,93.0,95.0,between,between,0.03,0,95.0,no,0,489,0.0,0.01
2023-09-12,HIGHAUS-23SEP12-B95.5,HIGHAUS-23SEP12,95-97F,95.0,95.0,97.0,between,between,0.53,1,95.0,yes,100,846,0.53,1.0
2023-09-12,HIGHAUS-23SEP12-B97.5,HIGHAUS-23SEP12,97-99F,97.0,97.0,99.0,between,between,0.03,0,95.0,no,0,1081,0.0,0.97
2023-09-12,HIGHAUS-23SEP12-T98,HIGHAUS-23SEP12,Above 98F,98.0,98.0,,above,greater,0.03,0,95.0,no,0,1050,0.0,0.03
2023-09-13,HIGHAUS-23SEP13-B87.5,HIGHAUS-23SEP13,87-89F,87.0,87.0,89.0,between,between,0.03,0,91.04,no,0,215,0.0,0.03
2023-09-13,HIGHAUS-23SEP13-T87,HIGHAUS-23SEP13,Below 87F,87.0,,87.0,below,less,0.01,0,91.04,no,0,104,0.0,0.01
2023-09-13,HIGHAUS-23SEP13-B89.5,HIGHAUS-23SEP13,89-91F,89.0,89.0,91.0,between,between,0.11,0,91.04,no,0,1223,0.0,0.02
2023-09-13,HIGHAUS-23SEP13-B91.5,HIGHAUS-23SEP13,91-93F,91.0,91.0,93.0,between,between,0.69,1,91.04,yes,100,713,0.51,1.0
2023-09-13,HIGHAUS-23SEP13-B93.5,HIGHAUS-23SEP13,93-95F,93.0,93.0,95.0,between,between,0.25,0,91.04,no,0,619,0.0,0.59
2023-09-13,HIGHAUS-23SEP13-T94,HIGHAUS-23SEP13,Above 94F,94.0,94.0,,above,greater,0.01,0,91.04,no,0,810,0.0,0.1
2023-09-14,HIGHAUS-23SEP14-B89.5,HIGHAUS-23SEP14,89-91F,89.0,89.0,91.0,between,between,0.03,0,96.98,no,0,251,0.0,0.01
2023-09-14,HIGHAUS-23SEP14-T89,HIGHAUS-23SEP14,Below 89F,89.0,,89.0,below,less,0.01,0,96.98,no,0,367,0.0,0.01
2023-09-14,HIGHAUS-23SEP14-B91.5,HIGHAUS-23SEP14,91-93F,91.0,91.0,93.0,between,between,0.01,0,96.98,no,0,471,0.0,0.01
2023-09-14,HIGHAUS-23SEP14-B93.5,HIGHAUS-23SEP14,93-95F,93.0,93.0,95.0,between,between,0.15,0,96.98,no,0,444,0.0,0.01
2023-09-14,HIGHAUS-23SEP14-B95.5,HIGHAUS-23SEP14,95-97F,95.0,95.0,97.0,between,between,0.33,0,96.98,no,0,664,0.0,0.01
2023-09-14,HIGHAUS-23SEP14-T96,HIGHAUS-23SEP14,Above 96F,96.0,96.0,,above,greater,0.5,1,96.98,yes,100,614,0.99,1.0
2023-09-15,HIGHAUS-23SEP15-T86,HIGHAUS-23SEP15,Below 86F,86.0,,86.0,below,less,0.03,0,91.94,no,0,685,0.0,0.01
2023-09-15,HIGHAUS-23SEP15-B86.5,HIGHAUS-23SEP15,86-88F,86.0,86.0,88.0,between,between,0.01,0,91.94,no,0,1245,0.0,0.01
2023-09-15,HIGHAUS-23SEP15-B88.5,HIGHAUS-23SEP15,88-90F,88.0,88.0,90.0,between,between,0.3,0,91.94,no,0,1140,0.0,0.01
2023-09-15,HIGHAUS-23SEP15-B90.5,HIGHAUS-23SEP15,90-92F,90.0,90.0,92.0,between,between,0.33,0,91.94,no,0,1323,0.0,0.01
2023-09-15,HIGHAUS-23SEP15-B92.5,HIGHAUS-23SEP15,92-94F,92.0,92.0,94.0,between,between,0.67,1,91.94,yes,100,797,0.99,1.0
2023-09-15,HIGHAUS-23SEP15-T93,HIGHAUS-23SEP15,Above 93F,93.0,93.0,,above,greater,0.04,0,91.94,no,0,754,0.0,0.01
2023-09-16,HIGHAUS-23SEP16-T83,HIGHAUS-23SEP16,Below 83F,83.0,,83.0,below,less,0.03,0,86.0,no,0,668,0.0,0.01
2023-09-16,HIGHAUS-23SEP16-B83.5,HIGHAUS-23SEP16,83-85F,83.0,83.0,85.0,between,between,0.03,0,86.0,no,0,835,0.0,0.01
2023-09-16,HIGHAUS-23SEP16-B85.5,HIGHAUS-23SEP16,85-87F,85.0,85.0,87.0,between,between,0.98,1,86.0,yes,100,987,0.97,1.0
2023-09-16,HIGHAUS-23SEP16-B87.5,HIGHAUS-23SEP16,87-89F,87.0,87.0,89.0,between,between,0.21,0,86.0,no,0,743,0.0,0.54
2023-09-16,HIGHAUS-23SEP16-B89.5,HIGHAUS-23SEP16,89-91F,89.0,89.0,91.0,between,between,0.02,0,86.0,no,0,1437,0.0,0.19
2023-09-16,HIGHAUS-23SEP16-T90,HIGHAUS-23SEP16,Above 90F,90.0,90.0,,above,greater,0.02,0,86.0,no,0,1513,0.0,0.09
2023-09-17,HIGHAUS-23SEP17-B86.5,HIGHAUS-23SEP17,86-88F,86.0,86.0,88.0,between,between,0.0,0,93.92,no,0,0,0.0,0.01
2023-09-17,HIGHAUS-23SEP17-T86,HIGHAUS-23SEP17,Below 86F,86.0,,86.0,below,less,0.0,0,93.92,no,0,0,0.0,0.01
2023-09-17,HIGHAUS-23SEP17-B88.5,HIGHAUS-23SEP17,88-90F,88.0,88.0,90.0,between,between,0.03,0,93.92,no,0,186,0.0,0.01
2023-09-17,HIGHAUS-23SEP17-B90.5,HIGHAUS-23SEP17,90-92F,90.0,90.0,92.0,between,between,0.34,0,93.92,no,0,817,0.0,0.01
2023-09-17,HIGHAUS-23SEP17-B92.5,HIGHAUS-23SEP17,92-94F,92.0,92.0,94.0,between,between,0.5,0,93.92,no,0,207,0.0,0.01
2023-09-17,HIGHAUS-23SEP17-T93,HIGHAUS-23SEP17,Above 93F,93.0,93.0,,above,greater,0.99,1,93.92,yes,100,659,0.99,1.0
2023-09-18,HIGHAUS-23SEP18-B89.5,HIGHAUS-23SEP18,89-91F,89.0,89.0,91.0,between,between,0.0,0,96.98,no,0,0,0.0,0.01
2023-09-18,HIGHAUS-23SEP18-T89,HIGHAUS-23SEP18,Below 89F,89.0,,89.0,below,less,0.0,0,96.98,no,0,0,0.0,0.01
2023-09-18,HIGHAUS-23SEP18-B91.5,HIGHAUS-23SEP18,91-93F,91.0,91.0,93.0,between,between,0.1,0,96.98,no,0,8,0.0,0.01
2023-09-18,HIGHAUS-23SEP18-B93.5,HIGHAUS-23SEP18,93-95F,93.0,93.0,95.0,between,between,0.01,0,96.98,no,0,1805,0.0,0.01
2023-09-18,HIGHAUS-23SEP18-B95.5,HIGHAUS-23SEP18,95-97F,95.0,95.0,97.0,between,between,0.31,0,96.98,no,0,387,0.0,0.01
2023-09-18,HIGHAUS-23SEP18-T96,HIGHAUS-23SEP18,Above 96F,96.0,96.0,,above,greater,0.04,1,96.98,yes,100,18,0.99,1.0
2023-09-19,HIGHAUS-23SEP19-B90.5,HIGHAUS-23SEP19,90-92F,90.0,90.0,92.0,between,between,0.0,0,96.98,no,0,0,0.0,0.01
2023-09-19,HIGHAUS-23SEP19-T90,HIGHAUS-23SEP19,Below 90F,90.0,,90.0,below,less,0.01,0,96.98,no,0,100,0.0,0.01
2023-09-19,HIGHAUS-23SEP19-B92.5,HIGHAUS-23SEP19,92-94F,92.0,92.0,94.0,between,between,0.11,0,96.98,no,0,4,0.0,0.01
2023-09-19,HIGHAUS-23SEP19-B94.5,HIGHAUS-23SEP19,94-96F,94.0,94.0,96.0,between,between,0.01,0,96.98,no,0,2111,0.0,0.01
2023-09-19,HIGHAUS-23SEP19-B96.5,HIGHAUS-23SEP19,96-98F,96.0,96.0,98.0,between,between,0.22,1,96.98,yes,100,785,0.97,1.0
2023-09-19,HIGHAUS-23SEP19-T97,HIGHAUS-23SEP19,Above 97F,97.0,97.0,,above,greater,0.2,0,96.98,no,0,66,0.0,0.03
2023-09-20,HIGHAUS-23SEP20-B92.5,HIGHAUS-23SEP20,92-94F,92.0,92.0,94.0,between,between,0.03,0,98.96,no,0,10,0.0,0.01
2023-09-20,HIGHAUS-23SEP20-T92,HIGHAUS-23SEP20,Below 92F,92.0,,92.0,below,less,0.01,0,98.96,no,0,10,0.0,0.01
2023-09-20,HIGHAUS-23SEP20-B94.5,HIGHAUS-23SEP20,94-96F,94.0,94.0,96.0,between,between,0.03,0,98.96,no,0,10,0.0,0.01
2023-09-20,HIGHAUS-23SEP20-B96.5,HIGHAUS-23SEP20,96-98F,96.0,96.0,98.0,between,between,0.01,0,98.96,no,0,1444,0.0,0.01
2023-09-20,HIGHAUS-23SEP20-B98.5,HIGHAUS-23SEP20,98-100F,98.0,98.0,100.0,between,between,0.97,1,98.96,yes,100,280,0.97,1.0
2023-09-20,HIGHAUS-23SEP20-T99,HIGHAUS-23SEP20,Above 99F,99.0,99.0,,above,greater,0.14,0,98.96,no,0,749,0.0,0.01
2023-09-21,HIGHAUS-23SEP21-T93,HIGHAUS-23SEP21,Below 93F,93.0,,93.0,below,less,0.0,0,98.06,no,0,0,0.0,0.01
2023-09-21,HIGHAUS-23SEP21-B93.5,HIGHAUS-23SEP21,93-95F,93.0,93.0,95.0,between,between,0.01,0,98.06,no,0,20,0.0,0.01
2023-09-21,HIGHAUS-23SEP21-B95.5,HIGHAUS-23SEP21,95-97F,95.0,95.0,97.0,between,between,0.08,0,98.06,no,0,130,0.0,0.01
2023-09-21,HIGHAUS-23SEP21-B97.5,HIGHAUS-23SEP21,97-99F,97.0,97.0,99.0,between,between,0.54,1,98.06,yes,100,692,0.03,1.0
2023-09-21,HIGHAUS-23SEP21-B99.5,HIGHAUS-23SEP21,99-101F,99.0,99.0,101.0,between,between,0.55,0,98.06,no,0,465,0.0,1.0
2023-09-21,HIGHAUS-23SEP21-T100,HIGHAUS-23SEP21,Above 100F,100.0,100.0,,above,greater,0.04,0,98.06,no,0,507,0.0,0.19
2023-09-22,HIGHAUS-23SEP22-T94,HIGHAUS-23SEP22,Below 94F,94.0,,94.0,below,less,0.0,0,100.04,no,0,0,0.0,0.01
2023-09-22,HIGHAUS-23SEP22-B94.5,HIGHAUS-23SEP22,94-96F,94.0,94.0,96.0,between,between,0.05,0,100.04,no,0,141,0.0,0.01
2023-09-22,HIGHAUS-23SEP22-B96.5,HIGHAUS-23SEP22,96-98F,96.0,96.0,98.0,between,between,0.03,0,100.04,no,0,605,0.0,0.01
2023-09-22,HIGHAUS-23SEP22-B98.5,HIGHAUS-23SEP22,98-100F,98.0,98.0,100.0,between,between,0.49,0,100.04,no,0,554,0.0,0.01
2023-09-22,HIGHAUS-23SEP22-B100.5,HIGHAUS-23SEP22,100-102F,100.0,100.0,102.0,between,between,0.48,1,100.04,yes,100,567,0.51,1.0
2023-09-22,HIGHAUS-23SEP22-T101,HIGHAUS-23SEP22,Above 101F,101.0,101.0,,above,greater,0.05,0,100.04,no,0,76,0.0,0.07
2023-09-23,HIGHAUS-23SEP23-B94.5,HIGHAUS-23SEP23,94-96F,94.0,94.0,96.0,between,between,0.03,0,100.94,no,0,10,0.0,0.01
2023-09-23,HIGHAUS-23SEP23-T94,HIGHAUS-23SEP23,Below 94F,94.0,,94.0,below,less,0.01,0,100.94,no,0,8,0.0,0.01
2023-09-23,HIGHAUS-23SEP23-B96.5,HIGHAUS-23SEP23,96-98F,96.0,96.0,98.0,between,between,0.13,0,100.94,no,0,2,0.0,0.01
2023-09-23,HIGHAUS-23SEP23-B98.5,HIGHAUS-23SEP23,98-100F,98.0,98.0,100.0,between,between,0.01,0,100.94,no,0,157,0.0,0.01
2023-09-23,HIGHAUS-23SEP23-B100.5,HIGHAUS-23SEP23,100-102F,100.0,100.0,102.0,between,between,0.87,1,100.94,yes,100,402,0.03,0.97
2023-09-23,HIGHAUS-23SEP23-T101,HIGHAUS-23SEP23,Above 101F,101.0,101.0,,above,greater,0.15,0,100.94,no,0,655,0.0,0.79
2023-09-24,HIGHAUS-23SEP24-T95,HIGHAUS-23SEP24,Below 95F,95.0,,95.0,below,less,0.01,0,102.92,no,0,10,0.0,0.01
2023-09-24,HIGHAUS-23SEP24-B95.5,HIGHAUS-23SEP24,95-97F,95.0,95.0,97.0,between,between,0.03,0,102.92,no,0,10,0.0,0.01
2023-09-24,HIGHAUS-23SEP24-B97.5,HIGHAUS-23SEP24,97-99F,97.0,97.0,99.0,between,between,0.03,0,102.92,no,0,10,0.0,0.01
2023-09-24,HIGHAUS-23SEP24-B99.5,HIGHAUS-23SEP24,99-101F,99.0,99.0,101.0,between,between,0.03,0,102.92,no,0,300,0.0,0.01
2023-09-24,HIGHAUS-23SEP24-B101.5,HIGHAUS-23SEP24,101-103F,101.0,101.0,103.0,between,between,0.56,0,102.92,no,0,116,0.0,0.01
2023-09-24,HIGHAUS-23SEP24-T102,HIGHAUS-23SEP24,Above 102F,102.0,102.0,,above,greater,0.57,1,102.92,yes,100,251,0.99,1.0
2023-09-25,HIGHAUS-23SEP25-T88,HIGHAUS-23SEP25,Below 88F,88.0,,88.0,below,less,0.0,0,98.96,no,0,0,0.0,0.01
2023-09-25,HIGHAUS-23SEP25-B88.5,HIGHAUS-23SEP25,88-90F,88.0,88.0,90.0,between,between,0.03,0,98.96,no,0,10,0.0,0.01
2023-09-25,HIGHAUS-23SEP25-B90.5,HIGHAUS-23SEP25,90-92F,90.0,90.0,92.0,between,between,0.03,0,98.96,no,0,10,0.0,0.01
2023-09-25,HIGHAUS-23SEP25-B92.5,HIGHAUS-23SEP25,92-94F,92.0,92.0,94.0,between,between,0.08,0,98.96,no,0,300,0.0,0.01
2023-09-25,HIGHAUS-23SEP25-B94.5,HIGHAUS-23SEP25,94-96F,94.0,94.0,96.0,between,between,0.53,0,98.96,no,0,4,0.0,0.01
2023-09-25,HIGHAUS-23SEP25-T95,HIGHAUS-23SEP25,Above 95F,95.0,95.0,,above,greater,0.99,1,98.96,yes,100,2023,0.99,1.0
2023-09-26,HIGHAUS-23SEP26-B88.5,HIGHAUS-23SEP26,88-90F,88.0,88.0,90.0,between,between,0.03,0,96.98,no,0,10,0.0,0.01
2023-09-26,HIGHAUS-23SEP26-T88,HIGHAUS-23SEP26,Below 88F,88.0,,88.0,below,less,0.01,0,96.98,no,0,10,0.0,0.01
2023-09-26,HIGHAUS-23SEP26-B90.5,HIGHAUS-23SEP26,90-92F,90.0,90.0,92.0,between,between,0.03,0,96.98,no,0,10,0.0,0.03
2023-09-26,HIGHAUS-23SEP26-B92.5,HIGHAUS-23SEP26,92-94F,92.0,92.0,94.0,between,between,0.25,0,96.98,no,0,1226,0.0,0.01
2023-09-26,HIGHAUS-23SEP26-B94.5,HIGHAUS-23SEP26,94-96F,94.0,94.0,96.0,between,between,0.28,0,96.98,no,0,340,0.0,0.01
2023-09-26,HIGHAUS-23SEP26-T95,HIGHAUS-23SEP26,Above 95F,95.0,95.0,,above,greater,0.75,1,96.98,yes,100,793,0.99,1.0
2023-09-27,HIGHAUS-23SEP27-B91.5,HIGHAUS-23SEP27,91-93F,91.0,91.0,93.0,between,between,0.03,0,93.92,no,0,10,0.0,0.01
2023-09-27,HIGHAUS-23SEP27-T91,HIGHAUS-23SEP27,Below 91F,91.0,,91.0,below,less,0.0,0,93.92,no,0,0,0.0,0.01
2023-09-27,HIGHAUS-23SEP27-B93.5,HIGHAUS-23SEP27,93-95F,93.0,93.0,95.0,between,between,0.13,1,93.92,yes,100,4,0.62,1.0
2023-09-27,HIGHAUS-23SEP27-B95.5,HIGHAUS-23SEP27,95-97F,95.0,95.0,97.0,between,between,0.19,0,93.92,no,0,188,0.0,0.38
2023-09-27,HIGHAUS-23SEP27-B97.5,HIGHAUS-23SEP27,97-99F,97.0,97.0,99.0,between,between,0.03,0,93.92,no,0,379,0.0,0.03
2023-09-27,HIGHAUS-23SEP27-T98,HIGHAUS-23SEP27,Above 98F,98.0,98.0,,above,greater,0.1,0,93.92,no,0,938,0.0,0.03
2023-09-28,HIGHAUS-23SEP28-T92,HIGHAUS-23SEP28,Below 92F,92.0,,92.0,below,less,0.0,0,96.08,no,0,0,0.0,0.01
2023-09-28,HIGHAUS-23SEP28-B92.5,HIGHAUS-23SEP28,92-94F,92.0,92.0,94.0,between,between,0.03,0,96.08,no,0,210,0.0,0.01
2023-09-28,HIGHAUS-23SEP28-B94.5,HIGHAUS-23SEP28,94-96F,94.0,94.0,96.0,between,between,0.01,0,96.08,no,0,730,0.0,0.01
2023-09-28,HIGHAUS-23SEP28-B96.5,HIGHAUS-23SEP28,96-98F,96.0,96.0,98.0,between,between,0.25,1,96.08,yes,100,451,0.35,1.0
2023-09-28,HIGHAUS-23SEP28-B98.5,HIGHAUS-23SEP28,98-100F,98.0,98.0,100.0,between,between,0.03,0,96.08,no,0,518,0.0,0.33
2023-09-28,HIGHAUS-23SEP28-T99,HIGHAUS-23SEP28,Above 99F,99.0,99.0,,above,greater,0.01,0,96.08,no,0,172,0.0,0.3
2023-09-29,HIGHAUS-23SEP29-B91.5,HIGHAUS-23SEP29,91-93F,91.0,91.0,93.0,between,between,0.03,0,96.98,no,0,10,0.0,0.01
2023-09-29,HIGHAUS-23SEP29-T91,HIGHAUS-23SEP29,Below 91F,91.0,,91.0,below,less,0.0,0,96.98,no,0,0,0.0,0.01
2023-09-29,HIGHAUS-23SEP29-B93.5,HIGHAUS-23SEP29,93-95F,93.0,93.0,95.0,between,between,0.08,0,96.98,no,0,135,0.0,0.01
2023-09-29,HIGHAUS-23SEP29-B95.5,HIGHAUS-23SEP29,95-97F,95.0,95.0,97.0,between,between,0.5,0,96.98,no,0,406,0.0,0.01
2023-09-29,HIGHAUS-23SEP29-B97.5,HIGHAUS-23SEP29,97-99F,97.0,97.0,99.0,between,between,0.52,1,96.98,yes,100,347,0.65,1.0
2023-09-29,HIGHAUS-23SEP29-T98,HIGHAUS-23SEP29,Above 98F,98.0,98.0,,above,greater,0.11,0,96.98,no,0,223,0.0,1.0
2023-09-30,HIGHAUS-23SEP30-T90,HIGHAUS-23SEP30,Below 90F,90.0,,90.0,below,less,0.01,0,96.98,no,0,508,0.0,0.01
2023-09-30,HIGHAUS-23SEP30-B90.5,HIGHAUS-23SEP30,90-92F,90.0,90.0,92.0,between,between,0.0,0,96.98,no,0,0,0.0,0.01
2023-09-30,HIGHAUS-23SEP30-B92.5,HIGHAUS-23SEP30,92-94F,92.0,92.0,94.0,between,between,0.04,0,96.98,no,0,390,0.0,0.01
2023-09-30,HIGHAUS-23SEP30-B94.5,HIGHAUS-23SEP30,94-96F,94.0,94.0,96.0,between,between,0.01,0,96.98,no,0,1064,0.0,0.01
2023-09-30,HIGHAUS-23SEP30-B96.5,HIGHAUS-23SEP30,96-98F,96.0,96.0,98.0,between,between,0.66,1,96.98,yes,100,332,0.75,1.0
2023-09-30,HIGHAUS-23SEP30-T97,HIGHAUS-23SEP30,Above 97F,97.0,97.0,,above,greater,0.03,0,96.98,no,0,892,0.0,0.25
2023-10-01,HIGHAUS-23OCT01-B90.5,HIGHAUS-23OCT01,90-92F,90.0,90.0,92.0,between,between,0.03,0,96.08,no,0,10,0.0,0.01
2023-10-01,HIGHAUS-23OCT01-T90,HIGHAUS-23OCT01,Below 90F,90.0,,90.0,below,less,0.0,0,96.08,no,0,0,0.0,0.01
2023-10-01,HIGHAUS-23OCT01-B92.5,HIGHAUS-23OCT01,92-94F,92.0,92.0,94.0,between,between,0.03,0,96.08,no,0,200,0.0,0.01
2023-10-01,HIGHAUS-23OCT01-B94.5,HIGHAUS-23OCT01,94-96F,94.0,94.0,96.0,between,between,0.01,0,96.08,no,0,553,0.0,0.01
2023-10-01,HIGHAUS-23OCT01-B96.5,HIGHAUS-23OCT01,96-98F,96.0,96.0,98.0,between,between,0.49,1,96.08,yes,100,242,0.31,1.0
2023-10-01,HIGHAUS-23OCT01-T97,HIGHAUS-23OCT01,Above 97F,97.0,97.0,,above,greater,0.2,0,96.08,no,0,290,0.0,0.3
2023-10-02,HIGHAUS-23OCT02-B90.5,HIGHAUS-23OCT02,90-92F,90.0,90.0,92.0,between,between,0.03,0,95.0,no,0,10,0.0,0.01
2023-10-02,HIGHAUS-23OCT02-T90,HIGHAUS-23OCT02,Below 90F,90.0,,90.0,below,less,0.0,0,95.0,no,0,0,0.0,0.01
2023-10-02,HIGHAUS-23OCT02-B92.5,HIGHAUS-23OCT02,92-94F,92.0,92.0,94.0,between,between,0.0,0,95.0,no,0,0,0.0,0.01
2023-10-02,HIGHAUS-23OCT02-B94.5,HIGHAUS-23OCT02,94-96F,94.0,94.0,96.0,between,between,0.2,1,95.0,yes,100,1179,0.5,1.0
2023-10-02,HIGHAUS-23OCT02-B96.5,HIGHAUS-23OCT02,96-98F,96.0,96.0,98.0,between,between,0.1,0,95.0,no,0,1330,0.0,0.5
2023-10-02,HIGHAUS-23OCT02-T97,HIGHAUS-23OCT02,Above 97F,97.0,97.0,,above,greater,0.25,0,95.0,no,0,425,0.0,0.03
2023-10-03,HIGHAUS-23OCT03-B89.5,HIGHAUS-23OCT03,89-91F,89.0,89.0,91.0,between,between,0.03,0,96.98,no,0,10,0.0,0.01
2023-10-03,HIGHAUS-23OCT03-T89,HIGHAUS-23OCT03,Below 89F,89.0,,89.0,below,less,0.05,0,96.98,no,0,1,0.0,0.01
2023-10-03,HIGHAUS-23OCT03-B91.5,HIGHAUS-23OCT03,91-93F,91.0,91.0,93.0,between,between,0.14,0,96.98,no,0,182,0.0,0.01
2023-10-03,HIGHAUS-23OCT03-B93.5,HIGHAUS-23OCT03,93-95F,93.0,93.0,95.0,between,between,0.45,0,96.98,no,0,398,0.0,0.01
2023-10-03,HIGHAUS-23OCT03-B95.5,HIGHAUS-23OCT03,95-97F,95.0,95.0,97.0,between,between,0.22,0,96.98,no,0,552,0.0,0.01
2023-10-03,HIGHAUS-23OCT03-T96,HIGHAUS-23OCT03,Above 96F,96.0,96.0,,above,greater,0.3,1,96.98,yes,100,1090,0.99,1.0
2023-10-04,HIGHAUS-23OCT04-T86,HIGHAUS-23OCT04,Below 86F,86.0,,86.0,below,less,0.0,0,100.04,no,0,0,0.0,0.01
2023-10-04,HIGHAUS-23OCT04-B86.5,HIGHAUS-23OCT04,86-88F,86.0,86.0,88.0,between,between,0.03,0,100.04,no,0,10,0.0,0.01
2023-10-04,HIGHAUS-23OCT04-B88.5,HIGHAUS-23OCT04,88-90F,88.0,88.0,90.0,between,between,0.0,0,100.04,no,0,0,0.0,0.01
2023-10-04,HIGHAUS-23OCT04-B90.5,HIGHAUS-23OCT04,90-92F,90.0,90.0,92.0,between,between,0.06,0,100.04,no,0,356,0.0,0.01
2023-10-04,HIGHAUS-23OCT04-B92.5,HIGHAUS-23OCT04,92-94F,92.0,92.0,94.0,between,between,0.29,0,100.04,no,0,156,0.0,0.01
2023-10-04,HIGHAUS-23OCT04-T93,HIGHAUS-23OCT04,Above 93F,93.0,93.0,,above,greater,0.72,1,100.04,yes,100,603,0.99,1.0
2023-10-05,HIGHAUS-23OCT05-B78.5,HIGHAUS-23OCT05,78-80F,78.0,78.0,80.0,between,between,0.01,0,80.96,no,0,219,0.0,0.01
2023-10-05,HIGHAUS-23OCT05-T78,HIGHAUS-23OCT05,Below 78F,78.0,,78.0,below,less,0.01,0,80.96,no,0,149,0.0,0.01
2023-10-05,HIGHAUS-23OCT05-B80.5,HIGHAUS-23OCT05,80-82F,80.0,80.0,82.0,between,between,0.31,1,80.96,yes,100,315,0.55,1.0
2023-10-05,HIGHAUS-23OCT05-B82.5,HIGHAUS-23OCT05,82-84F,82.0,82.0,84.0,between,between,0.01,0,80.96,no,0,1162,0.0,1.0
2023-10-05,HIGHAUS-23OCT05-B84.5,HIGHAUS-23OCT05,84-86F,84.0,84.0,86.0,between,between,0.12,0,80.96,no,0,654,0.0,0.45
2023-10-05,HIGHAUS-23OCT05-T85,HIGHAUS-23OCT05,Above 85F,85.0,85.0,,above,greater,0.25,0,80.96,no,0,1208,0.0,0.03
2023-10-06,HIGHAUS-23OCT06-T80,HIGHAUS-23OCT06,Below 80F,80.0,,80.0,below,less,0.01,0,89.06,no,0,10,0.0,0.01
2023-10-06,HIGHAUS-23OCT06-B80.5,HIGHAUS-23OCT06,80-82F,80.0,80.0,82.0,between,between,0.03,0,89.06,no,0,10,0.0,0.01
2023-10-06,HIGHAUS-23OCT06-B82.5,HIGHAUS-23OCT06,82-84F,82.0,82.0,84.0,between,between,0.03,0,89.06,no,0,56,0.0,0.01
2023-10-06,HIGHAUS-23OCT06-B84.5,HIGHAUS-23OCT06,84-86F,84.0,84.0,86.0,between,between,0.08,0,89.06,no,0,897,0.0,0.01
2023-10-06,HIGHAUS-23OCT06-B86.5,HIGHAUS-23OCT06,86-88F,86.0,86.0,88.0,between,between,0.01,0,89.06,no,0,567,0.0,0.01
2023-10-06,HIGHAUS-23OCT06-T87,HIGHAUS-23OCT06,Above 87F,87.0,87.0,,above,greater,0.99,1,89.06,yes,100,612,0.99,1.0
2023-10-07,HIGHAUS-23OCT07-B69.5,HIGHAUS-23OCT07,69-71F,69.0,69.0,71.0,between,between,0.03,0,77.0,no,0,10,0.0,0.01
2023-10-07,HIGHAUS-23OCT07-T69,HIGHAUS-23OCT07,Below 69F,69.0,,69.0,below,less,0.0,0,77.0,no,0,0,0.0,0.01
2023-10-07,HIGHAUS-23OCT07-B71.5,HIGHAUS-23OCT07,71-73F,71.0,71.0,73.0,between,between,0.03,0,77.0,no,0,10,0.0,0.01
2023-10-07,HIGHAUS-23OCT07-B73.5,HIGHAUS-23OCT07,73-75F,73.0,73.0,75.0,between,between,0.23,0,77.0,no,0,857,0.0,0.01
2023-10-07,HIGHAUS-23OCT07-B75.5,HIGHAUS-23OCT07,75-77F,75.0,75.0,77.0,between,between,0.53,0,77.0,no,0,226,0.0,0.01
2023-10-07,HIGHAUS-23OCT07-T76,HIGHAUS-23OCT07,Above 76F,76.0,76.0,,above,greater,0.5,1,77.0,yes,100,366,0.99,1.0
2023-10-08,HIGHAUS-23OCT08-T75,HIGHAUS-23OCT08,Below 75F,75.0,,75.0,below,less,0.1,0,80.96,no,0,87,0.0,0.01
2023-10-08,HIGHAUS-23OCT08-B75.5,HIGHAUS-23OCT08,75-77F,75.0,75.0,77.0,between,between,0.1,0,80.96,no,0,87,0.0,0.01
2023-10-08,HIGHAUS-23OCT08-B77.5,HIGHAUS-23OCT08,77-79F,77.0,77.0,79.0,between,between,0.01,0,80.96,no,0,474,0.0,0.01
2023-10-08,HIGHAUS-23OCT08-B79.5,HIGHAUS-23OCT08,79-81F,79.0,79.0,81.0,between,between,0.46,0,80.96,no,0,1265,0.0,0.46
2023-10-08,HIGHAUS-23OCT08-B81.5,HIGHAUS-23OCT08,81-83F,81.0,81.0,83.0,between,between,0.39,1,80.96,yes,100,7,0.03,1.0
2023-10-08,HIGHAUS-23OCT08-T82,HIGHAUS-23OCT08,Above 82F,82.0,82.0,,above,greater,0.35,0,80.96,no,0,7,0.0,1.0
2023-10-09,HIGHAUS-23OCT09-B83.5,HIGHAUS-23OCT09,83-85F,83.0,83.0,85.0,between,between,0.01,0,84.91999999999999,no,0,2607,0.0,0.03
2023-10-09,HIGHAUS-23OCT09-T83,HIGHAUS-23OCT09,Below 83F,83.0,,83.0,below,less,0.0,0,84.91999999999999,no,0,0,0.0,0.01
2023-10-09,HIGHAUS-23OCT09-B85.5,HIGHAUS-23OCT09,85-87F,85.0,85.0,87.0,between,between,0.39,1,84.91999999999999,yes,100,567,0.88,1.0
2023-10-09,HIGHAUS-23OCT09-B87.5,HIGHAUS-23OCT09,87-89F,87.0,87.0,89.0,between,between,0.06,0,84.91999999999999,no,0,534,0.0,1.0
2023-10-09,HIGHAUS-23OCT09-B89.5,HIGHAUS-23OCT09,89-91F,89.0,89.0,91.0,between,between,0.1,0,84.91999999999999,no,0,263,0.0,0.1
2023-10-09,HIGHAUS-23OCT09-T90,HIGHAUS-23OCT09,Above 90F,90.0,90.0,,above,greater,0.0,0,84.91999999999999,no,0,0,0.0,0.03
2023-10-10,HIGHAUS-23OCT10-B75.5,HIGHAUS-23OCT10,75-77F,75.0,75.0,77.0,between,between,0.03,0,80.96,no,0,745,0.0,0.01
2023-10-10,HIGHAUS-23OCT10-T75,HIGHAUS-23OCT10,Below 75F,75.0,,75.0,below,less,0.01,0,80.96,no,0,479,0.0,0.01
2023-10-10,HIGHAUS-23OCT10-B77.5,HIGHAUS-23OCT10,77-79F,77.0,77.0,79.0,between,between,0.15,0,80.96,no,0,1009,0.0,0.01
2023-10-10,HIGHAUS-23OCT10-B79.5,HIGHAUS-23OCT10,79-81F,79.0,79.0,81.0,between,between,0.03,0,80.96,no,0,1560,0.0,0.01
2023-10-10,HIGHAUS-23OCT10-B81.5,HIGHAUS-23OCT10,81-83F,81.0,81.0,83.0,between,between,0.99,1,80.96,yes,100,2231,0.99,1.0
2023-10-10,HIGHAUS-23OCT10-T82,HIGHAUS-23OCT10,Above 82F,82.0,82.0,,above,greater,0.08,0,80.96,no,0,1484,0.0,0.25
2023-10-11,HIGHAUS-23OCT11-T75,HIGHAUS-23OCT11,Below 75F,75.0,,75.0,below,less,0.5,1,73.0,yes,100,196,0.5,1.0
2023-10-11,HIGHAUS-23OCT11-B75.5,HIGHAUS-23OCT11,75-77F,75.0,75.0,77.0,between,between,0.03,0,73.0,no,0,202,0.0,1.0
2023-10-11,HIGHAUS-23OCT11-B77.5,HIGHAUS-23OCT11,77-79F,77.0,77.0,79.0,between,between,0.03,0,73.0,no,0,272,0.0,0.16
2023-10-11,HIGHAUS-23OCT11-B79.5,HIGHAUS-23OCT11,79-81F,79.0,79.0,81.0,between,between,0.02,0,73.0,no,0,1357,0.0,0.41
2023-10-11,HIGHAUS-23OCT11-B81.5,HIGHAUS-23OCT11,81-83F,81.0,81.0,83.0,between,between,0.47,0,73.0,no,0,309,0.0,1.0
2023-10-11,HIGHAUS-23OCT11-T82,HIGHAUS-23OCT11,Above 82F,82.0,82.0,,above,greater,0.12,0,73.0,no,0,909,0.0,0.3
2023-10-12,HIGHAUS-23OCT12-T83,HIGHAUS-23OCT12,Below 83F,83.0,,83.0,below,less,0.01,0,86.0,no,0,1189,0.0,0.01
2023-10-12,HIGHAUS-23OCT12-B83.5,HIGHAUS-23OCT12,83-85F,83.0,83.0,85.0,between,between,0.03,0,86.0,no,0,805,0.0,0.01
2023-10-12,HIGHAUS-23OCT12-B85.5,HIGHAUS-23OCT12,85-87F,85.0,85.0,87.0,between,between,0.45,1,86.0,yes,100,1372,0.5,1.0
2023-10-12,HIGHAUS-23OCT12-B87.5,HIGHAUS-23OCT12,87-89F,87.0,87.0,89.0,between,between,0.03,0,86.0,no,0,2244,0.0,1.0
2023-10-12,HIGHAUS-23OCT12-B89.5,HIGHAUS-23OCT12,89-91F,89.0,89.0,91.0,between,between,0.03,0,86.0,no,0,1569,0.0,0.15
2023-10-12,HIGHAUS-23OCT12-T90,HIGHAUS-23OCT12,Above 90F,90.0,90.0,,above,greater,0.03,0,86.0,no,0,1231,0.0,0.03
2023-10-13,HIGHAUS-23OCT13-T88,HIGHAUS-23OCT13,Below 88F,88.0,,88.0,below,less,0.01,0,93.02,no,0,340,0.0,0.01
2023-10-13,HIGHAUS-23OCT13-B88.5,HIGHAUS-23OCT13,88-90F,88.0,88.0,90.0,between,between,0.03,0,93.02,no,0,662,0.0,0.01
2023-10-13,HIGHAUS-23OCT13-B90.5,HIGHAUS-23OCT13,90-92F,90.0,90.0,92.0,between,between,0.01,0,93.02,no,0,1733,0.0,0.01
2023-10-13,HIGHAUS-23OCT13-B92.5,HIGHAUS-23OCT13,92-94F,92.0,92.0,94.0,between,between,0.33,1,93.02,yes,100,563,0.33,1.0
2023-10-13,HIGHAUS-23OCT13-B94.5,HIGHAUS-23OCT13,94-96F,94.0,94.0,96.0,between,between,0.2,0,93.02,no,0,360,0.0,1.0
2023-10-13,HIGHAUS-23OCT13-T95,HIGHAUS-23OCT13,Above 95F,95.0,95.0,,above,greater,0.15,0,93.02,no,0,30,0.0,0.35
2023-10-14,HIGHAUS-23OCT14-B76.5,HIGHAUS-23OCT14,76-78F,76.0,76.0,78.0,between,between,0.01,0,78.08,no,0,641,0.0,0.01
2023-10-14,HIGHAUS-23OCT14-T76,HIGHAUS-23OCT14,Below 76F,76.0,,76.0,below,less,0.05,0,78.08,no,0,236,0.0,0.01
2023-10-14,HIGHAUS-23OCT14-B78.5,HIGHAUS-23OCT14,78-80F,78.0,78.0,80.0,between,between,0.19,1,78.08,yes,100,311,0.97,1.0
2023-10-14,HIGHAUS-23OCT14-B80.5,HIGHAUS-23OCT14,80-82F,80.0,80.0,82.0,between,between,0.56,0,78.08,no,0,933,0.0,0.03
2023-10-14,HIGHAUS-23OCT14-B82.5,HIGHAUS-23OCT14,82-84F,82.0,82.0,84.0,between,between,0.08,0,78.08,no,0,994,0.0,1.0
2023-10-14,HIGHAUS-23OCT14-T83,HIGHAUS-23OCT14,Above 83F,83.0,83.0,,above,greater,0.01,0,78.08,no,0,792,0.0,0.35
2023-10-15,HIGHAUS-23OCT15-T72,HIGHAUS-23OCT15,Below 72F,72.0,,72.0,below,less,0.01,0,75.92,no,0,420,0.0,0.01
2023-10-15,HIGHAUS-23OCT15-B72.5,HIGHAUS-23OCT15,72-74F,72.0,72.0,74.0,between,between,0.05,0,75.92,no,0,572,0.0,0.01
2023-10-15,HIGHAUS-23OCT15-B74.5,HIGHAUS-23OCT15,74-76F,74.0,74.0,76.0,between,between,0.38,0,75.92,no,0,1032,0.0,0.01
2023-10-15,HIGHAUS-23OCT15-B76.5,HIGHAUS-23OCT15,76-78F,76.0,76.0,78.0,between,between,0.37,1,75.92,yes,100,443,0.35,1.0
2023-10-15,HIGHAUS-23OCT15-B78.5,HIGHAUS-23OCT15,78-80F,78.0,78.0,80.0,between,between,0.09,0,75.92,no,0,472,0.0,0.07
2023-10-15,HIGHAUS-23OCT15-T79,HIGHAUS-23OCT15,Above 79F,79.0,79.0,,above,greater,0.01,0,75.92,no,0,31,0.0,0.03
2023-10-16,HIGHAUS-23OCT16-T69,HIGHAUS-23OCT16,Below 69F,69.0,,69.0,below,less,0.0,0,75.02,no,0,0,0.0,0.01
2023-10-16,HIGHAUS-23OCT16-B69.5,HIGHAUS-23OCT16,69-71F,69.0,69.0,71.0,between,between,0.0,0,75.02,no,0,0,0.0,0.01
2023-10-16,HIGHAUS-23OCT16-B71.5,HIGHAUS-23OCT16,71-73F,71.0,71.0,73.0,between,between,0.03,0,75.02,no,0,594,0.0,0.01
2023-10-16,HIGHAUS-23OCT16-B73.5,HIGHAUS-23OCT16,73-75F,73.0,73.0,75.0,between,between,0.03,0,75.02,no,0,1794,0.0,0.01
2023-10-16,HIGHAUS-23OCT16-B75.5,HIGHAUS-23OCT16,75-77F,75.0,75.0,77.0,between,between,0.97,1,75.02,yes,100,1233,0.71,1.0
2023-10-16,HIGHAUS-23OCT16-T76,HIGHAUS-23OCT16,Above 76F,76.0,76.0,,above,greater,0.03,0,75.02,no,0,527,0.0,1.0
2023-10-17,HIGHAUS-23OCT17-B73.5,HIGHAUS-23OCT17,73-75F,73.0,73.0,75.0,between,between,0.0,0,78.08,no,0,0,0.0,0.01
2023-10-17,HIGHAUS-23OCT17-T73,HIGHAUS-23OCT17,Below 73F,73.0,,73.0,below,less,0.0,0,78.08,no,0,0,0.0,0.01
2023-10-17,HIGHAUS-23OCT17-B75.5,HIGHAUS-23OCT17,75-77F,75.0,75.0,77.0,between,between,0.05,0,78.08,no,0,336,0.0,0.01
2023-10-17,HIGHAUS-23OCT17-B77.5,HIGHAUS-23OCT17,77-79F,77.0,77.0,79.0,between,between,0.5,1,78.08,yes,100,1734,0.51,1.0
2023-10-17,HIGHAUS-23OCT17-B79.5,HIGHAUS-23OCT17,79-81F,79.0,79.0,81.0,between,between,0.52,0,78.08,no,0,1724,0.0,0.01
2023-10-17,HIGHAUS-23OCT17-T80,HIGHAUS-23OCT17,Above 80F,80.0,80.0,,above,greater,0.06,0,78.08,no,0,2323,0.0,0.33
2023-10-18,HIGHAUS-23OCT18-B78.5,HIGHAUS-23OCT18,78-80F,78.0,78.0,80.0,between,between,0.03,0,84.02,no,0,10,0.0,0.01
2023-10-18,HIGHAUS-23OCT18-T78,HIGHAUS-23OCT18,Below 78F,78.0,,78.0,below,less,0.01,0,84.02,no,0,10,0.0,0.01
2023-10-18,HIGHAUS-23OCT18-B80.5,HIGHAUS-23OCT18,80-82F,80.0,80.0,82.0,between,between,0.03,0,84.02,no,0,10,0.0,0.01
2023-10-18,HIGHAUS-23OCT18-B82.5,HIGHAUS-23OCT18,82-84F,82.0,82.0,84.0,between,between,0.11,0,84.02,no,0,1077,0.0,0.01
2023-10-18,HIGHAUS-23OCT18-B84.5,HIGHAUS-23OCT18,84-86F,84.0,84.0,86.0,between,between,0.75,1,84.02,yes,100,1859,0.75,1.0
2023-10-18,HIGHAUS-23OCT18-T85,HIGHAUS-23OCT18,Above 85F,85.0,85.0,,above,greater,0.02,0,84.02,no,0,941,0.0,0.01
2023-10-19,HIGHAUS-23OCT19-B85.5,HIGHAUS-23OCT19,85-87F,85.0,85.0,87.0,between,between,0.03,0,89.06,no,0,10,0.0,0.01
2023-10-19,HIGHAUS-23OCT19-T85,HIGHAUS-23OCT19,Below 85F,85.0,,85.0,below,less,0.01,0,89.06,no,0,10,0.0,0.01
2023-10-19,HIGHAUS-23OCT19-B87.5,HIGHAUS-23OCT19,87-89F,87.0,87.0,89.0,between,between,0.01,0,89.06,no,0,1728,0.0,0.01
2023-10-19,HIGHAUS-23OCT19-B89.5,HIGHAUS-23OCT19,89-91F,89.0,89.0,91.0,between,between,0.57,1,89.06,yes,100,1413,0.65,1.0
2023-10-19,HIGHAUS-23OCT19-B91.5,HIGHAUS-23OCT19,91-93F,91.0,91.0,93.0,between,between,0.05,0,89.06,no,0,1829,0.0,0.03
2023-10-19,HIGHAUS-23OCT19-T92,HIGHAUS-23OCT19,Above 92F,92.0,92.0,,above,greater,0.1,0,89.06,no,0,348,0.0,0.32
2023-10-20,HIGHAUS-23OCT20-T91,HIGHAUS-23OCT20,Below 91F,91.0,,91.0,below,less,0.0,0,98.06,no,0,0,0.0,0.01
2023-10-20,HIGHAUS-23OCT20-B91.5,HIGHAUS-23OCT20,91-93F,91.0,91.0,93.0,between,between,0.0,0,98.06,no,0,0,0.0,0.01
2023-10-20,HIGHAUS-23OCT20-B93.5,HIGHAUS-23OCT20,93-95F,93.0,93.0,95.0,between,between,0.03,0,98.06,no,0,402,0.0,0.01
2023-10-20,HIGHAUS-23OCT20-B95.5,HIGHAUS-23OCT20,95-97F,95.0,95.0,97.0,between,between,0.04,0,98.06,no,0,2143,0.0,0.01
2023-10-20,HIGHAUS-23OCT20-B97.5,HIGHAUS-23OCT20,97-99F,97.0,97.0,99.0,between,between,0.65,1,98.06,yes,100,1090,0.31,1.0
2023-10-20,HIGHAUS-23OCT20-T98,HIGHAUS-23OCT20,Above 98F,98.0,98.0,,above,greater,0.32,0,98.06,no,0,905,0.0,0.19
2023-10-21,HIGHAUS-23OCT21-B90.5,HIGHAUS-23OCT21,90-92F,90.0,90.0,92.0,between,between,0.04,0,95.0,no,0,174,0.0,0.01
2023-10-21,HIGHAUS-23OCT21-T90,HIGHAUS-23OCT21,Below 90F,90.0,,90.0,below,less,0.01,0,95.0,no,0,160,0.0,0.01
2023-10-21,HIGHAUS-23OCT21-B92.5,HIGHAUS-23OCT21,92-94F,92.0,92.0,94.0,between,between,0.07,0,95.0,no,0,1066,0.0,0.01
2023-10-21,HIGHAUS-23OCT21-B94.5,HIGHAUS-23OCT21,94-96F,94.0,94.0,96.0,between,between,0.36,1,95.0,yes,100,1145,0.5,1.0
2023-10-21,HIGHAUS-23OCT21-B96.5,HIGHAUS-23OCT21,96-98F,96.0,96.0,98.0,between,between,0.45,0,95.0,no,0,682,0.0,1.0
2023-10-21,HIGHAUS-23OCT21-T97,HIGHAUS-23OCT21,Above 97F,97.0,97.0,,above,greater,0.01,0,95.0,no,0,1186,0.0,0.31
2023-10-22,HIGHAUS-23OCT22-T83,HIGHAUS-23OCT22,Below 83F,83.0,,83.0,below,less,0.06,0,89.96000000000001,no,0,13,0.0,0.01
2023-10-22,HIGHAUS-23OCT22-B83.5,HIGHAUS-23OCT22,83-85F,83.0,83.0,85.0,between,between,0.04,0,89.96000000000001,no,0,13,0.0,0.01
2023-10-22,HIGHAUS-23OCT22-B85.5,HIGHAUS-23OCT22,85-87F,85.0,85.0,87.0,between,between,0.03,0,89.96000000000001,no,0,820,0.0,0.01
2023-10-22,HIGHAUS-23OCT22-B87.5,HIGHAUS-23OCT22,87-89F,87.0,87.0,89.0,between,between,0.46,0,89.96000000000001,no,0,994,0.0,0.01
2023-10-22,HIGHAUS-23OCT22-B89.5,HIGHAUS-23OCT22,89-91F,89.0,89.0,91.0,between,between,0.46,1,89.96000000000001,yes,100,911,0.46,1.0
2023-10-22,HIGHAUS-23OCT22-T90,HIGHAUS-23OCT22,Above 90F,90.0,90.0,,above,greater,0.1,0,89.96000000000001,no,0,1383,0.0,1.0
2023-10-23,HIGHAUS-23OCT23-B81.5,HIGHAUS-23OCT23,81-83F,81.0,81.0,83.0,between,between,0.05,0,84.02,no,0,395,0.0,0.01
2023-10-23,HIGHAUS-23OCT23-T81,HIGHAUS-23OCT23,Below 81F,81.0,,81.0,below,less,0.01,0,84.02,no,0,583,0.0,0.01
2023-10-23,HIGHAUS-23OCT23-B83.5,HIGHAUS-23OCT23,83-85F,83.0,83.0,85.0,between,between,0.19,1,84.02,yes,100,290,0.51,1.0
2023-10-23,HIGHAUS-23OCT23-B85.5,HIGHAUS-23OCT23,85-87F,85.0,85.0,87.0,between,between,0.24,0,84.02,no,0,2379,0.0,0.44
2023-10-23,HIGHAUS-23OCT23-B87.5,HIGHAUS-23OCT23,87-89F,87.0,87.0,89.0,between,between,0.03,0,84.02,no,0,2172,0.0,0.43
2023-10-23,HIGHAUS-23OCT23-T88,HIGHAUS-23OCT23,Above 88F,88.0,88.0,,above,greater,0.1,0,84.02,no,0,4862,0.0,0.25
2023-10-24,HIGHAUS-23OCT24-T82,HIGHAUS-23OCT24,Below 82F,82.0,,82.0,below,less,0.02,1,81.0,yes,100,417,0.51,1.0
2023-10-24,HIGHAUS-23OCT24-B82.5,HIGHAUS-23OCT24,82-84F,82.0,82.0,84.0,between,between,0.12,0,81.0,no,0,2119,0.0,1.0
2023-10-24,HIGHAUS-23OCT24-B84.5,HIGHAUS-23OCT24,84-86F,84.0,84.0,86.0,between,between,0.37,0,81.0,no,0,2511,0.0,1.0
2023-10-24,HIGHAUS-23OCT24-B86.5,HIGHAUS-23OCT24,86-88F,86.0,86.0,88.0,between,between,0.35,0,81.0,no,0,1357,0.0,0.48
2023-10-24,HIGHAUS-23OCT24-B88.5,HIGHAUS-23OCT24,88-90F,88.0,88.0,90.0,between,between,0.01,0,81.0,no,0,1718,0.0,0.84
2023-10-24,HIGHAUS-23OCT24-T89,HIGHAUS-23OCT24,Above 89F,89.0,89.0,,above,greater,0.01,0,81.0,no,0,827,0.0,0.01
2023-10-25,HIGHAUS-23OCT25-B82.5,HIGHAUS-23OCT25,82-84F,82.0,82.0,84.0,between,between,0.01,0,86.0,no,0,1075,0.0,0.01
2023-10-25,HIGHAUS-23OCT25-T82,HIGHAUS-23OCT25,Below 82F,82.0,,82.0,below,less,0.03,0,86.0,no,0,291,0.0,0.01
2023-10-25,HIGHAUS-23OCT25-B84.5,HIGHAUS-23OCT25,84-86F,84.0,84.0,86.0,between,between,0.2,0,86.0,no,0,1818,0.0,0.01
2023-10-25,HIGHAUS-23OCT25-B86.5,HIGHAUS-23OCT25,86-88F,86.0,86.0,88.0,between,between,0.52,1,86.0,yes,100,734,0.35,1.0
2023-10-25,HIGHAUS-23OCT25-B88.5,HIGHAUS-23OCT25,88-90F,88.0,88.0,90.0,between,between,0.01,0,86.0,no,0,3589,0.0,0.47
2023-10-25,HIGHAUS-23OCT25-T89,HIGHAUS-23OCT25,Above 89F,89.0,89.0,,above,greater,0.01,0,86.0,no,0,816,0.0,0.3
2023-10-26,HIGHAUS-23OCT26-T78,HIGHAUS-23OCT26,Below 78F,78.0,,78.0,below,less,0.0,0,78.98,no,0,0,0.0,0.01
2023-10-26,HIGHAUS-23OCT26-B78.5,HIGHAUS-23OCT26,78-80F,78.0,78.0,80.0,between,between,0.05,1,78.98,yes,100,506,0.15,1.0
2023-10-26,HIGHAUS-23OCT26-B80.5,HIGHAUS-23OCT26,80-82F,80.0,80.0,82.0,between,between,0.18,0,78.98,no,0,1545,0.0,1.0
2023-10-26,HIGHAUS-23OCT26-B82.5,HIGHAUS-23OCT26,82-84F,82.0,82.0,84.0,between,between,0.27,0,78.98,no,0,900,0.0,1.0
2023-10-26,HIGHAUS-23OCT26-B84.5,HIGHAUS-23OCT26,84-86F,84.0,84.0,86.0,between,between,0.39,0,78.98,no,0,1189,0.0,0.46
2023-10-26,HIGHAUS-23OCT26-T85,HIGHAUS-23OCT26,Above 85F,85.0,85.0,,above,greater,0.01,0,78.98,no,0,1874,0.0,0.29
2023-10-27,HIGHAUS-23OCT27-T79,HIGHAUS-23OCT27,Below 79F,79.0,,79.0,below,less,0.04,0,87.08000000000001,no,0,30,0.0,0.01
2023-10-27,HIGHAUS-23OCT27-B79.5,HIGHAUS-23OCT27,79-81F,79.0,79.0,81.0,between,between,0.05,0,87.08000000000001,no,0,590,0.0,0.01
2023-10-27,HIGHAUS-23OCT27-B81.5,HIGHAUS-23OCT27,81-83F,81.0,81.0,83.0,between,between,0.13,0,87.08000000000001,no,0,1448,0.0,0.01
2023-10-27,HIGHAUS-23OCT27-B83.5,HIGHAUS-23OCT27,83-85F,83.0,83.0,85.0,between,between,0.31,0,87.08000000000001,no,0,558,0.0,0.01
2023-10-27,HIGHAUS-23OCT27-B85.5,HIGHAUS-23OCT27,85-87F,85.0,85.0,87.0,between,between,0.01,0,87.08000000000001,no,0,2708,0.0,0.09
2023-10-27,HIGHAUS-23OCT27-T86,HIGHAUS-23OCT27,Above 86F,86.0,86.0,,above,greater,0.29,1,87.08000000000001,yes,100,2010,0.99,1.0
2023-10-28,HIGHAUS-23OCT28-B79.5,HIGHAUS-23OCT28,79-81F,79.0,79.0,81.0,between,between,0.01,0,87.98,no,0,640,0.0,0.01
2023-10-28,HIGHAUS-23OCT28-T79,HIGHAUS-23OCT28,Below 79F,79.0,,79.0,below,less,0.0,0,87.98,no,0,0,0.0,0.01
2023-10-28,HIGHAUS-23OCT28-B81.5,HIGHAUS-23OCT28,81-83F,81.0,81.0,83.0,between,between,0.01,0,87.98,no,0,1370,0.0,0.01
2023-10-28,HIGHAUS-23OCT28-B83.5,HIGHAUS-23OCT28,83-85F,83.0,83.0,85.0,between,between,0.33,0,87.98,no,0,1354,0.0,0.01
2023-10-28,HIGHAUS-23OCT28-B85.5,HIGHAUS-23OCT28,85-87F,85.0,85.0,87.0,between,between,0.52,0,87.98,no,0,1055,0.0,0.01
2023-10-28,HIGHAUS-23OCT28-T86,HIGHAUS-23OCT28,Above 86F,86.0,86.0,,above,greater,0.99,1,87.98,yes,100,1474,0.99,1.0
2023-10-29,HIGHAUS-23OCT29-T70,HIGHAUS-23OCT29,Below 70F,70.0,,70.0,below,less,0.01,0,78.08,no,0,10,0.0,0.01
2023-10-29,HIGHAUS-23OCT29-B70.5,HIGHAUS-23OCT29,70-72F,70.0,70.0,72.0,between,between,0.04,0,78.08,no,0,10,0.0,0.01
2023-10-29,HIGHAUS-23OCT29-B72.5,HIGHAUS-23OCT29,72-74F,72.0,72.0,74.0,between,between,0.01,0,78.08,no,0,37,0.0,0.01
2023-10-29,HIGHAUS-23OCT29-B74.5,HIGHAUS-23OCT29,74-76F,74.0,74.0,76.0,between,between,0.2,0,78.08,no,0,1086,0.0,0.01
2023-10-29,HIGHAUS-23OCT29-B76.5,HIGHAUS-23OCT29,76-78F,76.0,76.0,78.0,between,between,0.7,0,78.08,no,0,247,0.0,0.31
2023-10-29,HIGHAUS-23OCT29-T77,HIGHAUS-23OCT29,Above 77F,77.0,77.0,,above,greater,0.25,1,78.08,yes,100,2461,0.25,1.0
2023-10-30,HIGHAUS-23OCT30-T41,HIGHAUS-23OCT30,Below 41F,41.0,,41.0,below,less,0.01,0,48.92,no,0,10,0.0,0.01
2023-10-30,HIGHAUS-23OCT30-B41.5,HIGHAUS-23OCT30,41-43F,41.0,41.0,43.0,between,between,0.04,0,48.92,no,0,10,0.0,0.01
2023-10-30,HIGHAUS-23OCT30-B43.5,HIGHAUS-23OCT30,43-45F,43.0,43.0,45.0,between,between,0.01,0,48.92,no,0,232,0.0,0.01
2023-10-30,HIGHAUS-23OCT30-B45.5,HIGHAUS-23OCT30,45-47F,45.0,45.0,47.0,between,between,0.6,0,48.92,no,0,1731,0.0,0.01
2023-10-30,HIGHAUS-23OCT30-B47.5,HIGHAUS-23OCT30,47-49F,47.0,47.0,49.0,between,between,0.01,0,48.92,no,0,2471,0.0,0.01
2023-10-30,HIGHAUS-23OCT30-T48,HIGHAUS-23OCT30,Above 48F,48.0,48.0,,above,greater,0.99,1,48.92,yes,100,1605,0.99,1.0
2023-10-31,HIGHAUS-23OCT31-T52,HIGHAUS-23OCT31,Below 52F,52.0,,52.0,below,less,0.01,0,60.98,no,0,10,0.0,0.01
2023-10-31,HIGHAUS-23OCT31-B52.5,HIGHAUS-23OCT31,52-54F,52.0,52.0,54.0,between,between,0.04,0,60.98,no,0,10,0.0,0.01
2023-10-31,HIGHAUS-23OCT31-B54.5,HIGHAUS-23OCT31,54-56F,54.0,54.0,56.0,between,between,0.07,0,60.98,no,0,10,0.0,0.01
2023-10-31,HIGHAUS-23OCT31-B56.5,HIGHAUS-23OCT31,56-58F,56.0,56.0,58.0,between,between,0.07,0,60.98,no,0,1258,0.0,0.01
2023-10-31,HIGHAUS-23OCT31-B58.5,HIGHAUS-23OCT31,58-60F,58.0,58.0,60.0,between,between,0.44,0,60.98,no,0,658,0.0,0.01
2023-10-31,HIGHAUS-23OCT31-T59,HIGHAUS-23OCT31,Above 59F,59.0,59.0,,above,greater,0.6,1,60.98,yes,100,908,0.99,1.0
2023-11-01,HIGHAUS-23NOV01-T55,HIGHAUS-23NOV01,Below 55F,55.0,,55.0,below,less,0.0,0,60.08,no,0,0,0.0,0.01
2023-11-01,HIGHAUS-23NOV01-B55.5,HIGHAUS-23NOV01,55-57F,55.0,55.0,57.0,between,between,0.0,0,60.08,no,0,0,0.0,0.01
2023-11-01,HIGHAUS-23NOV01-B57.5,HIGHAUS-23NOV01,57-59F,57.0,57.0,59.0,between,between,0.01,0,60.08,no,0,1029,0.0,0.01
2023-11-01,HIGHAUS-23NOV01-B59.5,HIGHAUS-23NOV01,59-61F,59.0,59.0,61.0,between,between,0.2,1,60.08,yes,100,525,0.55,1.0
2023-11-01,HIGHAUS-23NOV01-B61.5,HIGHAUS-23NOV01,61-63F,61.0,61.0,63.0,between,between,0.56,0,60.08,no,0,683,0.0,0.45
2023-11-01,HIGHAUS-23NOV01-T62,HIGHAUS-23NOV01,Above 62F,62.0,62.0,,above,greater,0.15,0,60.08,no,0,519,0.0,0.3
2023-11-02,HIGHAUS-23NOV02-B61.5,HIGHAUS-23NOV02,61-63F,61.0,61.0,63.0,between,between,0.03,0,66.92,no,0,393,0.0,0.01
2023-11-02,HIGHAUS-23NOV02-T61,HIGHAUS-23NOV02,Below 61F,61.0,,61.0,below,less,0.01,0,66.92,no,0,285,0.0,0.01
2023-11-02,HIGHAUS-23NOV02-B63.5,HIGHAUS-23NOV02,63-65F,63.0,63.0,65.0,between,between,0.01,0,66.92,no,0,1020,0.0,0.01
2023-11-02,HIGHAUS-23NOV02-B65.5,HIGHAUS-23NOV02,65-67F,65.0,65.0,67.0,between,between,0.03,0,66.92,no,0,1650,0.0,0.03
2023-11-02,HIGHAUS-23NOV02-B67.5,HIGHAUS-23NOV02,67-69F,67.0,67.0,69.0,between,between,0.95,1,66.92,yes,100,609,0.45,1.0
2023-11-02,HIGHAUS-23NOV02-T68,HIGHAUS-23NOV02,Above 68F,68.0,68.0,,above,greater,0.05,0,66.92,no,0,2078,0.0,1.0
2023-11-03,HIGHAUS-23NOV03-T71,HIGHAUS-23NOV03,Below 71F,71.0,,71.0,below,less,0.0,0,75.92,no,0,0,0.0,0.01
2023-11-03,HIGHAUS-23NOV03-B71.5,HIGHAUS-23NOV03,71-73F,71.0,71.0,73.0,between,between,0.01,0,75.92,no,0,400,0.0,0.01
2023-11-03,HIGHAUS-23NOV03-B73.5,HIGHAUS-23NOV03,73-75F,73.0,73.0,75.0,between,between,0.01,0,75.92,no,0,1350,0.0,0.01
2023-11-03,HIGHAUS-23NOV03-B75.5,HIGHAUS-23NOV03,75-77F,75.0,75.0,77.0,between,between,0.51,1,75.92,yes,100,814,0.0,1.0
2023-11-03,HIGHAUS-23NOV03-B77.5,HIGHAUS-23NOV03,77-79F,77.0,77.0,79.0,between,between,0.25,0,75.92,no,0,1231,0.0,1.0
2023-11-03,HIGHAUS-23NOV03-T78,HIGHAUS-23NOV03,Above 78F,78.0,78.0,,above,greater,0.05,0,75.92,no,0,898,0.0,1.0
2023-11-04,HIGHAUS-23NOV04-T74,HIGHAUS-23NOV04,Below 74F,74.0,,74.0,below,less,0.0,0,78.98,no,0,0,0.0,0.01
2023-11-04,HIGHAUS-23NOV04-B74.5,HIGHAUS-23NOV04,74-76F,74.0,74.0,76.0,between,between,0.0,0,78.98,no,0,0,0.0,0.01
2023-11-04,HIGHAUS-23NOV04-B76.5,HIGHAUS-23NOV04,76-78F,76.0,76.0,78.0,between,between,0.0,0,78.98,no,0,0,0.0,0.01
2023-11-04,HIGHAUS-23NOV04-B78.5,HIGHAUS-23NOV04,78-80F,78.0,78.0,80.0,between,between,0.39,1,78.98,yes,100,2157,0.55,1.0
2023-11-04,HIGHAUS-23NOV04-B80.5,HIGHAUS-23NOV04,80-82F,80.0,80.0,82.0,between,between,0.15,0,78.98,no,0,1207,0.0,0.8
2023-11-04,HIGHAUS-23NOV04-T81,HIGHAUS-23NOV04,Above 81F,81.0,81.0,,above,greater,0.03,0,78.98,no,0,816,0.0,0.43
2023-11-05,HIGHAUS-23NOV05-T76,HIGHAUS-23NOV05,Below 76F,76.0,,76.0,below,less,0.0,0,80.06,no,0,0,0.0,0.01
2023-11-05,HIGHAUS-23NOV05-B76.5,HIGHAUS-23NOV05,76-78F,76.0,76.0,78.0,between,between,0.03,0,80.06,no,0,2,0.0,0.01
2023-11-05,HIGHAUS-23NOV05-B78.5,HIGHAUS-23NOV05,78-80F,78.0,78.0,80.0,between,between,0.13,0,80.06,no,0,1186,0.0,0.01
2023-11-05,HIGHAUS-23NOV05-B80.5,HIGHAUS-23NOV05,80-82F,80.0,80.0,82.0,between,between,0.54,1,80.06,yes,100,498,0.03,1.0
2023-11-05,HIGHAUS-23NOV05-B82.5,HIGHAUS-23NOV05,82-84F,82.0,82.0,84.0,between,between,0.43,0,80.06,no,0,9,0.0,1.0
2023-11-05,HIGHAUS-23NOV05-T83,HIGHAUS-23NOV05,Above 83F,83.0,83.0,,above,greater,0.13,0,80.06,no,0,251,0.0,0.39
2023-11-06,HIGHAUS-23NOV06-T78,HIGHAUS-23NOV06,Below 78F,78.0,,78.0,below,less,0.03,0,80.96,no,0,182,0.0,0.01
2023-11-06,HIGHAUS-23NOV06-B78.5,HIGHAUS-23NOV06,78-80F,78.0,78.0,80.0,between,between,0.01,0,80.96,no,0,612,0.0,0.01
2023-11-06,HIGHAUS-23NOV06-B80.5,HIGHAUS-23NOV06,80-82F,80.0,80.0,82.0,between,between,0.99,1,80.96,yes,100,1522,0.51,1.0
2023-11-06,HIGHAUS-23NOV06-B82.5,HIGHAUS-23NOV06,82-84F,82.0,82.0,84.0,between,between,0.03,0,80.96,no,0,2007,0.0,0.49
2023-11-06,HIGHAUS-23NOV06-B84.5,HIGHAUS-23NOV06,84-86F,84.0,84.0,86.0,between,between,0.4,0,80.96,no,0,1185,0.0,0.4
2023-11-06,HIGHAUS-23NOV06-T85,HIGHAUS-23NOV06,Above 85F,85.0,85.0,,above,greater,0.06,0,80.96,no,0,527,0.0,0.03
2023-11-07,HIGHAUS-23NOV07-B81.5,HIGHAUS-23NOV07,81-83F,81.0,81.0,83.0,between,between,0.03,0,84.91999999999999,no,0,177,0.0,0.01
2023-11-07,HIGHAUS-23NOV07-T81,HIGHAUS-23NOV07,Below 81F,81.0,,81.0,below,less,0.0,0,84.91999999999999,no,0,0,0.0,0.01
2023-11-07,HIGHAUS-23NOV07-B83.5,HIGHAUS-23NOV07,83-85F,83.0,83.0,85.0,between,between,0.01,0,84.91999999999999,no,0,6460,0.0,0.44
2023-11-07,HIGHAUS-23NOV07-B85.5,HIGHAUS-23NOV07,85-87F,85.0,85.0,87.0,between,between,0.58,1,84.91999999999999,yes,100,1194,0.71,1.0
2023-11-07,HIGHAUS-23NOV07-B87.5,HIGHAUS-23NOV07,87-89F,87.0,87.0,89.0,between,between,0.05,0,84.91999999999999,no,0,1522,0.0,0.19
2023-11-07,HIGHAUS-23NOV07-T88,HIGHAUS-23NOV07,Above 88F,88.0,88.0,,above,greater,0.09,0,84.91999999999999,no,0,524,0.0,0.1
2023-11-08,HIGHAUS-23NOV08-B79.5,HIGHAUS-23NOV08,79-81F,79.0,79.0,81.0,between,between,0.01,0,82.94,no,0,200,0.0,0.01
2023-11-08,HIGHAUS-23NOV08-T79,HIGHAUS-23NOV08,Below 79F,79.0,,79.0,below,less,0.15,0,82.94,no,0,4,0.0,0.01
2023-11-08,HIGHAUS-23NOV08-B81.5,HIGHAUS-23NOV08,81-83F,81.0,81.0,83.0,between,between,0.05,0,82.94,no,0,819,0.0,0.01
2023-11-08,HIGHAUS-23NOV08-B83.5,HIGHAUS-23NOV08,83-85F,83.0,83.0,85.0,between,between,0.7,1,82.94,yes,100,2241,0.7,1.0
2023-11-08,HIGHAUS-23NOV08-B85.5,HIGHAUS-23NOV08,85-87F,85.0,85.0,87.0,between,between,0.05,0,82.94,no,0,1933,0.0,0.25
2023-11-08,HIGHAUS-23NOV08-T86,HIGHAUS-23NOV08,Above 86F,86.0,86.0,,above,greater,0.01,0,82.94,no,0,3261,0.0,0.05
2023-11-09,HIGHAUS-23NOV09-T69,HIGHAUS-23NOV09,Below 69F,69.0,,69.0,below,less,0.0,0,78.08,no,0,0,0.0,0.01
2023-11-09,HIGHAUS-23NOV09-B69.5,HIGHAUS-23NOV09,69-71F,69.0,69.0,71.0,between,between,0.0,0,78.08,no,0,0,0.0,0.01
2023-11-09,HIGHAUS-23NOV09-B71.5,HIGHAUS-23NOV09,71-73F,71.0,71.0,73.0,between,between,0.01,0,78.08,no,0,630,0.0,0.01
2023-11-09,HIGHAUS-23NOV09-B73.5,HIGHAUS-23NOV09,73-75F,73.0,73.0,75.0,between,between,0.6,0,78.08,no,0,143,0.0,0.01
2023-11-09,HIGHAUS-23NOV09-B75.5,HIGHAUS-23NOV09,75-77F,75.0,75.0,77.0,between,between,0.01,0,78.08,no,0,2495,0.0,0.01
2023-11-09,HIGHAUS-23NOV09-T76,HIGHAUS-23NOV09,Above 76F,76.0,76.0,,above,greater,0.99,1,78.08,yes,100,1242,0.99,1.0
2023-11-10,HIGHAUS-23NOV10-T55,HIGHAUS-23NOV10,Below 55F,55.0,,55.0,below,less,0.0,0,57.92,no,0,0,0.0,0.01
2023-11-10,HIGHAUS-23NOV10-B55.5,HIGHAUS-23NOV10,55-57F,55.0,55.0,57.0,between,between,0.0,0,57.92,no,0,0,0.0,0.01
2023-11-10,HIGHAUS-23NOV10-B57.5,HIGHAUS-23NOV10,57-59F,57.0,57.0,59.0,between,between,0.27,1,57.92,yes,100,469,0.01,1.0
2023-11-10,HIGHAUS-23NOV10-B59.5,HIGHAUS-23NOV10,59-61F,59.0,59.0,61.0,between,between,0.03,0,57.92,no,0,1455,0.01,0.38
2023-11-10,HIGHAUS-23NOV10-B61.5,HIGHAUS-23NOV10,61-63F,61.0,61.0,63.0,between,between,0.05,0,57.92,no,0,530,0.0,0.99
2023-11-10,HIGHAUS-23NOV10-T62,HIGHAUS-23NOV10,Above 62F,62.0,62.0,,above,greater,0.29,0,57.92,no,0,220,0.0,0.99
2023-11-11,HIGHAUS-23NOV11-B55.5,HIGHAUS-23NOV11,55-57F,55.0,55.0,57.0,between,between,0.0,0,62.06,no,0,0,0.0,0.01
2023-11-11,HIGHAUS-23NOV11-T55,HIGHAUS-23NOV11,Below 55F,55.0,,55.0,below,less,0.0,0,62.06,no,0,0,0.0,0.01
2023-11-11,HIGHAUS-23NOV11-B57.5,HIGHAUS-23NOV11,57-59F,57.0,57.0,59.0,between,between,0.0,0,62.06,no,0,0,0.0,0.01
2023-11-11,HIGHAUS-23NOV11-B59.5,HIGHAUS-23NOV11,59-61F,59.0,59.0,61.0,between,between,0.01,0,62.06,no,0,1601,0.0,0.01
2023-11-11,HIGHAUS-23NOV11-B61.5,HIGHAUS-23NOV11,61-63F,61.0,61.0,63.0,between,between,0.36,1,62.06,yes,100,1215,0.51,1.0
2023-11-11,HIGHAUS-23NOV11-T62,HIGHAUS-23NOV11,Above 62F,62.0,62.0,,above,greater,0.66,0,62.06,no,0,966,0.0,0.5
2023-11-12,HIGHAUS-23NOV12-T59,HIGHAUS-23NOV12,Below 59F,59.0,,59.0,below,less,0.1,0,62.06,no,0,5,0.0,0.01
2023-11-12,HIGHAUS-23NOV12-B59.5,HIGHAUS-23NOV12,59-61F,59.0,59.0,61.0,between,between,0.46,0,62.06,no,0,1770,0.0,0.01
2023-11-12,HIGHAUS-23NOV12-B61.5,HIGHAUS-23NOV12,61-63F,61.0,61.0,63.0,between,between,0.44,1,62.06,yes,100,615,0.01,1.0
2023-11-12,HIGHAUS-23NOV12-B63.5,HIGHAUS-23NOV12,63-65F,63.0,63.0,65.0,between,between,0.0,0,62.06,no,0,0,0.0,0.55
2023-11-12,HIGHAUS-23NOV12-B65.5,HIGHAUS-23NOV12,65-67F,65.0,65.0,67.0,between,between,0.0,0,62.06,no,0,0,0.0,0.32
2023-11-12,HIGHAUS-23NOV12-T66,HIGHAUS-23NOV12,Above 66F,66.0,66.0,,above,greater,0.0,0,62.06,no,0,0,0.0,0.32
2023-11-13,HIGHAUS-23NOV13-B56.5,HIGHAUS-23NOV13,56-58F,56.0,56.0,58.0,between,between,0.0,0,66.92,no,0,0,0.0,0.01
2023-11-13,HIGHAUS-23NOV13-T56,HIGHAUS-23NOV13,Below 56F,56.0,,56.0,below,less,0.0,0,66.92,no,0,0,0.0,0.01
2023-11-13,HIGHAUS-23NOV13-B58.5,HIGHAUS-23NOV13,58-60F,58.0,58.0,60.0,between,between,0.25,0,66.92,no,0,915,0.0,0.01
2023-11-13,HIGHAUS-23NOV13-B60.5,HIGHAUS-23NOV13,60-62F,60.0,60.0,62.0,between,between,0.11,0,66.92,no,0,778,0.0,0.01
2023-11-13,HIGHAUS-23NOV13-B62.5,HIGHAUS-23NOV13,62-64F,62.0,62.0,64.0,between,between,0.01,0,66.92,no,0,1325,0.0,0.01
2023-11-13,HIGHAUS-23NOV13-T63,HIGHAUS-23NOV13,Above 63F,63.0,63.0,,above,greater,0.99,1,66.92,yes,100,804,0.99,1.0
2023-11-14,HIGHAUS-23NOV14-T63,HIGHAUS-23NOV14,Below 63F,63.0,,63.0,below,less,0.0,0,71.96,no,0,0,0.0,0.01
2023-11-14,HIGHAUS-23NOV14-B63.5,HIGHAUS-23NOV14,63-65F,63.0,63.0,65.0,between,between,0.25,0,71.96,no,0,1,0.0,0.01
2023-11-14,HIGHAUS-23NOV14-B65.5,HIGHAUS-23NOV14,65-67F,65.0,65.0,67.0,between,between,0.0,0,71.96,no,0,0,0.0,0.01
2023-11-14,HIGHAUS-23NOV14-B67.5,HIGHAUS-23NOV14,67-69F,67.0,67.0,69.0,between,between,0.01,0,71.96,no,0,15,0.0,0.01
2023-11-14,HIGHAUS-23NOV14-B69.5,HIGHAUS-23NOV14,69-71F,69.0,69.0,71.0,between,between,0.01,0,71.96,no,0,825,0.0,0.01
2023-11-14,HIGHAUS-23NOV14-T70,HIGHAUS-23NOV14,Above 70F,70.0,70.0,,above,greater,0.97,1,71.96,yes,100,1538,0.99,1.0
2023-11-15,HIGHAUS-23NOV15-T69,HIGHAUS-23NOV15,Below 69F,69.0,,69.0,below,less,0.0,0,73.94,no,0,0,0.0,0.01
2023-11-15,HIGHAUS-23NOV15-B69.5,HIGHAUS-23NOV15,69-71F,69.0,69.0,71.0,between,between,0.0,0,73.94,no,0,0,0.0,0.01
2023-11-15,HIGHAUS-23NOV15-B71.5,HIGHAUS-23NOV15,71-73F,71.0,71.0,73.0,between,between,0.01,0,73.94,no,0,500,0.0,0.01
2023-11-15,HIGHAUS-23NOV15-B73.5,HIGHAUS-23NOV15,73-75F,73.0,73.0,75.0,between,between,0.5,1,73.94,yes,100,1132,0.97,1.0
2023-11-15,HIGHAUS-23NOV15-B75.5,HIGHAUS-23NOV15,75-77F,75.0,75.0,77.0,between,between,0.24,0,73.94,no,0,215,0.0,0.03
2023-11-15,HIGHAUS-23NOV15-T76,HIGHAUS-23NOV15,Above 76F,76.0,76.0,,above,greater,0.03,0,73.94,no,0,2041,0.0,0.03
2023-11-16,HIGHAUS-23NOV16-B70.5,HIGHAUS-23NOV16,70-72F,70.0,70.0,72.0,between,between,0.05,0,62.96,no,0,928,0.0,0.43
2023-11-16,HIGHAUS-23NOV16-T70,HIGHAUS-23NOV16,Below 70F,70.0,,70.0,below,less,0.98,1,62.96,yes,100,1237,0.2,1.0
2023-11-16,HIGHAUS-23NOV16-B72.5,HIGHAUS-23NOV16,72-74F,72.0,72.0,74.0,between,between,0.19,0,62.96,no,0,2704,0.0,0.99
2023-11-16,HIGHAUS-23NOV16-B74.5,HIGHAUS-23NOV16,74-76F,74.0,74.0,76.0,between,between,0.06,0,62.96,no,0,1758,0.0,0.47
2023-11-16,HIGHAUS-23NOV16-B76.5,HIGHAUS-23NOV16,76-78F,76.0,76.0,78.0,between,between,0.15,0,62.96,no,0,1008,0.0,0.03
2023-11-16,HIGHAUS-23NOV16-T77,HIGHAUS-23NOV16,Above 77F,77.0,77.0,,above,greater,0.0,0,62.96,no,0,0,0.0,0.44
2023-11-17,HIGHAUS-23NOV17-B75.5,HIGHAUS-23NOV17,75-77F,75.0,75.0,77.0,between,between,0.0,0,82.04,no,0,0,0.0,0.01
2023-11-17,HIGHAUS-23NOV17-T75,HIGHAUS-23NOV17,Below 75F,75.0,,75.0,below,less,0.0,0,82.04,no,0,0,0.0,0.01
2023-11-17,HIGHAUS-23NOV17-B77.5,HIGHAUS-23NOV17,77-79F,77.0,77.0,79.0,between,between,0.01,0,82.04,no,0,2191,0.0,0.01
2023-11-17,HIGHAUS-23NOV17-B79.5,HIGHAUS-23NOV17,79-81F,79.0,79.0,81.0,between,between,0.51,0,82.04,no,0,981,0.0,0.01
2023-11-17,HIGHAUS-23NOV17-B81.5,HIGHAUS-23NOV17,81-83F,81.0,81.0,83.0,between,between,0.5,1,82.04,yes,100,1715,0.65,1.0
2023-11-17,HIGHAUS-23NOV17-T82,HIGHAUS-23NOV17,Above 82F,82.0,82.0,,above,greater,0.05,0,82.04,no,0,2322,0.0,0.44
2023-11-18,HIGHAUS-23NOV18-T70,HIGHAUS-23NOV18,Below 70F,70.0,,70.0,below,less,0.01,0,69.98,no,0,4394,0.0,0.02
2023-11-18,HIGHAUS-23NOV18-B70.5,HIGHAUS-23NOV18,70-72F,70.0,70.0,72.0,between,between,0.99,1,69.98,yes,100,2549,0.98,1.0
2023-11-18,HIGHAUS-23NOV18-B72.5,HIGHAUS-23NOV18,72-74F,72.0,72.0,74.0,between,between,0.01,0,69.98,no,0,2457,0.0,0.02
2023-11-18,HIGHAUS-23NOV18-B74.5,HIGHAUS-23NOV18,74-76F,74.0,74.0,76.0,between,between,0.01,0,69.98,no,0,3340,0.0,0.03
2023-11-18,HIGHAUS-23NOV18-B76.5,HIGHAUS-23NOV18,76-78F,76.0,76.0,78.0,between,between,0.07,0,69.98,no,0,350,0.0,0.26
2023-11-18,HIGHAUS-23NOV18-T77,HIGHAUS-23NOV18,Above 77F,77.0,77.0,,above,greater,0.01,0,69.98,no,0,1,0.0,0.14
2023-11-20,HIGHAUS-23NOV20-T75,HIGHAUS-23NOV20,Below 75F,75.0,,75.0,below,less,0.0,0,84.02,no,0,0,0.0,0.01
2023-11-20,HIGHAUS-23NOV20-B75.5,HIGHAUS-23NOV20,75-77F,75.0,75.0,77.0,between,between,0.0,0,84.02,no,0,0,0.0,0.01
2023-11-20,HIGHAUS-23NOV20-B77.5,HIGHAUS-23NOV20,77-79F,77.0,77.0,79.0,between,between,0.01,0,84.02,no,0,3742,0.0,0.01
2023-11-20,HIGHAUS-23NOV20-B79.5,HIGHAUS-23NOV20,79-81F,79.0,79.0,81.0,between,between,0.01,0,84.02,no,0,2570,0.0,0.01
2023-11-20,HIGHAUS-23NOV20-B81.5,HIGHAUS-23NOV20,81-83F,81.0,81.0,83.0,between,between,0.01,0,84.02,no,0,2829,0.0,0.01
2023-11-20,HIGHAUS-23NOV20-T82,HIGHAUS-23NOV20,Above 82F,82.0,82.0,,above,greater,0.45,1,84.02,yes,100,746,0.99,1.0
2023-11-21,HIGHAUS-23NOV21-T60,HIGHAUS-23NOV21,Below 60F,60.0,,60.0,below,less,0.0,0,60.98,no,0,0,0.0,0.01
2023-11-21,HIGHAUS-23NOV21-B60.5,HIGHAUS-23NOV21,60-62F,60.0,60.0,62.0,between,between,0.2,1,60.98,yes,100,1629,0.75,1.0
2023-11-21,HIGHAUS-23NOV21-B62.5,HIGHAUS-23NOV21,62-64F,62.0,62.0,64.0,between,between,0.05,0,60.98,no,0,1856,0.0,0.15
2023-11-21,HIGHAUS-23NOV21-B64.5,HIGHAUS-23NOV21,64-66F,64.0,64.0,66.0,between,between,0.27,0,60.98,no,0,783,0.0,0.03
2023-11-21,HIGHAUS-23NOV21-B66.5,HIGHAUS-23NOV21,66-68F,66.0,66.0,68.0,between,between,0.18,0,60.98,no,0,990,0.0,0.03
2023-11-21,HIGHAUS-23NOV21-T67,HIGHAUS-23NOV21,Above 67F,67.0,67.0,,above,greater,0.1,0,60.98,no,0,389,0.0,0.03
2023-11-22,HIGHAUS-23NOV22-T57,HIGHAUS-23NOV22,Below 57F,57.0,,57.0,below,less,0.0,0,66.92,no,0,0,0.0,0.01
2023-11-22,HIGHAUS-23NOV22-B57.5,HIGHAUS-23NOV22,57-59F,57.0,57.0,59.0,between,between,0.0,0,66.92,no,0,0,0.0,0.01
2023-11-22,HIGHAUS-23NOV22-B59.5,HIGHAUS-23NOV22,59-61F,59.0,59.0,61.0,between,between,0.0,0,66.92,no,0,0,0.0,0.01
2023-11-22,HIGHAUS-23NOV22-B61.5,HIGHAUS-23NOV22,61-63F,61.0,61.0,63.0,between,between,0.1,0,66.92,no,0,1165,0.0,0.01
2023-11-22,HIGHAUS-23NOV22-B63.5,HIGHAUS-23NOV22,63-65F,63.0,63.0,65.0,between,between,0.01,0,66.92,no,0,505,0.0,0.01
2023-11-22,HIGHAUS-23NOV22-T64,HIGHAUS-23NOV22,Above 64F,64.0,64.0,,above,greater,0.99,1,66.92,yes,100,1621,0.99,1.0
2023-11-23,HIGHAUS-23NOV23-T55,HIGHAUS-23NOV23,Below 55F,55.0,,55.0,below,less,0.01,0,59.0,no,0,187,0.0,0.01
2023-11-23,HIGHAUS-23NOV23-B55.5,HIGHAUS-23NOV23,55-57F,55.0,55.0,57.0,between,between,0.01,0,59.0,no,0,493,0.0,0.01
2023-11-23,HIGHAUS-23NOV23-B57.5,HIGHAUS-23NOV23,57-59F,57.0,57.0,59.0,between,between,0.01,0,59.0,no,0,1772,0.0,0.01
2023-11-23,HIGHAUS-23NOV23-B59.5,HIGHAUS-23NOV23,59-61F,59.0,59.0,61.0,between,between,0.47,1,59.0,yes,100,376,0.97,1.0
2023-11-23,HIGHAUS-23NOV23-B61.5,HIGHAUS-23NOV23,61-63F,61.0,61.0,63.0,between,between,0.3,0,59.0,no,0,3150,0.0,0.03
2023-11-23,HIGHAUS-23NOV23-T62,HIGHAUS-23NOV23,Above 62F,62.0,62.0,,above,greater,0.17,0,59.0,no,0,1915,0.0,0.03
2023-11-24,HIGHAUS-23NOV24-T61,HIGHAUS-23NOV24,Below 61F,61.0,,61.0,below,less,0.0,0,66.02,no,0,0,0.0,0.01
2023-11-24,HIGHAUS-23NOV24-B61.5,HIGHAUS-23NOV24,61-63F,61.0,61.0,63.0,between,between,0.0,0,66.02,no,0,0,0.0,0.01
2023-11-24,HIGHAUS-23NOV24-B63.5,HIGHAUS-23NOV24,63-65F,63.0,63.0,65.0,between,between,0.08,0,66.02,no,0,195,0.0,0.01
2023-11-24,HIGHAUS-23NOV24-B65.5,HIGHAUS-23NOV24,65-67F,65.0,65.0,67.0,between,between,0.48,1,66.02,yes,100,483,0.75,1.0
2023-11-24,HIGHAUS-23NOV24-B67.5,HIGHAUS-23NOV24,67-69F,67.0,67.0,69.0,between,between,0.03,0,66.02,no,0,775,0.0,0.25
2023-11-24,HIGHAUS-23NOV24-T68,HIGHAUS-23NOV24,Above 68F,68.0,68.0,,above,greater,0.15,0,66.02,no,0,614,0.0,1.0
2023-11-25,HIGHAUS-23NOV25-B60.5,HIGHAUS-23NOV25,60-62F,60.0,60.0,62.0,between,between,0.41,1,61.0,yes,100,700,0.5,1.0
2023-11-25,HIGHAUS-23NOV25-T60,HIGHAUS-23NOV25,Below 60F,60.0,,60.0,below,less,0.27,0,61.0,no,0,335,0.0,0.01
2023-11-25,HIGHAUS-23NOV25-B62.5,HIGHAUS-23NOV25,62-64F,62.0,62.0,64.0,between,between,0.31,0,61.0,no,0,406,0.0,1.0
2023-11-25,HIGHAUS-23NOV25-B64.5,HIGHAUS-23NOV25,64-66F,64.0,64.0,66.0,between,between,0.03,0,61.0,no,0,384,0.0,0.24
2023-11-25,HIGHAUS-23NOV25-B66.5,HIGHAUS-23NOV25,66-68F,66.0,66.0,68.0,between,between,0.03,0,61.0,no,0,455,0.0,1.0
2023-11-25,HIGHAUS-23NOV25-T67,HIGHAUS-23NOV25,Above 67F,67.0,67.0,,above,greater,0.08,0,61.0,no,0,390,0.0,0.09
2023-11-26,HIGHAUS-23NOV26-T54,HIGHAUS-23NOV26,Below 54F,54.0,,54.0,below,less,0.0,0,57.02,no,0,0,0.0,0.01
2023-11-26,HIGHAUS-23NOV26-B54.5,HIGHAUS-23NOV26,54-56F,54.0,54.0,56.0,between,between,0.13,0,57.02,no,0,100,0.0,0.01
2023-11-26,HIGHAUS-23NOV26-B56.5,HIGHAUS-23NOV26,56-58F,56.0,56.0,58.0,between,between,0.99,1,57.02,yes,100,667,0.0,1.0
2023-11-26,HIGHAUS-23NOV26-B58.5,HIGHAUS-23NOV26,58-60F,58.0,58.0,60.0,between,between,0.36,0,57.02,no,0,108,0.0,0.52
2023-11-26,HIGHAUS-23NOV26-B60.5,HIGHAUS-23NOV26,60-62F,60.0,60.0,62.0,between,between,0.23,0,57.02,no,0,65,0.0,1.0
2023-11-26,HIGHAUS-23NOV26-T61,HIGHAUS-23NOV26,Above 61F,61.0,61.0,,above,greater,0.1,0,57.02,no,0,190,0.0,0.55
2023-11-27,HIGHAUS-23NOV27-T53,HIGHAUS-23NOV27,Below 53F,53.0,,53.0,below,less,0.0,0,55.94,no,0,0,0.0,0.01
2023-11-27,HIGHAUS-23NOV27-B53.5,HIGHAUS-23NOV27,53-55F,53.0,53.0,55.0,between,between,0.0,0,55.94,no,0,0,0.0,0.01
2023-11-27,HIGHAUS-23NOV27-B55.5,HIGHAUS-23NOV27,55-57F,55.0,55.0,57.0,between,between,0.52,1,55.94,yes,100,1081,0.5,1.0
2023-11-27,HIGHAUS-23NOV27-B57.5,HIGHAUS-23NOV27,57-59F,57.0,57.0,59.0,between,between,0.56,0,55.94,no,0,600,0.0,0.99
2023-11-27,HIGHAUS-23NOV27-B59.5,HIGHAUS-23NOV27,59-61F,59.0,59.0,61.0,between,between,0.09,0,55.94,no,0,730,0.0,0.99
2023-11-27,HIGHAUS-23NOV27-T60,HIGHAUS-23NOV27,Above 60F,60.0,60.0,,above,greater,0.0,0,55.94,no,0,0,0.0,0.54
2023-11-28,HIGHAUS-23NOV28-B56.5,HIGHAUS-23NOV28,56-58F,56.0,56.0,58.0,between,between,0.0,0,62.96,no,0,0,0.0,0.01
2023-11-28,HIGHAUS-23NOV28-T56,HIGHAUS-23NOV28,Below 56F,56.0,,56.0,below,less,0.0,0,62.96,no,0,0,0.0,0.01
2023-11-28,HIGHAUS-23NOV28-B58.5,HIGHAUS-23NOV28,58-60F,58.0,58.0,60.0,between,between,0.01,0,62.96,no,0,1351,0.0,0.01
2023-11-28,HIGHAUS-23NOV28-B60.5,HIGHAUS-23NOV28,60-62F,60.0,60.0,62.0,between,between,0.01,0,62.96,no,0,2168,0.0,0.01
2023-11-28,HIGHAUS-23NOV28-B62.5,HIGHAUS-23NOV28,62-64F,62.0,62.0,64.0,between,between,0.3,1,62.96,yes,100,1567,0.0,1.0
2023-11-28,HIGHAUS-23NOV28-T63,HIGHAUS-23NOV28,Above 63F,63.0,63.0,,above,greater,0.01,0,62.96,no,0,642,0.0,1.0
2023-11-29,HIGHAUS-23NOV29-T57,HIGHAUS-23NOV29,Below 57F,57.0,,57.0,below,less,0.01,0,64.94,no,0,102,0.0,0.01
2023-11-29,HIGHAUS-23NOV29-B57.5,HIGHAUS-23NOV29,57-59F,57.0,57.0,59.0,between,between,0.17,0,64.94,no,0,5,0.0,0.01
2023-11-29,HIGHAUS-23NOV29-B59.5,HIGHAUS-23NOV29,59-61F,59.0,59.0,61.0,between,between,0.01,0,64.94,no,0,1593,0.0,0.01
2023-11-29,HIGHAUS-23NOV29-B61.5,HIGHAUS-23NOV29,61-63F,61.0,61.0,63.0,between,between,0.01,0,64.94,no,0,2162,0.0,0.01
2023-11-29,HIGHAUS-23NOV29-B63.5,HIGHAUS-23NOV29,63-65F,63.0,63.0,65.0,between,between,0.09,0,64.94,no,0,1412,0.0,0.01
2023-11-29,HIGHAUS-23NOV29-T64,HIGHAUS-23NOV29,Above 64F,64.0,64.0,,above,greater,0.99,1,64.94,yes,100,1828,0.99,1.0
2023-11-30,HIGHAUS-23NOV30-T69,HIGHAUS-23NOV30,Below 69F,69.0,,69.0,below,less,0.01,0,73.94,no,0,200,0.0,0.01
2023-11-30,HIGHAUS-23NOV30-B69.5,HIGHAUS-23NOV30,69-71F,69.0,69.0,71.0,between,between,0.03,0,73.94,no,0,500,0.0,0.01
2023-11-30,HIGHAUS-23NOV30-B71.5,HIGHAUS-23NOV30,71-73F,71.0,71.0,73.0,between,between,0.01,0,73.94,no,0,1742,0.0,0.01
2023-11-30,HIGHAUS-23NOV30-B73.5,HIGHAUS-23NOV30,73-75F,73.0,73.0,75.0,between,between,0.98,1,73.94,yes,100,2044,0.97,1.0
2023-11-30,HIGHAUS-23NOV30-B75.5,HIGHAUS-23NOV30,75-77F,75.0,75.0,77.0,between,between,0.02,0,73.94,no,0,1788,0.0,0.01
2023-11-30,HIGHAUS-23NOV30-T76,HIGHAUS-23NOV30,Above 76F,76.0,76.0,,above,greater,0.03,0,73.94,no,0,1194,0.0,0.02
2023-12-01,HIGHAUS-23DEC01-B67.5,HIGHAUS-23DEC01,67-69F,67.0,67.0,69.0,between,between,0.15,0,69.98,no,0,5,0.0,0.01
2023-12-01,HIGHAUS-23DEC01-T67,HIGHAUS-23DEC01,Below 67F,67.0,,67.0,below,less,0.01,0,69.98,no,0,305,0.0,0.01
2023-12-01,HIGHAUS-23DEC01-B69.5,HIGHAUS-23DEC01,69-71F,69.0,69.0,71.0,between,between,0.97,1,69.98,yes,100,1116,0.5,1.0
2023-12-01,HIGHAUS-23DEC01-B71.5,HIGHAUS-23DEC01,71-73F,71.0,71.0,73.0,between,between,0.44,0,69.98,no,0,1402,0.0,0.5
2023-12-01,HIGHAUS-23DEC01-B73.5,HIGHAUS-23DEC01,73-75F,73.0,73.0,75.0,between,between,0.24,0,69.98,no,0,1214,0.0,0.03
2023-12-01,HIGHAUS-23DEC01-T74,HIGHAUS-23DEC01,Above 74F,74.0,74.0,,above,greater,0.03,0,69.98,no,0,1567,0.0,0.03
2023-12-02,HIGHAUS-23DEC02-B70.5,HIGHAUS-23DEC02,70-72F,70.0,70.0,72.0,between,between,0.14,1,70.0,yes,100,194,0.75,1.0
2023-12-02,HIGHAUS-23DEC02-T70,HIGHAUS-23DEC02,Below 70F,70.0,,70.0,below,less,0.08,0,70.0,no,0,400,0.0,0.01
2023-12-02,HIGHAUS-23DEC02-B72.5,HIGHAUS-23DEC02,72-74F,72.0,72.0,74.0,between,between,0.33,0,70.0,no,0,1756,0.0,0.09
2023-12-02,HIGHAUS-23DEC02-B74.5,HIGHAUS-23DEC02,74-76F,74.0,74.0,76.0,between,between,0.27,0,70.0,no,0,1815,0.0,0.03
2023-12-02,HIGHAUS-23DEC02-B76.5,HIGHAUS-23DEC02,76-78F,76.0,76.0,78.0,between,between,0.08,0,70.0,no,0,1159,0.0,0.03
2023-12-02,HIGHAUS-23DEC02-T77,HIGHAUS-23DEC02,Above 77F,77.0,77.0,,above,greater,0.01,0,70.0,no,0,879,0.0,0.03
2023-12-03,HIGHAUS-23DEC03-T71,HIGHAUS-23DEC03,Below 71F,71.0,,71.0,below,less,0.0,0,73.94,no,0,0,0.0,0.01
2023-12-03,HIGHAUS-23DEC03-B71.5,HIGHAUS-23DEC03,71-73F,71.0,71.0,73.0,between,between,0.01,0,73.94,no,0,1445,0.0,0.01
2023-12-03,HIGHAUS-23DEC03-B73.5,HIGHAUS-23DEC03,73-75F,73.0,73.0,75.0,between,between,0.45,1,73.94,yes,100,1807,0.8,1.0
2023-12-03,HIGHAUS-23DEC03-B75.5,HIGHAUS-23DEC03,75-77F,75.0,75.0,77.0,between,between,0.16,0,73.94,no,0,1317,0.0,0.2
2023-12-03,HIGHAUS-23DEC03-B77.5,HIGHAUS-23DEC03,77-79F,77.0,77.0,79.0,between,between,0.07,0,73.94,no,0,1145,0.0,0.03
2023-12-03,HIGHAUS-23DEC03-T78,HIGHAUS-23DEC03,Above 78F,78.0,78.0,,above,greater,0.19,0,73.94,no,0,1169,0.0,0.03
2023-12-04,HIGHAUS-23DEC04-T64,HIGHAUS-23DEC04,Below 64F,64.0,,64.0,below,less,0.0,0,69.08,no,0,0,0.0,0.01
2023-12-04,HIGHAUS-23DEC04-B64.5,HIGHAUS-23DEC04,64-66F,64.0,64.0,66.0,between,between,0.07,0,69.08,no,0,2,0.0,0.01
2023-12-04,HIGHAUS-23DEC04-B66.5,HIGHAUS-23DEC04,66-68F,66.0,66.0,68.0,between,between,0.01,0,69.08,no,0,4700,0.0,0.01
2023-12-04,HIGHAUS-23DEC04-B68.5,HIGHAUS-23DEC04,68-70F,68.0,68.0,70.0,between,between,0.97,1,69.08,yes,100,2600,0.52,1.0
2023-12-04,HIGHAUS-23DEC04-B70.5,HIGHAUS-23DEC04,70-72F,70.0,70.0,72.0,between,between,0.02,0,69.08,no,0,2005,0.0,1.0
2023-12-04,HIGHAUS-23DEC04-T71,HIGHAUS-23DEC04,Above 71F,71.0,71.0,,above,greater,0.03,0,69.08,no,0,1637,0.0,0.16
2023-12-05,HIGHAUS-23DEC05-B68.5,HIGHAUS-23DEC05,68-70F,68.0,68.0,70.0,between,between,0.01,0,73.94,no,0,182,0.0,0.01
2023-12-05,HIGHAUS-23DEC05-T68,HIGHAUS-23DEC05,Below 68F,68.0,,68.0,below,less,0.0,0,73.94,no,0,0,0.0,0.01
2023-12-05,HIGHAUS-23DEC05-B70.5,HIGHAUS-23DEC05,70-72F,70.0,70.0,72.0,between,between,0.01,0,73.94,no,0,1809,0.0,0.01
2023-12-05,HIGHAUS-23DEC05-B72.5,HIGHAUS-23DEC05,72-74F,72.0,72.0,74.0,between,between,0.01,0,73.94,no,0,1273,0.0,0.01
2023-12-05,HIGHAUS-23DEC05-B74.5,HIGHAUS-23DEC05,74-76F,74.0,74.0,76.0,between,between,0.97,1,73.94,yes,100,568,0.97,1.0
2023-12-05,HIGHAUS-23DEC05-T75,HIGHAUS-23DEC05,Above 75F,75.0,75.0,,above,greater,0.03,0,73.94,no,0,261,0.0,0.03
2023-12-06,HIGHAUS-23DEC06-B65.5,HIGHAUS-23DEC06,65-67F,65.0,65.0,67.0,between,between,0.01,0,69.08,no,0,1657,0.0,0.01
2023-12-06,HIGHAUS-23DEC06-T65,HIGHAUS-23DEC06,Below 65F,65.0,,65.0,below,less,0.0,0,69.08,no,0,0,0.0,0.01
2023-12-06,HIGHAUS-23DEC06-B67.5,HIGHAUS-23DEC06,67-69F,67.0,67.0,69.0,between,between,0.01,0,69.08,no,0,2185,0.0,0.01
2023-12-06,HIGHAUS-23DEC06-B69.5,HIGHAUS-23DEC06,69-71F,69.0,69.0,71.0,between,between,0.53,1,69.08,yes,100,700,0.97,1.0
2023-12-06,HIGHAUS-23DEC06-B71.5,HIGHAUS-23DEC06,71-73F,71.0,71.0,73.0,between,between,0.28,0,69.08,no,0,791,0.0,0.03
2023-12-06,HIGHAUS-23DEC06-T72,HIGHAUS-23DEC06,Above 72F,72.0,72.0,,above,greater,0.26,0,69.08,no,0,20,0.0,0.03
2023-12-07,HIGHAUS-23DEC07-B67.5,HIGHAUS-23DEC07,67-69F,67.0,67.0,69.0,between,between,0.18,0,73.04,no,0,580,0.0,0.01
2023-12-07,HIGHAUS-23DEC07-T67,HIGHAUS-23DEC07,Below 67F,67.0,,67.0,below,less,0.0,0,73.04,no,0,0,0.0,0.01
2023-12-07,HIGHAUS-23DEC07-B69.5,HIGHAUS-23DEC07,69-71F,69.0,69.0,71.0,between,between,0.01,0,73.04,no,0,1527,0.0,0.01
2023-12-07,HIGHAUS-23DEC07-B71.5,HIGHAUS-23DEC07,71-73F,71.0,71.0,73.0,between,between,0.01,0,73.04,no,0,2317,0.0,0.01
2023-12-07,HIGHAUS-23DEC07-B73.5,HIGHAUS-23DEC07,73-75F,73.0,73.0,75.0,between,between,0.03,1,73.04,yes,100,1299,0.97,1.0
2023-12-07,HIGHAUS-23DEC07-T74,HIGHAUS-23DEC07,Above 74F,74.0,74.0,,above,greater,0.11,0,73.04,no,0,349,0.0,0.03
2023-12-08,HIGHAUS-23DEC08-B73.5,HIGHAUS-23DEC08,73-75F,73.0,73.0,75.0,between,between,0.03,0,75.02,no,0,934,0.0,0.01
2023-12-08,HIGHAUS-23DEC08-T73,HIGHAUS-23DEC08,Below 73F,73.0,,73.0,below,less,0.01,0,75.02,no,0,250,0.0,0.01
2023-12-08,HIGHAUS-23DEC08-B75.5,HIGHAUS-23DEC08,75-77F,75.0,75.0,77.0,between,between,0.65,1,75.02,yes,100,1719,0.03,1.0
2023-12-08,HIGHAUS-23DEC08-B77.5,HIGHAUS-23DEC08,77-79F,77.0,77.0,79.0,between,between,0.22,0,75.02,no,0,1464,0.0,0.99
2023-12-08,HIGHAUS-23DEC08-B79.5,HIGHAUS-23DEC08,79-81F,79.0,79.0,81.0,between,between,0.09,0,75.02,no,0,1592,0.0,0.99
2023-12-08,HIGHAUS-23DEC08-T80,HIGHAUS-23DEC08,Above 80F,80.0,80.0,,above,greater,0.03,0,75.02,no,0,663,0.0,0.03
2023-12-09,HIGHAUS-23DEC09-B70.5,HIGHAUS-23DEC09,70-72F,70.0,70.0,72.0,between,between,0.03,0,77.0,no,0,1132,0.0,0.01
2023-12-09,HIGHAUS-23DEC09-T70,HIGHAUS-23DEC09,Below 70F,70.0,,70.0,below,less,0.0,0,77.0,no,0,0,0.0,0.01
2023-12-09,HIGHAUS-23DEC09-B72.5,HIGHAUS-23DEC09,72-74F,72.0,72.0,74.0,between,between,0.01,0,77.0,no,0,1662,0.0,0.01
2023-12-09,HIGHAUS-23DEC09-B74.5,HIGHAUS-23DEC09,74-76F,74.0,74.0,76.0,between,between,0.01,0,77.0,no,0,1883,0.0,0.01
2023-12-09,HIGHAUS-23DEC09-B76.5,HIGHAUS-23DEC09,76-78F,76.0,76.0,78.0,between,between,0.44,1,77.0,yes,100,2019,0.75,1.0
2023-12-09,HIGHAUS-23DEC09-T77,HIGHAUS-23DEC09,Above 77F,77.0,77.0,,above,greater,0.22,0,77.0,no,0,1505,0.0,0.25
2023-12-10,HIGHAUS-23DEC10-T55,HIGHAUS-23DEC10,Below 55F,55.0,,55.0,below,less,0.0,0,59.0,no,0,0,0.0,0.01
2023-12-10,HIGHAUS-23DEC10-B55.5,HIGHAUS-23DEC10,55-57F,55.0,55.0,57.0,between,between,0.01,0,59.0,no,0,28,0.0,0.01
2023-12-10,HIGHAUS-23DEC10-B57.5,HIGHAUS-23DEC10,57-59F,57.0,57.0,59.0,between,between,0.16,0,59.0,no,0,662,0.0,0.01
2023-12-10,HIGHAUS-23DEC10-B59.5,HIGHAUS-23DEC10,59-61F,59.0,59.0,61.0,between,between,0.97,1,59.0,yes,100,2430,0.97,1.0
2023-12-10,HIGHAUS-23DEC10-B61.5,HIGHAUS-23DEC10,61-63F,61.0,61.0,63.0,between,between,0.03,0,59.0,no,0,1610,0.0,0.03
2023-12-10,HIGHAUS-23DEC10-T62,HIGHAUS-23DEC10,Above 62F,62.0,62.0,,above,greater,0.03,0,59.0,no,0,1720,0.0,0.92
2023-12-11,HIGHAUS-23DEC11-B60.5,HIGHAUS-23DEC11,60-62F,60.0,60.0,62.0,between,between,0.01,0,64.94,no,0,4,0.0,0.01
2023-12-11,HIGHAUS-23DEC11-T60,HIGHAUS-23DEC11,Below 60F,60.0,,60.0,below,less,0.0,0,64.94,no,0,0,0.0,0.01
2023-12-11,HIGHAUS-23DEC11-B62.5,HIGHAUS-23DEC11,62-64F,62.0,62.0,64.0,between,between,0.01,0,64.94,no,0,1399,0.0,0.01
2023-12-11,HIGHAUS-23DEC11-B64.5,HIGHAUS-23DEC11,64-66F,64.0,64.0,66.0,between,between,0.41,1,64.94,yes,100,1284,0.97,1.0
2023-12-11,HIGHAUS-23DEC11-B66.5,HIGHAUS-23DEC11,66-68F,66.0,66.0,68.0,between,between,0.01,0,64.94,no,0,1133,0.0,0.03
2023-12-11,HIGHAUS-23DEC11-T67,HIGHAUS-23DEC11,Above 67F,67.0,67.0,,above,greater,0.16,0,64.94,no,0,614,0.0,0.03
2023-12-12,HIGHAUS-23DEC12-T64,HIGHAUS-23DEC12,Below 64F,64.0,,64.0,below,less,0.0,0,69.98,no,0,0,0.0,0.01
2023-12-12,HIGHAUS-23DEC12-B64.5,HIGHAUS-23DEC12,64-66F,64.0,64.0,66.0,between,between,0.01,0,69.98,no,0,306,0.0,0.01
2023-12-12,HIGHAUS-23DEC12-B66.5,HIGHAUS-23DEC12,66-68F,66.0,66.0,68.0,between,between,0.01,0,69.98,no,0,270,0.0,0.01
2023-12-12,HIGHAUS-23DEC12-B68.5,HIGHAUS-23DEC12,68-70F,68.0,68.0,70.0,between,between,0.01,0,69.98,no,0,326,0.0,0.01
2023-12-12,HIGHAUS-23DEC12-B70.5,HIGHAUS-23DEC12,70-72F,70.0,70.0,72.0,between,between,0.97,1,69.98,yes,100,596,0.97,1.0
2023-12-12,HIGHAUS-23DEC12-T71,HIGHAUS-23DEC12,Above 71F,71.0,71.0,,above,greater,0.02,0,69.98,no,0,58,0.0,0.02
2023-12-13,HIGHAUS-23DEC13-T57,HIGHAUS-23DEC13,Below 57F,57.0,,57.0,below,less,0.03,0,57.02,no,0,2427,0.0,0.03
2023-12-13,HIGHAUS-23DEC13-B57.5,HIGHAUS-23DEC13,57-59F,57.0,57.0,59.0,between,between,0.81,1,57.02,yes,100,981,0.9,1.0
2023-12-13,HIGHAUS-23DEC13-B59.5,HIGHAUS-23DEC13,59-61F,59.0,59.0,61.0,between,between,0.3,0,57.02,no,0,1150,0.0,0.1
2023-12-13,HIGHAUS-23DEC13-B61.5,HIGHAUS-23DEC13,61-63F,61.0,61.0,63.0,between,between,0.01,0,57.02,no,0,500,0.0,0.03
2023-12-13,HIGHAUS-23DEC13-B63.5,HIGHAUS-23DEC13,63-65F,63.0,63.0,65.0,between,between,0.0,0,57.02,no,0,0,0.0,0.26
2023-12-13,HIGHAUS-23DEC13-T64,HIGHAUS-23DEC13,Above 64F,64.0,64.0,,above,greater,0.0,0,57.02,no,0,0,0.0,0.23
2023-12-14,HIGHAUS-23DEC14-T60,HIGHAUS-23DEC14,Below 60F,60.0,,60.0,below,less,0.0,0,69.08,no,0,0,0.0,0.01
2023-12-14,HIGHAUS-23DEC14-B60.5,HIGHAUS-23DEC14,60-62F,60.0,60.0,62.0,between,between,0.01,0,69.08,no,0,200,0.0,0.01
2023-12-14,HIGHAUS-23DEC14-B62.5,HIGHAUS-23DEC14,62-64F,62.0,62.0,64.0,between,between,0.01,0,69.08,no,0,332,0.0,0.01
2023-12-14,HIGHAUS-23DEC14-B64.5,HIGHAUS-23DEC14,64-66F,64.0,64.0,66.0,between,between,0.01,0,69.08,no,0,702,0.0,0.01
2023-12-14,HIGHAUS-23DEC14-B66.5,HIGHAUS-23DEC14,66-68F,66.0,66.0,68.0,between,between,0.01,0,69.08,no,0,728,0.0,0.01
2023-12-14,HIGHAUS-23DEC14-T67,HIGHAUS-23DEC14,Above 67F,67.0,67.0,,above,greater,0.67,1,69.08,yes,100,1367,0.99,1.0
2023-12-15,HIGHAUS-23DEC15-B61.5,HIGHAUS-23DEC15,61-63F,61.0,61.0,63.0,between,between,0.01,0,64.94,no,0,825,0.0,0.01
2023-12-15,HIGHAUS-23DEC15-T61,HIGHAUS-23DEC15,Below 61F,61.0,,61.0,below,less,0.0,0,64.94,no,0,0,0.0,0.01
2023-12-15,HIGHAUS-23DEC15-B63.5,HIGHAUS-23DEC15,63-65F,63.0,63.0,65.0,between,between,0.01,0,64.94,no,0,1355,0.0,0.01
2023-12-15,HIGHAUS-23DEC15-B65.5,HIGHAUS-23DEC15,65-67F,65.0,65.0,67.0,between,between,0.99,1,64.94,yes,100,559,0.97,1.0
2023-12-15,HIGHAUS-23DEC15-B67.5,HIGHAUS-23DEC15,67-69F,67.0,67.0,69.0,between,between,0.01,0,64.94,no,0,1698,0.0,0.03
2023-12-15,HIGHAUS-23DEC15-T68,HIGHAUS-23DEC15,Above 68F,68.0,68.0,,above,greater,0.24,0,64.94,no,0,905,0.0,0.03
2023-12-16,HIGHAUS-23DEC16-B60.5,HIGHAUS-23DEC16,60-62F,60.0,60.0,62.0,between,between,0.0,0,64.94,no,0,0,0.0,0.01
2023-12-16,HIGHAUS-23DEC16-T60,HIGHAUS-23DEC16,Below 60F,60.0,,60.0,below,less,0.0,0,64.94,no,0,0,0.0,0.01
2023-12-16,HIGHAUS-23DEC16-B62.5,HIGHAUS-23DEC16,62-64F,62.0,62.0,64.0,between,between,0.01,0,64.94,no,0,47,0.0,0.01
2023-12-16,HIGHAUS-23DEC16-B64.5,HIGHAUS-23DEC16,64-66F,64.0,64.0,66.0,between,between,0.9,1,64.94,yes,100,994,0.65,1.0
2023-12-16,HIGHAUS-23DEC16-B66.5,HIGHAUS-23DEC16,66-68F,66.0,66.0,68.0,between,between,0.04,0,64.94,no,0,535,0.0,0.35
2023-12-16,HIGHAUS-23DEC16-T67,HIGHAUS-23DEC16,Above 67F,67.0,67.0,,above,greater,0.01,0,64.94,no,0,1018,0.0,0.08
2023-12-17,HIGHAUS-23DEC17-T66,HIGHAUS-23DEC17,Below 66F,66.0,,66.0,below,less,0.0,0,71.06,no,0,0,0.0,0.01
2023-12-17,HIGHAUS-23DEC17-B66.5,HIGHAUS-23DEC17,66-68F,66.0,66.0,68.0,between,between,0.03,0,71.06,no,0,155,0.0,0.01
2023-12-17,HIGHAUS-23DEC17-B68.5,HIGHAUS-23DEC17,68-70F,68.0,68.0,70.0,between,between,0.01,0,71.06,no,0,736,0.0,0.01
2023-12-17,HIGHAUS-23DEC17-B70.5,HIGHAUS-23DEC17,70-72F,70.0,70.0,72.0,between,between,0.99,1,71.06,yes,100,1059,0.1,1.0
2023-12-17,HIGHAUS-23DEC17-B72.5,HIGHAUS-23DEC17,72-74F,72.0,72.0,74.0,between,between,0.57,0,71.06,no,0,1172,0.0,0.9
2023-12-17,HIGHAUS-23DEC17-T73,HIGHAUS-23DEC17,Above 73F,73.0,73.0,,above,greater,0.04,0,71.06,no,0,338,0.0,0.99
2023-12-18,HIGHAUS-23DEC18-B62.5,HIGHAUS-23DEC18,62-64F,62.0,62.0,64.0,between,between,0.15,0,69.08,no,0,6,0.0,0.01
2023-12-18,HIGHAUS-23DEC18-T62,HIGHAUS-23DEC18,Below 62F,62.0,,62.0,below,less,0.0,0,69.08,no,0,0,0.0,0.01
2023-12-18,HIGHAUS-23DEC18-B64.5,HIGHAUS-23DEC18,64-66F,64.0,64.0,66.0,between,between,0.01,0,69.08,no,0,1891,0.0,0.01
2023-12-18,HIGHAUS-23DEC18-B66.5,HIGHAUS-23DEC18,66-68F,66.0,66.0,68.0,between,between,0.01,0,69.08,no,0,590,0.0,0.01
2023-12-18,HIGHAUS-23DEC18-B68.5,HIGHAUS-23DEC18,68-70F,68.0,68.0,70.0,between,between,0.37,1,69.08,yes,100,1736,0.1,0.99
2023-12-18,HIGHAUS-23DEC18-T69,HIGHAUS-23DEC18,Above 69F,69.0,69.0,,above,greater,0.03,0,69.08,no,0,1566,0.0,0.03
2023-12-19,HIGHAUS-23DEC19-T62,HIGHAUS-23DEC19,Below 62F,62.0,,62.0,below,less,0.03,0,69.08,no,0,139,0.0,0.01
2023-12-19,HIGHAUS-23DEC19-B62.5,HIGHAUS-23DEC19,62-64F,62.0,62.0,64.0,between,between,0.1,0,69.08,no,0,70,0.0,0.01
2023-12-19,HIGHAUS-23DEC19-B64.5,HIGHAUS-23DEC19,64-66F,64.0,64.0,66.0,between,between,0.16,0,69.08,no,0,455,0.0,0.01
2023-12-19,HIGHAUS-23DEC19-B66.5,HIGHAUS-23DEC19,66-68F,66.0,66.0,68.0,between,between,0.28,0,69.08,no,0,1186,0.0,0.01
2023-12-19,HIGHAUS-23DEC19-B68.5,HIGHAUS-23DEC19,68-70F,68.0,68.0,70.0,between,between,0.33,1,69.08,yes,100,1532,0.0,1.0
2023-12-19,HIGHAUS-23DEC19-T69,HIGHAUS-23DEC19,Above 69F,69.0,69.0,,above,greater,0.17,0,69.08,no,0,836,0.0,1.0
2023-12-20,HIGHAUS-23DEC20-B67.5,HIGHAUS-23DEC20,67-69F,67.0,67.0,69.0,between,between,0.15,0,73.04,no,0,5,0.0,0.01
2023-12-20,HIGHAUS-23DEC20-T67,HIGHAUS-23DEC20,Below 67F,67.0,,67.0,below,less,0.0,0,73.04,no,0,0,0.0,0.01
2023-12-20,HIGHAUS-23DEC20-B69.5,HIGHAUS-23DEC20,69-71F,69.0,69.0,71.0,between,between,0.15,0,73.04,no,0,455,0.0,0.01
2023-12-20,HIGHAUS-23DEC20-B71.5,HIGHAUS-23DEC20,71-73F,71.0,71.0,73.0,between,between,0.03,0,73.04,no,0,5349,0.0,0.01
2023-12-20,HIGHAUS-23DEC20-B73.5,HIGHAUS-23DEC20,73-75F,73.0,73.0,75.0,between,between,0.47,1,73.04,yes,100,1786,0.97,1.0
2023-12-20,HIGHAUS-23DEC20-T74,HIGHAUS-23DEC20,Above 74F,74.0,74.0,,above,greater,0.0,0,73.04,no,0,0,0.0,0.03
2023-12-21,HIGHAUS-23DEC21-B64.5,HIGHAUS-23DEC21,64-66F,64.0,64.0,66.0,between,between,0.03,1,64.0,yes,100,834,0.03,1.0
2023-12-21,HIGHAUS-23DEC21-T64,HIGHAUS-23DEC21,Below 64F,64.0,,64.0,below,less,0.01,0,64.0,no,0,101,0.0,0.01
2023-12-21,HIGHAUS-23DEC21-B66.5,HIGHAUS-23DEC21,66-68F,66.0,66.0,68.0,between,between,0.96,0,64.0,no,0,1338,0.0,0.97
2023-12-21,HIGHAUS-23DEC21-B68.5,HIGHAUS-23DEC21,68-70F,68.0,68.0,70.0,between,between,0.01,0,64.0,no,0,1185,0.0,0.1
2023-12-21,HIGHAUS-23DEC21-B70.5,HIGHAUS-23DEC21,70-72F,70.0,70.0,72.0,between,between,0.01,0,64.0,no,0,1690,0.0,0.09
2023-12-21,HIGHAUS-23DEC21-T71,HIGHAUS-23DEC21,Above 71F,71.0,71.0,,above,greater,0.17,0,64.0,no,0,6,0.0,0.03
2023-12-22,HIGHAUS-23DEC22-T64,HIGHAUS-23DEC22,Below 64F,64.0,,64.0,below,less,0.0,0,71.96,no,0,0,0.0,0.01
2023-12-22,HIGHAUS-23DEC22-B64.5,HIGHAUS-23DEC22,64-66F,64.0,64.0,66.0,between,between,0.03,0,71.96,no,0,870,0.0,0.01
2023-12-22,HIGHAUS-23DEC22-B66.5,HIGHAUS-23DEC22,66-68F,66.0,66.0,68.0,between,between,0.05,0,71.96,no,0,1213,0.0,0.01
2023-12-22,HIGHAUS-23DEC22-B68.5,HIGHAUS-23DEC22,68-70F,68.0,68.0,70.0,between,between,0.28,0,71.96,no,0,494,0.0,0.01
2023-12-22,HIGHAUS-23DEC22-B70.5,HIGHAUS-23DEC22,70-72F,70.0,70.0,72.0,between,between,0.44,0,71.96,no,0,1682,0.0,0.01
2023-12-22,HIGHAUS-23DEC22-T71,HIGHAUS-23DEC22,Above 71F,71.0,71.0,,above,greater,0.99,1,71.96,yes,100,1146,0.99,1.0
2023-12-23,HIGHAUS-23DEC23-T63,HIGHAUS-23DEC23,Below 63F,63.0,,63.0,below,less,0.0,0,71.96,no,0,0,0.0,0.01
2023-12-23,HIGHAUS-23DEC23-B63.5,HIGHAUS-23DEC23,63-65F,63.0,63.0,65.0,between,between,0.0,0,71.96,no,0,0,0.0,0.01
2023-12-23,HIGHAUS-23DEC23-B65.5,HIGHAUS-23DEC23,65-67F,65.0,65.0,67.0,between,between,0.01,0,71.96,no,0,156,0.0,0.01
2023-12-23,HIGHAUS-23DEC23-B67.5,HIGHAUS-23DEC23,67-69F,67.0,67.0,69.0,between,between,0.01,0,71.96,no,0,696,0.0,0.01
2023-12-23,HIGHAUS-23DEC23-B69.5,HIGHAUS-23DEC23,69-71F,69.0,69.0,71.0,between,between,0.01,0,71.96,no,0,826,0.0,0.01
2023-12-23,HIGHAUS-23DEC23-T70,HIGHAUS-23DEC23,Above 70F,70.0,70.0,,above,greater,0.99,1,71.96,yes,100,1849,0.99,1.0
2023-12-25,HIGHAUS-23DEC25-B65.5,HIGHAUS-23DEC25,65-67F,65.0,65.0,67.0,between,between,0.01,0,57.92,no,0,2,0.0,0.03
2023-12-25,HIGHAUS-23DEC25-T65,HIGHAUS-23DEC25,Below 65F,65.0,,65.0,below,less,0.99,1,57.92,yes,100,7,0.97,1.0
2023-12-25,HIGHAUS-23DEC25-B67.5,HIGHAUS-23DEC25,67-69F,67.0,67.0,69.0,between,between,0.01,0,57.92,no,0,12,0.0,0.39
2023-12-25,HIGHAUS-23DEC25-B69.5,HIGHAUS-23DEC25,69-71F,69.0,69.0,71.0,between,between,0.0,0,57.92,no,0,0,0.0,0.72
2023-12-25,HIGHAUS-23DEC25-B71.5,HIGHAUS-23DEC25,71-73F,71.0,71.0,73.0,between,between,0.19,0,57.92,no,0,1,0.0,0.84
2023-12-25,HIGHAUS-23DEC25-T72,HIGHAUS-23DEC25,Above 72F,72.0,72.0,,above,greater,0.14,0,57.92,no,0,1,0.0,0.84
2023-12-26,HIGHAUS-23DEC26-B56.5,HIGHAUS-23DEC26,56-58F,56.0,56.0,58.0,between,between,0.01,0,60.08,no,0,738,0.0,0.01
2023-12-26,HIGHAUS-23DEC26-T56,HIGHAUS-23DEC26,Below 56F,56.0,,56.0,below,less,0.01,0,60.08,no,0,100,0.0,0.01
2023-12-26,HIGHAUS-23DEC26-B58.5,HIGHAUS-23DEC26,58-60F,58.0,58.0,60.0,between,between,0.01,0,60.08,no,0,1353,0.0,0.01
2023-12-26,HIGHAUS-23DEC26-B60.5,HIGHAUS-23DEC26,60-62F,60.0,60.0,62.0,between,between,0.61,1,60.08,yes,100,1170,0.25,0.99
2023-12-26,HIGHAUS-23DEC26-T61,HIGHAUS-23DEC26,Above 61F,61.0,61.0,,above,greater,0.15,0,60.08,no,0,665,0.0,0.91
2023-12-27,HIGHAUS-23DEC27-T57,HIGHAUS-23DEC27,Below 57F,57.0,,57.0,below,less,0.01,0,64.94,no,0,100,0.0,0.01
2023-12-27,HIGHAUS-23DEC27-B57.5,HIGHAUS-23DEC27,57-59F,57.0,57.0,59.0,between,between,0.01,0,64.94,no,0,42,0.0,0.01
2023-12-27,HIGHAUS-23DEC27-B59.5,HIGHAUS-23DEC27,59-61F,59.0,59.0,61.0,between,between,0.02,0,64.94,no,0,349,0.0,0.01
2023-12-27,HIGHAUS-23DEC27-B61.5,HIGHAUS-23DEC27,61-63F,61.0,61.0,63.0,between,between,0.19,0,64.94,no,0,559,0.0,0.01
2023-12-27,HIGHAUS-23DEC27-T62,HIGHAUS-23DEC27,Above 62F,62.0,62.0,,above,greater,0.99,1,64.94,yes,100,636,0.99,1.0
2023-12-28,HIGHAUS-23DEC28-B55.5,HIGHAUS-23DEC28,55-57F,55.0,55.0,57.0,between,between,0.47,0,60.98,no,0,2,0.0,0.04
2023-12-28,HIGHAUS-23DEC28-T55,HIGHAUS-23DEC28,Below 55F,55.0,,55.0,below,less,0.5,0,60.98,no,0,1,0.0,0.03
2023-12-28,HIGHAUS-23DEC28-B57.5,HIGHAUS-23DEC28,57-59F,57.0,57.0,59.0,between,between,0.01,0,60.98,no,0,552,0.0,0.08
2023-12-28,HIGHAUS-23DEC28-B59.5,HIGHAUS-23DEC28,59-61F,59.0,59.0,61.0,between,between,0.38,0,60.98,no,0,947,0.01,0.04
2023-12-28,HIGHAUS-23DEC28-T60,HIGHAUS-23DEC28,Above 60F,60.0,60.0,,above,greater,0.54,1,60.98,yes,100,1118,0.85,1.0
2023-12-29,HIGHAUS-23DEC29-B55.5,HIGHAUS-23DEC29,55-57F,55.0,55.0,57.0,between,between,0.0,0,60.98,no,0,0,0.0,0.01
2023-12-29,HIGHAUS-23DEC29-T55,HIGHAUS-23DEC29,Below 55F,55.0,,55.0,below,less,0.0,0,60.98,no,0,0,0.0,0.01
2023-12-29,HIGHAUS-23DEC29-B57.5,HIGHAUS-23DEC29,57-59F,57.0,57.0,59.0,between,between,0.15,0,60.98,no,0,6,0.0,0.01
2023-12-29,HIGHAUS-23DEC29-B59.5,HIGHAUS-23DEC29,59-61F,59.0,59.0,61.0,between,between,0.01,0,60.98,no,0,1299,0.0,0.01
2023-12-29,HIGHAUS-23DEC29-B61.5,HIGHAUS-23DEC29,61-63F,61.0,61.0,63.0,between,between,0.99,1,60.98,yes,100,1579,0.01,0.99
2023-12-29,HIGHAUS-23DEC29-T62,HIGHAUS-23DEC29,Above 62F,62.0,62.0,,above,greater,0.13,0,60.98,no,0,1142,0.0,0.01
2023-12-30,HIGHAUS-23DEC30-B63.5,HIGHAUS-23DEC30,63-65F,63.0,63.0,65.0,between,between,0.01,0,69.08,no,0,906,0.0,0.01
2023-12-30,HIGHAUS-23DEC30-T63,HIGHAUS-23DEC30,Below 63F,63.0,,63.0,below,less,0.0,0,69.08,no,0,0,0.0,0.01
2023-12-30,HIGHAUS-23DEC30-B65.5,HIGHAUS-23DEC30,65-67F,65.0,65.0,67.0,between,between,0.07,0,69.08,no,0,302,0.0,0.01
2023-12-30,HIGHAUS-23DEC30-B67.5,HIGHAUS-23DEC30,67-69F,67.0,67.0,69.0,between,between,0.01,0,69.08,no,0,1134,0.0,0.01
2023-12-30,HIGHAUS-23DEC30-B69.5,HIGHAUS-23DEC30,69-71F,69.0,69.0,71.0,between,between,0.98,1,69.08,yes,100,992,0.97,1.0
2023-12-30,HIGHAUS-23DEC30-T70,HIGHAUS-23DEC30,Above 70F,70.0,70.0,,above,greater,0.02,0,69.08,no,0,776,0.0,0.02
2023-12-31,HIGHAUS-23DEC31-T68,HIGHAUS-23DEC31,Below 68F,68.0,,68.0,below,less,0.39,0,73.04,no,0,3,0.0,0.01
2023-12-31,HIGHAUS-23DEC31-B68.5,HIGHAUS-23DEC31,68-70F,68.0,68.0,70.0,between,between,0.01,0,73.04,no,0,67,0.0,0.01
2023-12-31,HIGHAUS-23DEC31-B70.5,HIGHAUS-23DEC31,70-72F,70.0,70.0,72.0,between,between,0.31,0,73.04,no,0,1093,0.0,0.01
2023-12-31,HIGHAUS-23DEC31-B72.5,HIGHAUS-23DEC31,72-74F,72.0,72.0,74.0,between,between,0.5,1,73.04,yes,100,1270,0.01,0.99
2023-12-31,HIGHAUS-23DEC31-B74.5,HIGHAUS-23DEC31,74-76F,74.0,74.0,76.0,between,between,0.11,0,73.04,no,0,1916,0.01,0.99
2023-12-31,HIGHAUS-23DEC31-T75,HIGHAUS-23DEC31,Above 75F,75.0,75.0,,above,greater,0.01,0,73.04,no,0,1353,0.0,0.03
2024-01-01,HIGHAUS-24JAN01-B54.5,HIGHAUS-24JAN01,54-56F,54.0,54.0,56.0,between,between,0.01,0,57.92,no,0,16,0.0,0.01
2024-01-01,HIGHAUS-24JAN01-T54,HIGHAUS-24JAN01,Below 54F,54.0,,54.0,below,less,0.0,0,57.92,no,0,0,0.0,0.01
2024-01-01,HIGHAUS-24JAN01-B56.5,HIGHAUS-24JAN01,56-58F,56.0,56.0,58.0,between,between,0.01,0,57.92,no,0,73,0.0,0.01
2024-01-01,HIGHAUS-24JAN01-B58.5,HIGHAUS-24JAN01,58-60F,58.0,58.0,60.0,between,between,0.0,1,57.92,yes,100,0,0.65,0.99
2024-01-01,HIGHAUS-24JAN01-B60.5,HIGHAUS-24JAN01,60-62F,60.0,60.0,62.0,between,between,0.0,0,57.92,no,0,0,0.0,1.0
2024-01-01,HIGHAUS-24JAN01-T61,HIGHAUS-24JAN01,Above 61F,61.0,61.0,,above,greater,0.02,0,57.92,no,0,1,0.01,0.15
2024-01-02,HIGHAUS-24JAN02-T50,HIGHAUS-24JAN02,Below 50F,50.0,,50.0,below,less,0.01,0,53.06,no,0,1570,0.0,0.01
2024-01-02,HIGHAUS-24JAN02-B50.5,HIGHAUS-24JAN02,50-52F,50.0,50.0,52.0,between,between,0.22,0,53.06,no,0,327,0.0,0.01
2024-01-02,HIGHAUS-24JAN02-B52.5,HIGHAUS-24JAN02,52-54F,52.0,52.0,54.0,between,between,0.83,1,53.06,yes,100,349,0.83,1.0
2024-01-02,HIGHAUS-24JAN02-B54.5,HIGHAUS-24JAN02,54-56F,54.0,54.0,56.0,between,between,0.16,0,53.06,no,0,122,0.01,0.73
2024-01-02,HIGHAUS-24JAN02-B56.5,HIGHAUS-24JAN02,56-58F,56.0,56.0,58.0,between,between,0.01,0,53.06,no,0,60,0.01,0.64
2024-01-02,HIGHAUS-24JAN02-T57,HIGHAUS-24JAN02,Above 57F,57.0,57.0,,above,greater,0.0,0,53.06,no,0,0,0.0,0.64
2024-01-03,HIGHAUS-24JAN03-T52,HIGHAUS-24JAN03,Below 52F,52.0,,52.0,below,less,0.99,1,51.0,yes,100,194,0.76,0.99
2024-01-03,HIGHAUS-24JAN03-B52.5,HIGHAUS-24JAN03,52-54F,52.0,52.0,54.0,between,between,0.01,0,51.0,no,0,1058,0.0,0.24
2024-01-03,HIGHAUS-24JAN03-B54.5,HIGHAUS-24JAN03,54-56F,54.0,54.0,56.0,between,between,0.01,0,51.0,no,0,1906,0.0,0.01
2024-01-03,HIGHAUS-24JAN03-B56.5,HIGHAUS-24JAN03,56-58F,56.0,56.0,58.0,between,between,0.01,0,51.0,no,0,1229,0.0,0.89
2024-01-03,HIGHAUS-24JAN03-B58.5,HIGHAUS-24JAN03,58-60F,58.0,58.0,60.0,between,between,0.84,0,51.0,no,0,188,0.0,0.29
2024-01-03,HIGHAUS-24JAN03-T59,HIGHAUS-24JAN03,Above 59F,59.0,59.0,,above,greater,0.0,0,51.0,no,0,0,0.0,0.89
2024-01-04,HIGHAUS-24JAN04-T53,HIGHAUS-24JAN04,Below 53F,53.0,,53.0,below,less,0.08,0,57.92,no,0,674,0.0,0.01
2024-01-04,HIGHAUS-24JAN04-B53.5,HIGHAUS-24JAN04,53-55F,53.0,53.0,55.0,between,between,0.01,0,57.92,no,0,1694,0.0,0.01
2024-01-04,HIGHAUS-24JAN04-B55.5,HIGHAUS-24JAN04,55-57F,55.0,55.0,57.0,between,between,0.01,0,57.92,no,0,2640,0.0,0.01
2024-01-04,HIGHAUS-24JAN04-B57.5,HIGHAUS-24JAN04,57-59F,57.0,57.0,59.0,between,between,0.63,1,57.92,yes,100,1505,0.8,1.0
2024-01-04,HIGHAUS-24JAN04-B59.5,HIGHAUS-24JAN04,59-61F,59.0,59.0,61.0,between,between,0.03,0,57.92,no,0,3296,0.0,0.99
2024-01-04,HIGHAUS-24JAN04-T60,HIGHAUS-24JAN04,Above 60F,60.0,60.0,,above,greater,0.03,0,57.92,no,0,1845,0.0,0.03
2024-01-05,HIGHAUS-24JAN05-T60,HIGHAUS-24JAN05,Below 60F,60.0,,60.0,below,less,0.01,0,66.92,no,0,31,0.0,0.01
2024-01-05,HIGHAUS-24JAN05-B60.5,HIGHAUS-24JAN05,60-62F,60.0,60.0,62.0,between,between,0.01,0,66.92,no,0,31,0.0,0.01
2024-01-05,HIGHAUS-24JAN05-B62.5,HIGHAUS-24JAN05,62-64F,62.0,62.0,64.0,between,between,0.01,0,66.92,no,0,824,0.0,0.01
2024-01-05,HIGHAUS-24JAN05-B64.5,HIGHAUS-24JAN05,64-66F,64.0,64.0,66.0,between,between,0.01,0,66.92,no,0,2559,0.0,0.01
2024-01-05,HIGHAUS-24JAN05-B66.5,HIGHAUS-24JAN05,66-68F,66.0,66.0,68.0,between,between,0.99,1,66.92,yes,100,1153,0.97,1.0
2024-01-05,HIGHAUS-24JAN05-T67,HIGHAUS-24JAN05,Above 67F,67.0,67.0,,above,greater,0.01,0,66.92,no,0,1462,0.0,0.03
2024-01-06,HIGHAUS-24JAN06-T59,HIGHAUS-24JAN06,Below 59F,59.0,,59.0,below,less,0.01,0,64.04,no,0,1,0.0,0.01
2024-01-06,HIGHAUS-24JAN06-B59.5,HIGHAUS-24JAN06,59-61F,59.0,59.0,61.0,between,between,0.01,0,64.04,no,0,122,0.0,0.01
2024-01-06,HIGHAUS-24JAN06-B61.5,HIGHAUS-24JAN06,61-63F,61.0,61.0,63.0,between,between,0.01,0,64.04,no,0,21001,0.0,0.01
2024-01-06,HIGHAUS-24JAN06-B63.5,HIGHAUS-24JAN06,63-65F,63.0,63.0,65.0,between,between,0.99,1,64.04,yes,100,3936,0.97,1.0
2024-01-06,HIGHAUS-24JAN06-B65.5,HIGHAUS-24JAN06,65-67F,65.0,65.0,67.0,between,between,0.01,0,64.04,no,0,4183,0.0,0.01
2024-01-06,HIGHAUS-24JAN06-T66,HIGHAUS-24JAN06,Above 66F,66.0,66.0,,above,greater,0.01,0,64.04,no,0,501,0.0,0.02
2024-01-08,HIGHAUS-24JAN08-T67,HIGHAUS-24JAN08,Below 67F,67.0,,67.0,below,less,0.01,0,75.02,no,0,245,0.0,0.01
2024-01-08,HIGHAUS-24JAN08-B67.5,HIGHAUS-24JAN08,67-69F,67.0,67.0,69.0,between,between,0.01,0,75.02,no,0,393,0.0,0.01
2024-01-08,HIGHAUS-24JAN08-B69.5,HIGHAUS-24JAN08,69-71F,69.0,69.0,71.0,between,between,0.01,0,75.02,no,0,174,0.0,0.01
2024-01-08,HIGHAUS-24JAN08-B71.5,HIGHAUS-24JAN08,71-73F,71.0,71.0,73.0,between,between,0.01,0,75.02,no,0,962,0.0,0.01
2024-01-08,HIGHAUS-24JAN08-B73.5,HIGHAUS-24JAN08,73-75F,73.0,73.0,75.0,between,between,0.01,0,75.02,no,0,295,0.0,0.01
2024-01-08,HIGHAUS-24JAN08-T74,HIGHAUS-24JAN08,Above 74F,74.0,74.0,,above,greater,0.98,1,75.02,yes,100,13,0.99,1.0
2024-01-09,HIGHAUS-24JAN09-B52.5,HIGHAUS-24JAN09,52-54F,52.0,52.0,54.0,between,between,0.0,0,57.02,no,0,0,0.0,0.01
2024-01-09,HIGHAUS-24JAN09-T52,HIGHAUS-24JAN09,Below 52F,52.0,,52.0,below,less,0.0,0,57.02,no,0,0,0.0,0.01
2024-01-09,HIGHAUS-24JAN09-B54.5,HIGHAUS-24JAN09,54-56F,54.0,54.0,56.0,between,between,0.01,0,57.02,no,0,1831,0.0,0.01
2024-01-09,HIGHAUS-24JAN09-B56.5,HIGHAUS-24JAN09,56-58F,56.0,56.0,58.0,between,between,0.36,1,57.02,yes,100,1762,0.55,1.0
2024-01-09,HIGHAUS-24JAN09-B58.5,HIGHAUS-24JAN09,58-60F,58.0,58.0,60.0,between,between,0.54,0,57.02,no,0,1039,0.0,0.77
2024-01-09,HIGHAUS-24JAN09-T59,HIGHAUS-24JAN09,Above 59F,59.0,59.0,,above,greater,0.19,0,57.02,no,0,740,0.0,1.0
2024-01-10,HIGHAUS-24JAN10-T64,HIGHAUS-24JAN10,Below 64F,64.0,,64.0,below,less,0.1,0,66.92,no,0,1,0.0,0.01
2024-01-10,HIGHAUS-24JAN10-B64.5,HIGHAUS-24JAN10,64-66F,64.0,64.0,66.0,between,between,0.09,0,66.92,no,0,159,0.0,0.01
2024-01-10,HIGHAUS-24JAN10-B66.5,HIGHAUS-24JAN10,66-68F,66.0,66.0,68.0,between,between,0.99,1,66.92,yes,100,2035,0.97,1.0
2024-01-10,HIGHAUS-24JAN10-B68.5,HIGHAUS-24JAN10,68-70F,68.0,68.0,70.0,between,between,0.05,0,66.92,no,0,1341,0.0,0.03
2024-01-10,HIGHAUS-24JAN10-B70.5,HIGHAUS-24JAN10,70-72F,70.0,70.0,72.0,between,between,0.08,0,66.92,no,0,101,0.0,0.03
2024-01-10,HIGHAUS-24JAN10-T71,HIGHAUS-24JAN10,Above 71F,71.0,71.0,,above,greater,0.1,0,66.92,no,0,50,0.0,0.03
2024-01-11,HIGHAUS-24JAN11-B69.5,HIGHAUS-24JAN11,69-71F,69.0,69.0,71.0,between,between,0.01,0,73.94,no,0,1176,0.0,0.01
2024-01-11,HIGHAUS-24JAN11-T69,HIGHAUS-24JAN11,Below 69F,69.0,,69.0,below,less,0.01,0,73.94,no,0,27,0.0,0.01
2024-01-11,HIGHAUS-24JAN11-B71.5,HIGHAUS-24JAN11,71-73F,71.0,71.0,73.0,between,between,0.24,0,73.94,no,0,1460,0.0,0.01
2024-01-11,HIGHAUS-24JAN11-B73.5,HIGHAUS-24JAN11,73-75F,73.0,73.0,75.0,between,between,0.99,1,73.94,yes,100,1246,0.85,1.0
2024-01-11,HIGHAUS-24JAN11-B75.5,HIGHAUS-24JAN11,75-77F,75.0,75.0,77.0,between,between,0.03,0,73.94,no,0,4819,0.0,0.19
2024-01-11,HIGHAUS-24JAN11-T76,HIGHAUS-24JAN11,Above 76F,76.0,76.0,,above,greater,0.03,0,73.94,no,0,500,0.0,0.03
2024-01-12,HIGHAUS-24JAN12-B51.5,HIGHAUS-24JAN12,51-53F,51.0,51.0,53.0,between,between,0.0,0,68.0,no,0,0,0.0,0.01
2024-01-12,HIGHAUS-24JAN12-T51,HIGHAUS-24JAN12,Below 51F,51.0,,51.0,below,less,0.0,0,68.0,no,0,0,0.0,0.01
2024-01-12,HIGHAUS-24JAN12-B53.5,HIGHAUS-24JAN12,53-55F,53.0,53.0,55.0,between,between,0.3,0,68.0,no,0,50,0.0,0.01
2024-01-12,HIGHAUS-24JAN12-B55.5,HIGHAUS-24JAN12,55-57F,55.0,55.0,57.0,between,between,0.0,0,68.0,no,0,0,0.0,0.01
2024-01-12,HIGHAUS-24JAN12-B57.5,HIGHAUS-24JAN12,57-59F,57.0,57.0,59.0,between,between,0.0,0,68.0,no,0,0,0.0,0.01
2024-01-12,HIGHAUS-24JAN12-T58,HIGHAUS-24JAN12,Above 58F,58.0,58.0,,above,greater,0.0,1,68.0,yes,100,0,0.99,1.0
2024-01-13,HIGHAUS-24JAN13-T61,HIGHAUS-24JAN13,Below 61F,61.0,,61.0,below,less,0.01,0,62.96,no,0,11,0.0,0.01
2024-01-13,HIGHAUS-24JAN13-B61.5,HIGHAUS-24JAN13,61-63F,61.0,61.0,63.0,between,between,0.04,0,62.96,no,0,1760,0.0,0.01
2024-01-13,HIGHAUS-24JAN13-B63.5,HIGHAUS-24JAN13,63-65F,63.0,63.0,65.0,between,between,0.97,1,62.96,yes,100,1209,0.97,1.0
2024-01-13,HIGHAUS-24JAN13-B65.5,HIGHAUS-24JAN13,65-67F,65.0,65.0,67.0,between,between,0.01,0,62.96,no,0,1440,0.0,0.03
2024-01-13,HIGHAUS-24JAN13-B67.5,HIGHAUS-24JAN13,67-69F,67.0,67.0,69.0,between,between,0.07,0,62.96,no,0,1235,0.0,0.03
2024-01-13,HIGHAUS-24JAN13-T68,HIGHAUS-24JAN13,Above 68F,68.0,68.0,,above,greater,0.0,0,62.96,no,0,0,0.0,0.03
2024-01-14,HIGHAUS-24JAN14-B30.5,HIGHAUS-24JAN14,30-32F,30.0,30.0,32.0,between,between,0.0,0,35.96,no,0,0,0.0,0.01
2024-01-14,HIGHAUS-24JAN14-T30,HIGHAUS-24JAN14,Below 30F,30.0,,30.0,below,less,0.0,0,35.96,no,0,0,0.0,0.01
2024-01-14,HIGHAUS-24JAN14-B32.5,HIGHAUS-24JAN14,32-34F,32.0,32.0,34.0,between,between,0.0,0,35.96,no,0,0,0.0,0.01
2024-01-14,HIGHAUS-24JAN14-B34.5,HIGHAUS-24JAN14,34-36F,34.0,34.0,36.0,between,between,0.04,0,35.96,no,0,516,0.0,0.01
2024-01-14,HIGHAUS-24JAN14-B36.5,HIGHAUS-24JAN14,36-38F,36.0,36.0,38.0,between,between,0.97,1,35.96,yes,100,803,0.97,1.0
2024-01-14,HIGHAUS-24JAN14-T37,HIGHAUS-24JAN14,Above 37F,37.0,37.0,,above,greater,0.03,0,35.96,no,0,147,0.0,0.03
2024-01-15,HIGHAUS-24JAN15-B26.5,HIGHAUS-24JAN15,26-28F,26.0,26.0,28.0,between,between,0.05,0,25.16,no,0,2818,0.01,0.15
2024-01-15,HIGHAUS-24JAN15-T26,HIGHAUS-24JAN15,Below 26F,26.0,,26.0,below,less,0.95,1,25.16,yes,100,972,0.85,1.0
2024-01-15,HIGHAUS-24JAN15-B28.5,HIGHAUS-24JAN15,28-30F,28.0,28.0,30.0,between,between,0.03,0,25.16,no,0,4443,0.0,0.03
2024-01-15,HIGHAUS-24JAN15-B30.5,HIGHAUS-24JAN15,30-32F,30.0,30.0,32.0,between,between,0.03,0,25.16,no,0,5891,0.0,0.03
2024-01-15,HIGHAUS-24JAN15-B32.5,HIGHAUS-24JAN15,32-34F,32.0,32.0,34.0,between,between,0.03,0,25.16,no,0,3086,0.0,0.03
2024-01-15,HIGHAUS-24JAN15-T33,HIGHAUS-24JAN15,Above 33F,33.0,33.0,,above,greater,0.03,0,25.16,no,0,716,0.0,0.03
2024-01-16,HIGHAUS-24JAN16-B29.5,HIGHAUS-24JAN16,29-31F,29.0,29.0,31.0,between,between,0.0,0,33.98,no,0,0,0.0,0.01
2024-01-16,HIGHAUS-24JAN16-T29,HIGHAUS-24JAN16,Below 29F,29.0,,29.0,below,less,0.0,0,33.98,no,0,0,0.0,0.01
2024-01-16,HIGHAUS-24JAN16-B31.5,HIGHAUS-24JAN16,31-33F,31.0,31.0,33.0,between,between,0.03,0,33.98,no,0,1539,0.0,0.01
2024-01-16,HIGHAUS-24JAN16-B33.5,HIGHAUS-24JAN16,33-35F,33.0,33.0,35.0,between,between,0.99,1,33.98,yes,100,753,0.97,1.0
2024-01-16,HIGHAUS-24JAN16-B35.5,HIGHAUS-24JAN16,35-37F,35.0,35.0,37.0,between,between,0.5,0,33.98,no,0,1438,0.0,0.03
2024-01-16,HIGHAUS-24JAN16-T36,HIGHAUS-24JAN16,Above 36F,36.0,36.0,,above,greater,0.06,0,33.98,no,0,1383,0.0,0.03
2024-01-17,HIGHAUS-24JAN17-B42.5,HIGHAUS-24JAN17,42-44F,42.0,42.0,44.0,between,between,0.0,0,46.04,no,0,0,0.0,0.01
2024-01-17,HIGHAUS-24JAN17-T42,HIGHAUS-24JAN17,Below 42F,42.0,,42.0,below,less,0.16,0,46.04,no,0,1,0.0,0.01
2024-01-17,HIGHAUS-24JAN17-B44.5,HIGHAUS-24JAN17,44-46F,44.0,44.0,46.0,between,between,0.01,0,46.04,no,0,2868,0.0,0.01
2024-01-17,HIGHAUS-24JAN17-B46.5,HIGHAUS-24JAN17,46-48F,46.0,46.0,48.0,between,between,0.45,1,46.04,yes,100,993,0.6,1.0
2024-01-17,HIGHAUS-24JAN17-B48.5,HIGHAUS-24JAN17,48-50F,48.0,48.0,50.0,between,between,0.03,0,46.04,no,0,2087,0.0,0.47
2024-01-17,HIGHAUS-24JAN17-T49,HIGHAUS-24JAN17,Above 49F,49.0,49.0,,above,greater,0.08,0,46.04,no,0,692,0.0,0.1
2024-01-18,HIGHAUS-24JAN18-T65,HIGHAUS-24JAN18,Below 65F,65.0,,65.0,below,less,0.0,0,78.08,no,0,0,0.0,0.01
2024-01-18,HIGHAUS-24JAN18-B65.5,HIGHAUS-24JAN18,65-67F,65.0,65.0,67.0,between,between,0.07,0,78.08,no,0,125,0.0,0.01
2024-01-18,HIGHAUS-24JAN18-B67.5,HIGHAUS-24JAN18,67-69F,67.0,67.0,69.0,between,between,0.18,0,78.08,no,0,5,0.0,0.01
2024-01-18,HIGHAUS-24JAN18-B69.5,HIGHAUS-24JAN18,69-71F,69.0,69.0,71.0,between,between,0.0,0,78.08,no,0,0,0.0,0.01
2024-01-18,HIGHAUS-24JAN18-B71.5,HIGHAUS-24JAN18,71-73F,71.0,71.0,73.0,between,between,0.01,0,78.08,no,0,2392,0.0,0.01
2024-01-18,HIGHAUS-24JAN18-T72,HIGHAUS-24JAN18,Above 72F,72.0,72.0,,above,greater,0.99,1,78.08,yes,100,2631,0.99,1.0
2024-01-19,HIGHAUS-24JAN19-T41,HIGHAUS-24JAN19,Below 41F,41.0,,41.0,below,less,0.01,0,48.92,no,0,507,0.0,0.01
2024-01-19,HIGHAUS-24JAN19-B41.5,HIGHAUS-24JAN19,41-43F,41.0,41.0,43.0,between,between,0.07,0,48.92,no,0,84,0.0,0.01
2024-01-19,HIGHAUS-24JAN19-B43.5,HIGHAUS-24JAN19,43-45F,43.0,43.0,45.0,between,between,0.01,0,48.92,no,0,385,0.0,0.01
2024-01-19,HIGHAUS-24JAN19-B45.5,HIGHAUS-24JAN19,45-47F,45.0,45.0,47.0,between,between,0.25,0,48.92,no,0,287,0.0,0.01
2024-01-19,HIGHAUS-24JAN19-B47.5,HIGHAUS-24JAN19,47-49F,47.0,47.0,49.0,between,between,0.01,0,48.92,no,0,1075,0.0,0.01
2024-01-19,HIGHAUS-24JAN19-T48,HIGHAUS-24JAN19,Above 48F,48.0,48.0,,above,greater,0.99,1,48.92,yes,100,1540,0.99,1.0
2024-01-20,HIGHAUS-24JAN20-B39.5,HIGHAUS-24JAN20,39-41F,39.0,39.0,41.0,between,between,0.0,0,42.08,no,0,0,0.0,0.01
2024-01-20,HIGHAUS-24JAN20-T39,HIGHAUS-24JAN20,Below 39F,39.0,,39.0,below,less,0.0,0,42.08,no,0,0,0.0,0.01
2024-01-20,HIGHAUS-24JAN20-B41.5,HIGHAUS-24JAN20,41-43F,41.0,41.0,43.0,between,between,0.99,1,42.08,yes,100,1537,0.6,1.0
2024-01-20,HIGHAUS-24JAN20-B43.5,HIGHAUS-24JAN20,43-45F,43.0,43.0,45.0,between,between,0.58,0,42.08,no,0,2747,0.0,0.99
2024-01-20,HIGHAUS-24JAN20-B45.5,HIGHAUS-24JAN20,45-47F,45.0,45.0,47.0,between,between,0.01,0,42.08,no,0,2309,0.0,0.99
2024-01-20,HIGHAUS-24JAN20-T46,HIGHAUS-24JAN20,Above 46F,46.0,46.0,,above,greater,0.01,0,42.08,no,0,1159,0.0,0.24
2024-01-21,HIGHAUS-24JAN21-T39,HIGHAUS-24JAN21,Below 39F,39.0,,39.0,below,less,0.0,0,41.0,no,0,0,0.0,0.01
2024-01-21,HIGHAUS-24JAN21-B39.5,HIGHAUS-24JAN21,39-41F,39.0,39.0,41.0,between,between,0.01,0,41.0,no,0,1475,0.0,0.03
2024-01-21,HIGHAUS-24JAN21-B41.5,HIGHAUS-24JAN21,41-43F,41.0,41.0,43.0,between,between,0.87,1,41.0,yes,100,6,0.31,0.99
2024-01-21,HIGHAUS-24JAN21-B43.5,HIGHAUS-24JAN21,43-45F,43.0,43.0,45.0,between,between,0.33,0,41.0,no,0,105,0.0,0.69
2024-01-21,HIGHAUS-24JAN21-B45.5,HIGHAUS-24JAN21,45-47F,45.0,45.0,47.0,between,between,0.03,0,41.0,no,0,510,0.01,0.3
2024-01-21,HIGHAUS-24JAN21-T46,HIGHAUS-24JAN21,Above 46F,46.0,46.0,,above,greater,0.03,0,41.0,no,0,8,0.0,0.27
2024-01-22,HIGHAUS-24JAN22-T56,HIGHAUS-24JAN22,Below 56F,56.0,,56.0,below,less,0.01,0,57.92,no,0,1856,0.0,0.01
2024-01-22,HIGHAUS-24JAN22-B56.5,HIGHAUS-24JAN22,56-58F,56.0,56.0,58.0,between,between,0.01,0,57.92,no,0,1763,0.0,0.01
2024-01-22,HIGHAUS-24JAN22-B58.5,HIGHAUS-24JAN22,58-60F,58.0,58.0,60.0,between,between,0.99,1,57.92,yes,100,1372,0.0,1.0
2024-01-22,HIGHAUS-24JAN22-B60.5,HIGHAUS-24JAN22,60-62F,60.0,60.0,62.0,between,between,0.05,0,57.92,no,0,1747,0.0,0.51
2024-01-22,HIGHAUS-24JAN22-B62.5,HIGHAUS-24JAN22,62-64F,62.0,62.0,64.0,between,between,0.01,0,57.92,no,0,1391,0.0,0.12
2024-01-22,HIGHAUS-24JAN22-T63,HIGHAUS-24JAN22,Above 63F,63.0,63.0,,above,greater,0.04,0,57.92,no,0,519,0.0,0.1
2024-01-23,HIGHAUS-24JAN23-B63.5,HIGHAUS-24JAN23,63-65F,63.0,63.0,65.0,between,between,0.01,0,60.08,no,0,2120,0.0,0.32
2024-01-23,HIGHAUS-24JAN23-T63,HIGHAUS-24JAN23,Below 63F,63.0,,63.0,below,less,0.99,1,60.08,yes,100,3047,0.32,1.0
2024-01-23,HIGHAUS-24JAN23-B65.5,HIGHAUS-24JAN23,65-67F,65.0,65.0,67.0,between,between,0.03,0,60.08,no,0,190,0.0,0.99
2024-01-23,HIGHAUS-24JAN23-B67.5,HIGHAUS-24JAN23,67-69F,67.0,67.0,69.0,between,between,0.03,0,60.08,no,0,812,0.0,0.48
2024-01-23,HIGHAUS-24JAN23-B69.5,HIGHAUS-24JAN23,69-71F,69.0,69.0,71.0,between,between,0.01,0,60.08,no,0,288,0.0,0.3
2024-01-23,HIGHAUS-24JAN23-T70,HIGHAUS-24JAN23,Above 70F,70.0,70.0,,above,greater,0.01,0,60.08,no,0,300,0.0,0.1
2024-01-24,HIGHAUS-24JAN24-T58,HIGHAUS-24JAN24,Below 58F,58.0,,58.0,below,less,0.22,1,57.0,yes,100,3721,0.36,0.99
2024-01-24,HIGHAUS-24JAN24-B58.5,HIGHAUS-24JAN24,58-60F,58.0,58.0,60.0,between,between,0.21,0,57.0,no,0,2770,0.0,0.55
2024-01-24,HIGHAUS-24JAN24-B60.5,HIGHAUS-24JAN24,60-62F,60.0,60.0,62.0,between,between,0.01,0,57.0,no,0,1999,0.0,0.3
2024-01-24,HIGHAUS-24JAN24-B62.5,HIGHAUS-24JAN24,62-64F,62.0,62.0,64.0,between,between,0.07,0,57.0,no,0,805,0.0,0.48
2024-01-24,HIGHAUS-24JAN24-B64.5,HIGHAUS-24JAN24,64-66F,64.0,64.0,66.0,between,between,0.01,0,57.0,no,0,420,0.0,0.27
2024-01-24,HIGHAUS-24JAN24-T65,HIGHAUS-24JAN24,Above 65F,65.0,65.0,,above,greater,0.01,0,57.0,no,0,452,0.0,0.06
2024-01-25,HIGHAUS-24JAN25-T63,HIGHAUS-24JAN25,Below 63F,63.0,,63.0,below,less,0.99,1,60.0,yes,100,3574,0.75,1.0
2024-01-25,HIGHAUS-24JAN25-B63.5,HIGHAUS-24JAN25,63-65F,63.0,63.0,65.0,between,between,0.31,0,60.0,no,0,1482,0.0,0.31
2024-01-25,HIGHAUS-24JAN25-B65.5,HIGHAUS-24JAN25,65-67F,65.0,65.0,67.0,between,between,0.05,0,60.0,no,0,1141,0.0,0.09
2024-01-25,HIGHAUS-24JAN25-B67.5,HIGHAUS-24JAN25,67-69F,67.0,67.0,69.0,between,between,0.01,0,60.0,no,0,1409,0.0,0.07
2024-01-25,HIGHAUS-24JAN25-B69.5,HIGHAUS-24JAN25,69-71F,69.0,69.0,71.0,between,between,0.09,0,60.0,no,0,359,0.0,0.05
2024-01-25,HIGHAUS-24JAN25-T70,HIGHAUS-24JAN25,Above 70F,70.0,70.0,,above,greater,0.01,0,60.0,no,0,507,0.0,0.03
2024-01-26,HIGHAUS-24JAN26-T61,HIGHAUS-24JAN26,Below 61F,61.0,,61.0,below,less,0.99,1,57.0,yes,100,2061,0.97,1.0
2024-01-26,HIGHAUS-24JAN26-B61.5,HIGHAUS-24JAN26,61-63F,61.0,61.0,63.0,between,between,0.05,0,57.0,no,0,689,0.0,0.03
2024-01-26,HIGHAUS-24JAN26-B63.5,HIGHAUS-24JAN26,63-65F,63.0,63.0,65.0,between,between,0.03,0,57.0,no,0,946,0.0,0.03
2024-01-26,HIGHAUS-24JAN26-B65.5,HIGHAUS-24JAN26,65-67F,65.0,65.0,67.0,between,between,0.01,0,57.0,no,0,928,0.0,0.03
2024-01-26,HIGHAUS-24JAN26-B67.5,HIGHAUS-24JAN26,67-69F,67.0,67.0,69.0,between,between,0.03,0,57.0,no,0,654,0.0,0.03
2024-01-26,HIGHAUS-24JAN26-T68,HIGHAUS-24JAN26,Above 68F,68.0,68.0,,above,greater,0.01,0,57.0,no,0,138,0.0,0.03
2024-01-27,HIGHAUS-24JAN27-T56,HIGHAUS-24JAN27,Below 56F,56.0,,56.0,below,less,0.01,0,62.96,no,0,708,0.0,0.01
2024-01-27,HIGHAUS-24JAN27-B56.5,HIGHAUS-24JAN27,56-58F,56.0,56.0,58.0,between,between,0.01,0,62.96,no,0,1038,0.0,0.01
2024-01-27,HIGHAUS-24JAN27-B58.5,HIGHAUS-24JAN27,58-60F,58.0,58.0,60.0,between,between,0.01,0,62.96,no,0,1552,0.0,0.01
2024-01-27,HIGHAUS-24JAN27-B60.5,HIGHAUS-24JAN27,60-62F,60.0,60.0,62.0,between,between,0.01,0,62.96,no,0,1586,0.0,0.01
2024-01-27,HIGHAUS-24JAN27-B62.5,HIGHAUS-24JAN27,62-64F,62.0,62.0,64.0,between,between,0.91,1,62.96,yes,100,1577,0.97,1.0
2024-01-27,HIGHAUS-24JAN27-T63,HIGHAUS-24JAN27,Above 63F,63.0,63.0,,above,greater,0.15,0,62.96,no,0,1275,0.0,0.03
2024-01-28,HIGHAUS-24JAN28-T59,HIGHAUS-24JAN28,Below 59F,59.0,,59.0,below,less,0.3,0,66.02,no,0,1,0.0,0.01
2024-01-28,HIGHAUS-24JAN28-B59.5,HIGHAUS-24JAN28,59-61F,59.0,59.0,61.0,between,between,0.08,0,66.02,no,0,7,0.0,0.01
2024-01-28,HIGHAUS-24JAN28-B61.5,HIGHAUS-24JAN28,61-63F,61.0,61.0,63.0,between,between,0.01,0,66.02,no,0,430,0.0,0.01
2024-01-28,HIGHAUS-24JAN28-B63.5,HIGHAUS-24JAN28,63-65F,63.0,63.0,65.0,between,between,0.01,0,66.02,no,0,675,0.0,0.01
2024-01-28,HIGHAUS-24JAN28-B65.5,HIGHAUS-24JAN28,65-67F,65.0,65.0,67.0,between,between,0.52,1,66.02,yes,100,1869,0.81,1.0
2024-01-28,HIGHAUS-24JAN28-T66,HIGHAUS-24JAN28,Above 66F,66.0,66.0,,above,greater,0.22,0,66.02,no,0,2058,0.0,0.19
2024-01-29,HIGHAUS-24JAN29-B65.5,HIGHAUS-24JAN29,65-67F,65.0,65.0,67.0,between,between,0.08,0,71.06,no,0,530,0.0,0.01
2024-01-29,HIGHAUS-24JAN29-T65,HIGHAUS-24JAN29,Below 65F,65.0,,65.0,below,less,0.3,0,71.06,no,0,1,0.0,0.01
2024-01-29,HIGHAUS-24JAN29-B67.5,HIGHAUS-24JAN29,67-69F,67.0,67.0,69.0,between,between,0.03,0,71.06,no,0,643,0.0,0.01
2024-01-29,HIGHAUS-24JAN29-B69.5,HIGHAUS-24JAN29,69-71F,69.0,69.0,71.0,between,between,0.01,0,71.06,no,0,789,0.0,0.01
2024-01-29,HIGHAUS-24JAN29-B71.5,HIGHAUS-24JAN29,71-73F,71.0,71.0,73.0,between,between,0.99,1,71.06,yes,100,1618,0.97,1.0
2024-01-29,HIGHAUS-24JAN29-T72,HIGHAUS-24JAN29,Above 72F,72.0,72.0,,above,greater,0.04,0,71.06,no,0,1054,0.0,0.03
2024-01-30,HIGHAUS-24JAN30-B66.5,HIGHAUS-24JAN30,66-68F,66.0,66.0,68.0,between,between,0.04,0,73.94,no,0,8,0.0,0.01
2024-01-30,HIGHAUS-24JAN30-T66,HIGHAUS-24JAN30,Below 66F,66.0,,66.0,below,less,0.0,0,73.94,no,0,0,0.0,0.01
2024-01-30,HIGHAUS-24JAN30-B68.5,HIGHAUS-24JAN30,68-70F,68.0,68.0,70.0,between,between,0.01,0,73.94,no,0,52,0.0,0.01
2024-01-30,HIGHAUS-24JAN30-B70.5,HIGHAUS-24JAN30,70-72F,70.0,70.0,72.0,between,between,0.01,0,73.94,no,0,720,0.0,0.01
2024-01-30,HIGHAUS-24JAN30-B72.5,HIGHAUS-24JAN30,72-74F,72.0,72.0,74.0,between,between,0.03,0,73.94,no,0,3684,0.0,0.01
2024-01-30,HIGHAUS-24JAN30-T73,HIGHAUS-24JAN30,Above 73F,73.0,73.0,,above,greater,0.99,1,73.94,yes,100,3482,0.99,1.0
2024-01-31,HIGHAUS-24JAN31-B66.5,HIGHAUS-24JAN31,66-68F,66.0,66.0,68.0,between,between,0.0,0,73.04,no,0,0,0.0,0.01
2024-01-31,HIGHAUS-24JAN31-T66,HIGHAUS-24JAN31,Below 66F,66.0,,66.0,below,less,0.0,0,73.04,no,0,0,0.0,0.01
2024-01-31,HIGHAUS-24JAN31-B68.5,HIGHAUS-24JAN31,68-70F,68.0,68.0,70.0,between,between,0.01,0,73.04,no,0,377,0.0,0.03
2024-01-31,HIGHAUS-24JAN31-B70.5,HIGHAUS-24JAN31,70-72F,70.0,70.0,72.0,between,between,0.01,0,73.04,no,0,743,0.0,0.01
2024-01-31,HIGHAUS-24JAN31-B72.5,HIGHAUS-24JAN31,72-74F,72.0,72.0,74.0,between,between,0.97,1,73.04,yes,100,825,0.97,1.0
2024-01-31,HIGHAUS-24JAN31-T73,HIGHAUS-24JAN31,Above 73F,73.0,73.0,,above,greater,0.03,0,73.04,no,0,2012,0.0,0.03
2024-02-01,HIGHAUS-24FEB01-B66.5,HIGHAUS-24FEB01,66-68F,66.0,66.0,68.0,between,between,0.08,0,73.04,no,0,8,0.0,0.01
2024-02-01,HIGHAUS-24FEB01-T66,HIGHAUS-24FEB01,Below 66F,66.0,,66.0,below,less,0.0,0,73.04,no,0,0,0.0,0.01
2024-02-01,HIGHAUS-24FEB01-B68.5,HIGHAUS-24FEB01,68-70F,68.0,68.0,70.0,between,between,0.01,0,73.04,no,0,1721,0.0,0.01
2024-02-01,HIGHAUS-24FEB01-B70.5,HIGHAUS-24FEB01,70-72F,70.0,70.0,72.0,between,between,0.01,0,73.04,no,0,5461,0.0,0.01
2024-02-01,HIGHAUS-24FEB01-B72.5,HIGHAUS-24FEB01,72-74F,72.0,72.0,74.0,between,between,0.61,1,73.04,yes,100,1555,0.97,0.99
2024-02-01,HIGHAUS-24FEB01-T73,HIGHAUS-24FEB01,Above 73F,73.0,73.0,,above,greater,0.03,0,73.04,no,0,1093,0.0,0.03
2024-02-02,HIGHAUS-24FEB02-T66,HIGHAUS-24FEB02,Below 66F,66.0,,66.0,below,less,0.01,0,68.0,no,0,263,0.0,0.01
2024-02-02,HIGHAUS-24FEB02-B66.5,HIGHAUS-24FEB02,66-68F,66.0,66.0,68.0,between,between,0.07,0,68.0,no,0,290,0.0,0.01
2024-02-02,HIGHAUS-24FEB02-B68.5,HIGHAUS-24FEB02,68-70F,68.0,68.0,70.0,between,between,0.67,1,68.0,yes,100,999,0.5,0.99
2024-02-02,HIGHAUS-24FEB02-B70.5,HIGHAUS-24FEB02,70-72F,70.0,70.0,72.0,between,between,0.03,0,68.0,no,0,1648,0.0,0.35
2024-02-02,HIGHAUS-24FEB02-B72.5,HIGHAUS-24FEB02,72-74F,72.0,72.0,74.0,between,between,0.01,0,68.0,no,0,1381,0.0,0.03
2024-02-02,HIGHAUS-24FEB02-T73,HIGHAUS-24FEB02,Above 73F,73.0,73.0,,above,greater,0.01,0,68.0,no,0,1408,0.0,0.03
2024-02-03,HIGHAUS-24FEB03-T65,HIGHAUS-24FEB03,Below 65F,65.0,,65.0,below,less,0.0,0,71.96,no,0,0,0.0,0.01
2024-02-03,HIGHAUS-24FEB03-B65.5,HIGHAUS-24FEB03,65-67F,65.0,65.0,67.0,between,between,0.0,0,71.96,no,0,0,0.0,0.01
2024-02-03,HIGHAUS-24FEB03-B67.5,HIGHAUS-24FEB03,67-69F,67.0,67.0,69.0,between,between,0.0,0,71.96,no,0,0,0.0,0.01
2024-02-03,HIGHAUS-24FEB03-B69.5,HIGHAUS-24FEB03,69-71F,69.0,69.0,71.0,between,between,0.01,0,71.96,no,0,4447,0.0,0.01
2024-02-03,HIGHAUS-24FEB03-B71.5,HIGHAUS-24FEB03,71-73F,71.0,71.0,73.0,between,between,0.91,1,71.96,yes,100,2078,0.97,1.0
2024-02-03,HIGHAUS-24FEB03-T72,HIGHAUS-24FEB03,Above 72F,72.0,72.0,,above,greater,0.02,0,71.96,no,0,1807,0.0,0.03
2024-02-04,HIGHAUS-24FEB04-B63.5,HIGHAUS-24FEB04,63-65F,63.0,63.0,65.0,between,between,0.0,0,68.0,no,0,0,0.0,0.01
2024-02-04,HIGHAUS-24FEB04-T63,HIGHAUS-24FEB04,Below 63F,63.0,,63.0,below,less,0.0,0,68.0,no,0,0,0.0,0.01
2024-02-04,HIGHAUS-24FEB04-B65.5,HIGHAUS-24FEB04,65-67F,65.0,65.0,67.0,between,between,0.01,0,68.0,no,0,553,0.0,0.01
2024-02-04,HIGHAUS-24FEB04-B67.5,HIGHAUS-24FEB04,67-69F,67.0,67.0,69.0,between,between,0.97,1,68.0,yes,100,741,0.97,1.0
2024-02-04,HIGHAUS-24FEB04-B69.5,HIGHAUS-24FEB04,69-71F,69.0,69.0,71.0,between,between,0.39,0,68.0,no,0,557,0.0,0.03
2024-02-04,HIGHAUS-24FEB04-T70,HIGHAUS-24FEB04,Above 70F,70.0,70.0,,above,greater,0.23,0,68.0,no,0,862,0.0,0.03
2024-02-05,HIGHAUS-24FEB05-B60.5,HIGHAUS-24FEB05,60-62F,60.0,60.0,62.0,between,between,0.14,0,64.04,no,0,606,0.0,0.01
2024-02-05,HIGHAUS-24FEB05-T60,HIGHAUS-24FEB05,Below 60F,60.0,,60.0,below,less,0.03,0,64.04,no,0,2,0.0,0.01
2024-02-05,HIGHAUS-24FEB05-B62.5,HIGHAUS-24FEB05,62-64F,62.0,62.0,64.0,between,between,0.01,0,64.04,no,0,1478,0.0,0.01
2024-02-05,HIGHAUS-24FEB05-B64.5,HIGHAUS-24FEB05,64-66F,64.0,64.0,66.0,between,between,0.99,1,64.04,yes,100,1482,0.97,1.0
2024-02-05,HIGHAUS-24FEB05-B66.5,HIGHAUS-24FEB05,66-68F,66.0,66.0,68.0,between,between,0.01,0,64.04,no,0,1596,0.0,0.03
2024-02-05,HIGHAUS-24FEB05-T67,HIGHAUS-24FEB05,Above 67F,67.0,67.0,,above,greater,0.07,0,64.04,no,0,2,0.0,0.03
2024-02-06,HIGHAUS-24FEB06-B65.5,HIGHAUS-24FEB06,65-67F,65.0,65.0,67.0,between,between,0.01,0,69.08,no,0,1029,0.0,0.01
2024-02-06,HIGHAUS-24FEB06-T65,HIGHAUS-24FEB06,Below 65F,65.0,,65.0,below,less,0.0,0,69.08,no,0,0,0.0,0.01
2024-02-06,HIGHAUS-24FEB06-B67.5,HIGHAUS-24FEB06,67-69F,67.0,67.0,69.0,between,between,0.05,0,69.08,no,0,2652,0.0,0.01
2024-02-06,HIGHAUS-24FEB06-B69.5,HIGHAUS-24FEB06,69-71F,69.0,69.0,71.0,between,between,0.97,1,69.08,yes,100,2599,0.99,1.0
2024-02-06,HIGHAUS-24FEB06-B71.5,HIGHAUS-24FEB06,71-73F,71.0,71.0,73.0,between,between,0.02,0,69.08,no,0,782,0.0,0.01
2024-02-06,HIGHAUS-24FEB06-T72,HIGHAUS-24FEB06,Above 72F,72.0,72.0,,above,greater,0.0,0,69.08,no,0,0,0.0,0.02
2024-02-07,HIGHAUS-24FEB07-B66.5,HIGHAUS-24FEB07,66-68F,66.0,66.0,68.0,between,between,0.01,0,71.06,no,0,1628,0.0,0.01
2024-02-07,HIGHAUS-24FEB07-T66,HIGHAUS-24FEB07,Below 66F,66.0,,66.0,below,less,0.04,0,71.06,no,0,338,0.0,0.01
2024-02-07,HIGHAUS-24FEB07-B68.5,HIGHAUS-24FEB07,68-70F,68.0,68.0,70.0,between,between,0.03,0,71.06,no,0,3513,0.0,0.01
2024-02-07,HIGHAUS-24FEB07-B70.5,HIGHAUS-24FEB07,70-72F,70.0,70.0,72.0,between,between,0.97,1,71.06,yes,100,2242,0.97,1.0
2024-02-07,HIGHAUS-24FEB07-B72.5,HIGHAUS-24FEB07,72-74F,72.0,72.0,74.0,between,between,0.01,0,71.06,no,0,2197,0.0,0.01
2024-02-07,HIGHAUS-24FEB07-T73,HIGHAUS-24FEB07,Above 73F,73.0,73.0,,above,greater,0.03,0,71.06,no,0,1935,0.0,0.03
2024-02-08,HIGHAUS-24FEB08-T68,HIGHAUS-24FEB08,Below 68F,68.0,,68.0,below,less,0.0,0,73.04,no,0,0,0.0,0.01
2024-02-08,HIGHAUS-24FEB08-B68.5,HIGHAUS-24FEB08,68-70F,68.0,68.0,70.0,between,between,0.03,0,73.04,no,0,151,0.0,0.01
2024-02-08,HIGHAUS-24FEB08-B70.5,HIGHAUS-24FEB08,70-72F,70.0,70.0,72.0,between,between,0.06,0,73.04,no,0,727,0.0,0.01
2024-02-08,HIGHAUS-24FEB08-B72.5,HIGHAUS-24FEB08,72-74F,72.0,72.0,74.0,between,between,0.5,1,73.04,yes,100,840,0.97,1.0
2024-02-08,HIGHAUS-24FEB08-B74.5,HIGHAUS-24FEB08,74-76F,74.0,74.0,76.0,between,between,0.03,0,73.04,no,0,1243,0.0,0.02
2024-02-08,HIGHAUS-24FEB08-T75,HIGHAUS-24FEB08,Above 75F,75.0,75.0,,above,greater,0.01,0,73.04,no,0,285,0.0,0.03
2024-02-09,HIGHAUS-24FEB09-B71.5,HIGHAUS-24FEB09,71-73F,71.0,71.0,73.0,between,between,0.01,0,75.02,no,0,1229,0.0,0.01
2024-02-09,HIGHAUS-24FEB09-T71,HIGHAUS-24FEB09,Below 71F,71.0,,71.0,below,less,0.0,0,75.02,no,0,0,0.0,0.01
2024-02-09,HIGHAUS-24FEB09-B73.5,HIGHAUS-24FEB09,73-75F,73.0,73.0,75.0,between,between,0.01,0,75.02,no,0,2052,0.0,0.01
2024-02-09,HIGHAUS-24FEB09-B75.5,HIGHAUS-24FEB09,75-77F,75.0,75.0,77.0,between,between,0.97,1,75.02,yes,100,540,0.97,1.0
2024-02-09,HIGHAUS-24FEB09-B77.5,HIGHAUS-24FEB09,77-79F,77.0,77.0,79.0,between,between,0.02,0,75.02,no,0,583,0.0,0.03
2024-02-09,HIGHAUS-24FEB09-T78,HIGHAUS-24FEB09,Above 78F,78.0,78.0,,above,greater,0.0,0,75.02,no,0,0,0.0,0.03
2024-02-10,HIGHAUS-24FEB10-B64.5,HIGHAUS-24FEB10,64-66F,64.0,64.0,66.0,between,between,0.01,0,66.02,no,0,115,0.0,0.01
2024-02-10,HIGHAUS-24FEB10-T64,HIGHAUS-24FEB10,Below 64F,64.0,,64.0,below,less,0.0,0,66.02,no,0,0,0.0,0.01
2024-02-10,HIGHAUS-24FEB10-B66.5,HIGHAUS-24FEB10,66-68F,66.0,66.0,68.0,between,between,0.99,1,66.02,yes,100,1051,0.51,1.0
2024-02-10,HIGHAUS-24FEB10-B68.5,HIGHAUS-24FEB10,68-70F,68.0,68.0,70.0,between,between,0.25,0,66.02,no,0,596,0.0,0.01
2024-02-10,HIGHAUS-24FEB10-B70.5,HIGHAUS-24FEB10,70-72F,70.0,70.0,72.0,between,between,0.01,0,66.02,no,0,875,0.0,0.32
2024-02-10,HIGHAUS-24FEB10-T71,HIGHAUS-24FEB10,Above 71F,71.0,71.0,,above,greater,0.01,0,66.02,no,0,950,0.0,0.05
2024-02-11,HIGHAUS-24FEB11-B65.5,HIGHAUS-24FEB11,65-67F,65.0,65.0,67.0,between,between,0.03,0,60.08,no,0,1206,0.0,0.03
2024-02-11,HIGHAUS-24FEB11-T65,HIGHAUS-24FEB11,Below 65F,65.0,,65.0,below,less,0.44,1,60.08,yes,100,552,0.97,1.0
2024-02-11,HIGHAUS-24FEB11-B67.5,HIGHAUS-24FEB11,67-69F,67.0,67.0,69.0,between,between,0.03,0,60.08,no,0,1532,0.0,0.03
2024-02-11,HIGHAUS-24FEB11-B69.5,HIGHAUS-24FEB11,69-71F,69.0,69.0,71.0,between,between,0.01,0,60.08,no,0,628,0.0,0.03
2024-02-11,HIGHAUS-24FEB11-B71.5,HIGHAUS-24FEB11,71-73F,71.0,71.0,73.0,between,between,0.04,0,60.08,no,0,373,0.0,0.01
2024-02-11,HIGHAUS-24FEB11-T72,HIGHAUS-24FEB11,Above 72F,72.0,72.0,,above,greater,0.21,0,60.08,no,0,1,0.0,0.03
2024-02-12,HIGHAUS-24FEB12-B55.5,HIGHAUS-24FEB12,55-57F,55.0,55.0,57.0,between,between,0.06,0,60.98,no,0,211,0.0,0.01
2024-02-12,HIGHAUS-24FEB12-T55,HIGHAUS-24FEB12,Below 55F,55.0,,55.0,below,less,0.01,0,60.98,no,0,86,0.0,0.01
2024-02-12,HIGHAUS-24FEB12-B57.5,HIGHAUS-24FEB12,57-59F,57.0,57.0,59.0,between,between,0.01,0,60.98,no,0,476,0.0,0.01
2024-02-12,HIGHAUS-24FEB12-B59.5,HIGHAUS-24FEB12,59-61F,59.0,59.0,61.0,between,between,0.01,0,60.98,no,0,949,0.0,0.01
2024-02-12,HIGHAUS-24FEB12-B61.5,HIGHAUS-24FEB12,61-63F,61.0,61.0,63.0,between,between,0.99,1,60.98,yes,100,1039,0.97,1.0
2024-02-12,HIGHAUS-24FEB12-T62,HIGHAUS-24FEB12,Above 62F,62.0,62.0,,above,greater,0.01,0,60.98,no,0,222,0.0,0.03
2024-02-13,HIGHAUS-24FEB13-B61.5,HIGHAUS-24FEB13,61-63F,61.0,61.0,63.0,between,between,0.01,0,66.92,no,0,476,0.0,0.01
2024-02-13,HIGHAUS-24FEB13-T61,HIGHAUS-24FEB13,Below 61F,61.0,,61.0,below,less,0.01,0,66.92,no,0,26,0.0,0.01
2024-02-13,HIGHAUS-24FEB13-B63.5,HIGHAUS-24FEB13,63-65F,63.0,63.0,65.0,between,between,0.01,0,66.92,no,0,1928,0.0,0.01
2024-02-13,HIGHAUS-24FEB13-B65.5,HIGHAUS-24FEB13,65-67F,65.0,65.0,67.0,between,between,0.4,0,66.92,no,0,1574,0.0,0.01
2024-02-13,HIGHAUS-24FEB13-B67.5,HIGHAUS-24FEB13,67-69F,67.0,67.0,69.0,between,between,0.97,1,66.92,yes,100,1135,0.97,1.0
2024-02-13,HIGHAUS-24FEB13-T68,HIGHAUS-24FEB13,Above 68F,68.0,68.0,,above,greater,0.22,0,66.92,no,0,229,0.0,0.03
2024-02-14,HIGHAUS-24FEB14-T62,HIGHAUS-24FEB14,Below 62F,62.0,,62.0,below,less,0.0,0,68.0,no,0,0,0.0,0.01
2024-02-14,HIGHAUS-24FEB14-B62.5,HIGHAUS-24FEB14,62-64F,62.0,62.0,64.0,between,between,0.0,0,68.0,no,0,0,0.0,0.01
2024-02-14,HIGHAUS-24FEB14-B64.5,HIGHAUS-24FEB14,64-66F,64.0,64.0,66.0,between,between,0.01,0,68.0,no,0,961,0.0,0.01
2024-02-14,HIGHAUS-24FEB14-B66.5,HIGHAUS-24FEB14,66-68F,66.0,66.0,68.0,between,between,0.39,0,68.0,no,0,620,0.0,0.01
2024-02-14,HIGHAUS-24FEB14-B68.5,HIGHAUS-24FEB14,68-70F,68.0,68.0,70.0,between,between,0.72,1,68.0,yes,100,1309,0.05,1.0
2024-02-14,HIGHAUS-24FEB14-T69,HIGHAUS-24FEB14,Above 69F,69.0,69.0,,above,greater,0.01,0,68.0,no,0,417,0.0,0.45
2024-02-15,HIGHAUS-24FEB15-B67.5,HIGHAUS-24FEB15,67-69F,67.0,67.0,69.0,between,between,0.01,0,69.08,no,0,398,0.0,0.01
2024-02-15,HIGHAUS-24FEB15-T67,HIGHAUS-24FEB15,Below 67F,67.0,,67.0,below,less,0.0,0,69.08,no,0,0,0.0,0.01
2024-02-15,HIGHAUS-24FEB15-B69.5,HIGHAUS-24FEB15,69-71F,69.0,69.0,71.0,between,between,0.95,1,69.08,yes,100,145,0.5,1.0
2024-02-15,HIGHAUS-24FEB15-B71.5,HIGHAUS-24FEB15,71-73F,71.0,71.0,73.0,between,between,0.03,0,69.08,no,0,1634,0.0,0.03
2024-02-15,HIGHAUS-24FEB15-B73.5,HIGHAUS-24FEB15,73-75F,73.0,73.0,75.0,between,between,0.15,0,69.08,no,0,1974,0.0,0.1
2024-02-15,HIGHAUS-24FEB15-T74,HIGHAUS-24FEB15,Above 74F,74.0,74.0,,above,greater,0.01,0,69.08,no,0,1616,0.0,0.99
2024-02-16,HIGHAUS-24FEB16-B66.5,HIGHAUS-24FEB16,66-68F,66.0,66.0,68.0,between,between,0.01,0,73.04,no,0,19,0.0,0.01
2024-02-16,HIGHAUS-24FEB16-T66,HIGHAUS-24FEB16,Below 66F,66.0,,66.0,below,less,0.0,0,73.04,no,0,0,0.0,0.01
2024-02-16,HIGHAUS-24FEB16-B68.5,HIGHAUS-24FEB16,68-70F,68.0,68.0,70.0,between,between,0.01,0,73.04,no,0,1027,0.0,0.01
2024-02-16,HIGHAUS-24FEB16-B70.5,HIGHAUS-24FEB16,70-72F,70.0,70.0,72.0,between,between,0.4,0,73.04,no,0,1301,0.0,0.01
2024-02-16,HIGHAUS-24FEB16-B72.5,HIGHAUS-24FEB16,72-74F,72.0,72.0,74.0,between,between,0.9,1,73.04,yes,100,1162,0.98,1.0
2024-02-16,HIGHAUS-24FEB16-T73,HIGHAUS-24FEB16,Above 73F,73.0,73.0,,above,greater,0.18,0,73.04,no,0,100,0.0,0.03
2024-02-17,HIGHAUS-24FEB17-B47.5,HIGHAUS-24FEB17,47-49F,47.0,47.0,49.0,between,between,0.01,0,51.98,no,0,618,0.0,0.01
2024-02-17,HIGHAUS-24FEB17-T47,HIGHAUS-24FEB17,Below 47F,47.0,,47.0,below,less,0.01,0,51.98,no,0,143,0.0,0.01
2024-02-17,HIGHAUS-24FEB17-B49.5,HIGHAUS-24FEB17,49-51F,49.0,49.0,51.0,between,between,0.01,0,51.98,no,0,705,0.0,0.01
2024-02-17,HIGHAUS-24FEB17-B51.5,HIGHAUS-24FEB17,51-53F,51.0,51.0,53.0,between,between,0.99,1,51.98,yes,100,262,0.97,1.0
2024-02-17,HIGHAUS-24FEB17-B53.5,HIGHAUS-24FEB17,53-55F,53.0,53.0,55.0,between,between,0.64,0,51.98,no,0,932,0.0,0.03
2024-02-17,HIGHAUS-24FEB17-T54,HIGHAUS-24FEB17,Above 54F,54.0,54.0,,above,greater,0.01,0,51.98,no,0,1507,0.0,0.03
2024-02-18,HIGHAUS-24FEB18-B52.5,HIGHAUS-24FEB18,52-54F,52.0,52.0,54.0,between,between,0.01,0,53.96,no,0,896,0.0,0.01
2024-02-18,HIGHAUS-24FEB18-T52,HIGHAUS-24FEB18,Below 52F,52.0,,52.0,below,less,0.22,0,53.96,no,0,1,0.0,0.01
2024-02-18,HIGHAUS-24FEB18-B54.5,HIGHAUS-24FEB18,54-56F,54.0,54.0,56.0,between,between,0.1,1,53.96,yes,100,386,0.97,1.0
2024-02-18,HIGHAUS-24FEB18-B56.5,HIGHAUS-24FEB18,56-58F,56.0,56.0,58.0,between,between,0.29,0,53.96,no,0,623,0.0,0.03
2024-02-18,HIGHAUS-24FEB18-B58.5,HIGHAUS-24FEB18,58-60F,58.0,58.0,60.0,between,between,0.2,0,53.96,no,0,312,0.0,0.03
2024-02-18,HIGHAUS-24FEB18-T59,HIGHAUS-24FEB18,Above 59F,59.0,59.0,,above,greater,0.13,0,53.96,no,0,5,0.0,0.03
2024-02-19,HIGHAUS-24FEB19-T63,HIGHAUS-24FEB19,Below 63F,63.0,,63.0,below,less,0.2,0,68.0,no,0,1,0.0,0.01
2024-02-19,HIGHAUS-24FEB19-B63.5,HIGHAUS-24FEB19,63-65F,63.0,63.0,65.0,between,between,0.01,0,68.0,no,0,393,0.0,0.01
2024-02-19,HIGHAUS-24FEB19-B65.5,HIGHAUS-24FEB19,65-67F,65.0,65.0,67.0,between,between,0.18,0,68.0,no,0,1235,0.0,0.01
2024-02-19,HIGHAUS-24FEB19-B67.5,HIGHAUS-24FEB19,67-69F,67.0,67.0,69.0,between,between,0.93,1,68.0,yes,100,1591,0.71,1.0
2024-02-19,HIGHAUS-24FEB19-B69.5,HIGHAUS-24FEB19,69-71F,69.0,69.0,71.0,between,between,0.3,0,68.0,no,0,1069,0.0,0.29
2024-02-19,HIGHAUS-24FEB19-T70,HIGHAUS-24FEB19,Above 70F,70.0,70.0,,above,greater,0.06,0,68.0,no,0,253,0.0,1.0
2024-02-20,HIGHAUS-24FEB20-B73.5,HIGHAUS-24FEB20,73-75F,73.0,73.0,75.0,between,between,0.11,0,78.98,no,0,193,0.0,0.01
2024-02-20,HIGHAUS-24FEB20-T73,HIGHAUS-24FEB20,Below 73F,73.0,,73.0,below,less,0.22,0,78.98,no,0,1,0.0,0.01
2024-02-20,HIGHAUS-24FEB20-B75.5,HIGHAUS-24FEB20,75-77F,75.0,75.0,77.0,between,between,0.01,0,78.98,no,0,1271,0.0,0.01
2024-02-20,HIGHAUS-24FEB20-B77.5,HIGHAUS-24FEB20,77-79F,77.0,77.0,79.0,between,between,0.03,0,78.98,no,0,2789,0.0,0.01
2024-02-20,HIGHAUS-24FEB20-B79.5,HIGHAUS-24FEB20,79-81F,79.0,79.0,81.0,between,between,0.95,1,78.98,yes,100,1505,0.95,1.0
2024-02-20,HIGHAUS-24FEB20-T80,HIGHAUS-24FEB20,Above 80F,80.0,80.0,,above,greater,0.06,0,78.98,no,0,52,0.0,0.05
2024-02-21,HIGHAUS-24FEB21-B73.5,HIGHAUS-24FEB21,73-75F,73.0,73.0,75.0,between,between,0.01,0,77.0,no,0,1488,0.0,0.01
2024-02-21,HIGHAUS-24FEB21-T73,HIGHAUS-24FEB21,Below 73F,73.0,,73.0,below,less,0.2,0,77.0,no,0,335,0.0,0.01
2024-02-21,HIGHAUS-24FEB21-B75.5,HIGHAUS-24FEB21,75-77F,75.0,75.0,77.0,between,between,0.2,0,77.0,no,0,1358,0.0,0.01
2024-02-21,HIGHAUS-24FEB21-B77.5,HIGHAUS-24FEB21,77-79F,77.0,77.0,79.0,between,between,0.97,1,77.0,yes,100,2262,0.98,1.0
2024-02-21,HIGHAUS-24FEB21-B79.5,HIGHAUS-24FEB21,79-81F,79.0,79.0,81.0,between,between,0.01,0,77.0,no,0,1458,0.0,0.02
2024-02-21,HIGHAUS-24FEB21-T80,HIGHAUS-24FEB21,Above 80F,80.0,80.0,,above,greater,0.02,0,77.0,no,0,581,0.0,0.02
2024-02-22,HIGHAUS-24FEB22-B81.5,HIGHAUS-24FEB22,81-83F,81.0,81.0,83.0,between,between,0.01,0,87.08000000000001,no,0,561,0.0,0.01
2024-02-22,HIGHAUS-24FEB22-T81,HIGHAUS-24FEB22,Below 81F,81.0,,81.0,below,less,0.05,0,87.08000000000001,no,0,71,0.0,0.01
2024-02-22,HIGHAUS-24FEB22-B83.5,HIGHAUS-24FEB22,83-85F,83.0,83.0,85.0,between,between,0.01,0,87.08000000000001,no,0,1571,0.0,0.01
2024-02-22,HIGHAUS-24FEB22-B85.5,HIGHAUS-24FEB22,85-87F,85.0,85.0,87.0,between,between,0.4,0,87.08000000000001,no,0,868,0.0,0.01
2024-02-22,HIGHAUS-24FEB22-B87.5,HIGHAUS-24FEB22,87-89F,87.0,87.0,89.0,between,between,0.99,1,87.08000000000001,yes,100,1372,0.97,1.0
2024-02-22,HIGHAUS-24FEB22-T88,HIGHAUS-24FEB22,Above 88F,88.0,88.0,,above,greater,0.1,0,87.08000000000001,no,0,978,0.0,0.03
2024-02-23,HIGHAUS-24FEB23-T70,HIGHAUS-24FEB23,Below 70F,70.0,,70.0,below,less,0.0,0,75.02,no,0,0,0.0,0.01
2024-02-23,HIGHAUS-24FEB23-B70.5,HIGHAUS-24FEB23,70-72F,70.0,70.0,72.0,between,between,0.0,0,75.02,no,0,0,0.0,0.01
2024-02-23,HIGHAUS-24FEB23-B72.5,HIGHAUS-24FEB23,72-74F,72.0,72.0,74.0,between,between,0.03,0,75.02,no,0,596,0.0,0.01
2024-02-23,HIGHAUS-24FEB23-B74.5,HIGHAUS-24FEB23,74-76F,74.0,74.0,76.0,between,between,0.48,1,75.02,yes,100,1063,0.97,1.0
2024-02-23,HIGHAUS-24FEB23-B76.5,HIGHAUS-24FEB23,76-78F,76.0,76.0,78.0,between,between,0.03,0,75.02,no,0,2266,0.0,0.03
2024-02-23,HIGHAUS-24FEB23-T77,HIGHAUS-24FEB23,Above 77F,77.0,77.0,,above,greater,0.99,0,75.02,no,0,790,0.0,0.03
2024-02-24,HIGHAUS-24FEB24-B73.5,HIGHAUS-24FEB24,73-75F,73.0,73.0,75.0,between,between,0.0,0,78.98,no,0,0,0.0,0.01
2024-02-24,HIGHAUS-24FEB24-T73,HIGHAUS-24FEB24,Below 73F,73.0,,73.0,below,less,0.0,0,78.98,no,0,0,0.0,0.01
2024-02-24,HIGHAUS-24FEB24-B75.5,HIGHAUS-24FEB24,75-77F,75.0,75.0,77.0,between,between,0.01,0,78.98,no,0,624,0.0,0.01
2024-02-24,HIGHAUS-24FEB24-B77.5,HIGHAUS-24FEB24,77-79F,77.0,77.0,79.0,between,between,0.01,0,78.98,no,0,1950,0.0,0.01
2024-02-24,HIGHAUS-24FEB24-B79.5,HIGHAUS-24FEB24,79-81F,79.0,79.0,81.0,between,between,0.97,1,78.98,yes,100,1878,0.97,0.99
2024-02-24,HIGHAUS-24FEB24-T80,HIGHAUS-24FEB24,Above 80F,80.0,80.0,,above,greater,0.03,0,78.98,no,0,2905,0.0,0.03
2024-02-25,HIGHAUS-24FEB25-T77,HIGHAUS-24FEB25,Below 77F,77.0,,77.0,below,less,0.09,0,82.94,no,0,1,0.0,0.01
2024-02-25,HIGHAUS-24FEB25-B77.5,HIGHAUS-24FEB25,77-79F,77.0,77.0,79.0,between,between,0.09,0,82.94,no,0,1,0.0,0.01
2024-02-25,HIGHAUS-24FEB25-B79.5,HIGHAUS-24FEB25,79-81F,79.0,79.0,81.0,between,between,0.01,0,82.94,no,0,326,0.0,0.01
2024-02-25,HIGHAUS-24FEB25-B81.5,HIGHAUS-24FEB25,81-83F,81.0,81.0,83.0,between,between,0.01,0,82.94,no,0,2244,0.0,0.01
2024-02-25,HIGHAUS-24FEB25-B83.5,HIGHAUS-24FEB25,83-85F,83.0,83.0,85.0,between,between,0.99,1,82.94,yes,100,513,0.97,1.0
2024-02-25,HIGHAUS-24FEB25-T84,HIGHAUS-24FEB25,Above 84F,84.0,84.0,,above,greater,0.4,0,82.94,no,0,1243,0.0,0.03
2024-02-26,HIGHAUS-24FEB26-B81.5,HIGHAUS-24FEB26,81-83F,81.0,81.0,83.0,between,between,0.99,1,82.0,yes,100,2932,0.97,1.0
2024-02-26,HIGHAUS-24FEB26-T81,HIGHAUS-24FEB26,Below 81F,81.0,,81.0,below,less,0.09,0,82.0,no,0,6,0.0,0.01
2024-02-26,HIGHAUS-24FEB26-B83.5,HIGHAUS-24FEB26,83-85F,83.0,83.0,85.0,between,between,0.01,0,82.0,no,0,5146,0.0,0.03
2024-02-26,HIGHAUS-24FEB26-B85.5,HIGHAUS-24FEB26,85-87F,85.0,85.0,87.0,between,between,0.03,0,82.0,no,0,1688,0.0,0.02
2024-02-26,HIGHAUS-24FEB26-B87.5,HIGHAUS-24FEB26,87-89F,87.0,87.0,89.0,between,between,0.25,0,82.0,no,0,1459,0.0,0.03
2024-02-26,HIGHAUS-24FEB26-T88,HIGHAUS-24FEB26,Above 88F,88.0,88.0,,above,greater,0.15,0,82.0,no,0,1586,0.0,0.03
2024-02-27,HIGHAUS-24FEB27-B81.5,HIGHAUS-24FEB27,81-83F,81.0,81.0,83.0,between,between,0.38,0,80.06,no,0,644,0.0,0.03
2024-02-27,HIGHAUS-24FEB27-T81,HIGHAUS-24FEB27,Below 81F,81.0,,81.0,below,less,0.95,1,80.06,yes,100,1980,0.97,1.0
2024-02-27,HIGHAUS-24FEB27-B83.5,HIGHAUS-24FEB27,83-85F,83.0,83.0,85.0,between,between,0.08,0,80.06,no,0,841,0.0,0.03
2024-02-27,HIGHAUS-24FEB27-B85.5,HIGHAUS-24FEB27,85-87F,85.0,85.0,87.0,between,between,0.01,0,80.06,no,0,653,0.0,0.03
2024-02-27,HIGHAUS-24FEB27-B87.5,HIGHAUS-24FEB27,87-89F,87.0,87.0,89.0,between,between,0.01,0,80.06,no,0,669,0.0,0.01
2024-02-27,HIGHAUS-24FEB27-T88,HIGHAUS-24FEB27,Above 88F,88.0,88.0,,above,greater,0.09,0,80.06,no,0,16,0.0,0.03
2024-02-28,HIGHAUS-24FEB28-T59,HIGHAUS-24FEB28,Below 59F,59.0,,59.0,below,less,0.01,0,69.98,no,0,935,0.0,0.01
2024-02-28,HIGHAUS-24FEB28-B59.5,HIGHAUS-24FEB28,59-61F,59.0,59.0,61.0,between,between,0.01,0,69.98,no,0,1215,0.0,0.01
2024-02-28,HIGHAUS-24FEB28-B61.5,HIGHAUS-24FEB28,61-63F,61.0,61.0,63.0,between,between,0.15,0,69.98,no,0,27,0.0,0.01
2024-02-28,HIGHAUS-24FEB28-B63.5,HIGHAUS-24FEB28,63-65F,63.0,63.0,65.0,between,between,0.14,0,69.98,no,0,16,0.0,0.01
2024-02-28,HIGHAUS-24FEB28-B65.5,HIGHAUS-24FEB28,65-67F,65.0,65.0,67.0,between,between,0.01,0,69.98,no,0,123,0.0,0.01
2024-02-28,HIGHAUS-24FEB28-T66,HIGHAUS-24FEB28,Above 66F,66.0,66.0,,above,greater,0.99,1,69.98,yes,100,1627,0.99,1.0
2024-02-29,HIGHAUS-24FEB29-T53,HIGHAUS-24FEB29,Below 53F,53.0,,53.0,below,less,0.61,1,49.0,yes,100,410,0.94,1.0
2024-02-29,HIGHAUS-24FEB29-B53.5,HIGHAUS-24FEB29,53-55F,53.0,53.0,55.0,between,between,0.27,0,49.0,no,0,297,0.0,0.19
2024-02-29,HIGHAUS-24FEB29-B55.5,HIGHAUS-24FEB29,55-57F,55.0,55.0,57.0,between,between,0.11,0,49.0,no,0,8,0.0,0.09
2024-02-29,HIGHAUS-24FEB29-B57.5,HIGHAUS-24FEB29,57-59F,57.0,57.0,59.0,between,between,0.0,0,49.0,no,0,0,0.0,0.52
2024-02-29,HIGHAUS-24FEB29-B59.5,HIGHAUS-24FEB29,59-61F,59.0,59.0,61.0,between,between,0.0,0,49.0,no,0,0,0.0,0.52
2024-02-29,HIGHAUS-24FEB29-T60,HIGHAUS-24FEB29,Above 60F,60.0,60.0,,above,greater,0.0,0,49.0,no,0,0,0.0,0.09
2024-03-01,HIGHAUS-24MAR01-T72,HIGHAUS-24MAR01,Below 72F,72.0,,72.0,below,less,0.97,1,68.0,yes,100,2918,0.97,1.0
2024-03-01,HIGHAUS-24MAR01-B72.5,HIGHAUS-24MAR01,72-74F,72.0,72.0,74.0,between,between,0.27,0,68.0,no,0,219,0.0,0.03
2024-03-01,HIGHAUS-24MAR01-B74.5,HIGHAUS-24MAR01,74-76F,74.0,74.0,76.0,between,between,0.15,0,68.0,no,0,640,0.0,0.03
2024-03-01,HIGHAUS-24MAR01-B76.5,HIGHAUS-24MAR01,76-78F,76.0,76.0,78.0,between,between,0.14,0,68.0,no,0,314,0.0,0.03
2024-03-01,HIGHAUS-24MAR01-B78.5,HIGHAUS-24MAR01,78-80F,78.0,78.0,80.0,between,between,0.0,0,68.0,no,0,0,0.0,0.03
2024-03-01,HIGHAUS-24MAR01-T79,HIGHAUS-24MAR01,Above 79F,79.0,79.0,,above,greater,0.0,0,68.0,no,0,0,0.0,0.03
2024-03-02,HIGHAUS-24MAR02-B76.5,HIGHAUS-24MAR02,76-78F,76.0,76.0,78.0,between,between,0.01,0,80.96,no,0,1753,0.0,0.01
2024-03-02,HIGHAUS-24MAR02-T76,HIGHAUS-24MAR02,Below 76F,76.0,,76.0,below,less,0.06,0,80.96,no,0,1986,0.0,0.01
2024-03-02,HIGHAUS-24MAR02-B78.5,HIGHAUS-24MAR02,78-80F,78.0,78.0,80.0,between,between,0.01,0,80.96,no,0,1205,0.0,0.01
2024-03-02,HIGHAUS-24MAR02-B80.5,HIGHAUS-24MAR02,80-82F,80.0,80.0,82.0,between,between,0.52,1,80.96,yes,100,580,0.97,1.0
2024-03-02,HIGHAUS-24MAR02-B82.5,HIGHAUS-24MAR02,82-84F,82.0,82.0,84.0,between,between,0.09,0,80.96,no,0,177,0.0,0.03
2024-03-02,HIGHAUS-24MAR02-T83,HIGHAUS-24MAR02,Above 83F,83.0,83.0,,above,greater,0.0,0,80.96,no,0,0,0.0,0.03
2024-03-03,HIGHAUS-24MAR03-B74.5,HIGHAUS-24MAR03,74-76F,74.0,74.0,76.0,between,between,0.04,0,80.06,no,0,768,0.0,0.01
2024-03-03,HIGHAUS-24MAR03-T74,HIGHAUS-24MAR03,Below 74F,74.0,,74.0,below,less,0.0,0,80.06,no,0,0,0.0,0.01
2024-03-03,HIGHAUS-24MAR03-B76.5,HIGHAUS-24MAR03,76-78F,76.0,76.0,78.0,between,between,0.04,0,80.06,no,0,1170,0.0,0.01
2024-03-03,HIGHAUS-24MAR03-B78.5,HIGHAUS-24MAR03,78-80F,78.0,78.0,80.0,between,between,0.01,0,80.06,no,0,6502,0.0,0.01
2024-03-03,HIGHAUS-24MAR03-B80.5,HIGHAUS-24MAR03,80-82F,80.0,80.0,82.0,between,between,0.97,1,80.06,yes,100,2702,0.97,0.99
2024-03-03,HIGHAUS-24MAR03-T81,HIGHAUS-24MAR03,Above 81F,81.0,81.0,,above,greater,0.03,0,80.06,no,0,2551,0.0,0.03
2024-03-04,HIGHAUS-24MAR04-B75.5,HIGHAUS-24MAR04,75-77F,75.0,75.0,77.0,between,between,0.09,0,82.94,no,0,907,0.0,0.01
2024-03-04,HIGHAUS-24MAR04-T75,HIGHAUS-24MAR04,Below 75F,75.0,,75.0,below,less,0.01,0,82.94,no,0,561,0.0,0.01
2024-03-04,HIGHAUS-24MAR04-B77.5,HIGHAUS-24MAR04,77-79F,77.0,77.0,79.0,between,between,0.01,0,82.94,no,0,2038,0.0,0.01
2024-03-04,HIGHAUS-24MAR04-B79.5,HIGHAUS-24MAR04,79-81F,79.0,79.0,81.0,between,between,0.01,0,82.94,no,0,1770,0.0,0.01
2024-03-04,HIGHAUS-24MAR04-B81.5,HIGHAUS-24MAR04,81-83F,81.0,81.0,83.0,between,between,0.02,0,82.94,no,0,5160,0.0,0.01
2024-03-04,HIGHAUS-24MAR04-T82,HIGHAUS-24MAR04,Above 82F,82.0,82.0,,above,greater,0.99,1,82.94,yes,100,2576,0.99,1.0
2024-03-05,HIGHAUS-24MAR05-B83.5,HIGHAUS-24MAR05,83-85F,83.0,83.0,85.0,between,between,0.09,0,91.04,no,0,7,0.0,0.01
2024-03-05,HIGHAUS-24MAR05-T83,HIGHAUS-24MAR05,Below 83F,83.0,,83.0,below,less,0.0,0,91.04,no,0,0,0.0,0.01
2024-03-05,HIGHAUS-24MAR05-B85.5,HIGHAUS-24MAR05,85-87F,85.0,85.0,87.0,between,between,0.12,0,91.04,no,0,342,0.0,0.01
2024-03-05,HIGHAUS-24MAR05-B87.5,HIGHAUS-24MAR05,87-89F,87.0,87.0,89.0,between,between,0.56,0,91.04,no,0,1478,0.0,0.01
2024-03-05,HIGHAUS-24MAR05-B89.5,HIGHAUS-24MAR05,89-91F,89.0,89.0,91.0,between,between,0.01,0,91.04,no,0,2222,0.0,0.01
2024-03-05,HIGHAUS-24MAR05-T90,HIGHAUS-24MAR05,Above 90F,90.0,90.0,,above,greater,0.99,1,91.04,yes,100,2059,0.99,1.0
2024-03-06,HIGHAUS-24MAR06-T79,HIGHAUS-24MAR06,Below 79F,79.0,,79.0,below,less,0.03,0,82.94,no,0,1873,0.0,0.01
2024-03-06,HIGHAUS-24MAR06-B79.5,HIGHAUS-24MAR06,79-81F,79.0,79.0,81.0,between,between,0.03,0,82.94,no,0,1609,0.0,0.01
2024-03-06,HIGHAUS-24MAR06-B81.5,HIGHAUS-24MAR06,81-83F,81.0,81.0,83.0,between,between,0.03,0,82.94,no,0,2240,0.0,0.01
2024-03-06,HIGHAUS-24MAR06-B83.5,HIGHAUS-24MAR06,83-85F,83.0,83.0,85.0,between,between,0.56,1,82.94,yes,100,1867,0.97,1.0
2024-03-06,HIGHAUS-24MAR06-B85.5,HIGHAUS-24MAR06,85-87F,85.0,85.0,87.0,between,between,0.11,0,82.94,no,0,1778,0.0,0.03
2024-03-06,HIGHAUS-24MAR06-T86,HIGHAUS-24MAR06,Above 86F,86.0,86.0,,above,greater,0.01,0,82.94,no,0,888,0.0,0.03
2024-03-07,HIGHAUS-24MAR07-T73,HIGHAUS-24MAR07,Below 73F,73.0,,73.0,below,less,0.01,0,75.02,no,0,1631,0.0,0.01
2024-03-07,HIGHAUS-24MAR07-B73.5,HIGHAUS-24MAR07,73-75F,73.0,73.0,75.0,between,between,0.01,0,75.02,no,0,1538,0.0,0.01
2024-03-07,HIGHAUS-24MAR07-B75.5,HIGHAUS-24MAR07,75-77F,75.0,75.0,77.0,between,between,0.97,1,75.02,yes,100,636,0.97,1.0
2024-03-07,HIGHAUS-24MAR07-B77.5,HIGHAUS-24MAR07,77-79F,77.0,77.0,79.0,between,between,0.11,0,75.02,no,0,275,0.0,0.03
2024-03-07,HIGHAUS-24MAR07-B79.5,HIGHAUS-24MAR07,79-81F,79.0,79.0,81.0,between,between,0.0,0,75.02,no,0,0,0.0,0.03
2024-03-07,HIGHAUS-24MAR07-T80,HIGHAUS-24MAR07,Above 80F,80.0,80.0,,above,greater,0.0,0,75.02,no,0,0,0.0,0.03
2024-03-08,HIGHAUS-24MAR08-T77,HIGHAUS-24MAR08,Below 77F,77.0,,77.0,below,less,0.0,0,82.94,no,0,0,0.0,0.01
2024-03-08,HIGHAUS-24MAR08-B77.5,HIGHAUS-24MAR08,77-79F,77.0,77.0,79.0,between,between,0.08,0,82.94,no,0,1,0.0,0.01
2024-03-08,HIGHAUS-24MAR08-B79.5,HIGHAUS-24MAR08,79-81F,79.0,79.0,81.0,between,between,0.01,0,82.94,no,0,582,0.0,0.01
2024-03-08,HIGHAUS-24MAR08-B81.5,HIGHAUS-24MAR08,81-83F,81.0,81.0,83.0,between,between,0.01,0,82.94,no,0,1604,0.0,0.01
2024-03-08,HIGHAUS-24MAR08-B83.5,HIGHAUS-24MAR08,83-85F,83.0,83.0,85.0,between,between,0.97,1,82.94,yes,100,2536,0.99,1.0
2024-03-08,HIGHAUS-24MAR08-T84,HIGHAUS-24MAR08,Above 84F,84.0,84.0,,above,greater,0.3,0,82.94,no,0,2209,0.0,0.02
2024-03-09,HIGHAUS-24MAR09-T58,HIGHAUS-24MAR09,Below 58F,58.0,,58.0,below,less,0.0,0,62.06,no,0,0,0.0,0.01
2024-03-09,HIGHAUS-24MAR09-B58.5,HIGHAUS-24MAR09,58-60F,58.0,58.0,60.0,between,between,0.0,0,62.06,no,0,0,0.0,0.01
2024-03-09,HIGHAUS-24MAR09-B60.5,HIGHAUS-24MAR09,60-62F,60.0,60.0,62.0,between,between,0.22,0,62.06,no,0,20,0.0,0.01
2024-03-09,HIGHAUS-24MAR09-B62.5,HIGHAUS-24MAR09,62-64F,62.0,62.0,64.0,between,between,0.32,1,62.06,yes,100,842,0.98,1.0
2024-03-09,HIGHAUS-24MAR09-B64.5,HIGHAUS-24MAR09,64-66F,64.0,64.0,66.0,between,between,0.03,0,62.06,no,0,1097,0.0,0.03
2024-03-09,HIGHAUS-24MAR09-T65,HIGHAUS-24MAR09,Above 65F,65.0,65.0,,above,greater,0.12,0,62.06,no,0,540,0.0,0.03
2024-03-10,HIGHAUS-24MAR10-B61.5,HIGHAUS-24MAR10,61-63F,61.0,61.0,63.0,between,between,0.0,0,66.92,no,0,0,0.0,0.01
2024-03-10,HIGHAUS-24MAR10-T61,HIGHAUS-24MAR10,Below 61F,61.0,,61.0,below,less,0.0,0,66.92,no,0,0,0.0,0.01
2024-03-10,HIGHAUS-24MAR10-B63.5,HIGHAUS-24MAR10,63-65F,63.0,63.0,65.0,between,between,0.03,0,66.92,no,0,381,0.0,0.01
2024-03-10,HIGHAUS-24MAR10-B65.5,HIGHAUS-24MAR10,65-67F,65.0,65.0,67.0,between,between,0.03,0,66.92,no,0,1667,0.0,0.01
2024-03-10,HIGHAUS-24MAR10-B67.5,HIGHAUS-24MAR10,67-69F,67.0,67.0,69.0,between,between,0.97,1,66.92,yes,100,1126,0.97,1.0
2024-03-10,HIGHAUS-24MAR10-T68,HIGHAUS-24MAR10,Above 68F,68.0,68.0,,above,greater,0.03,0,66.92,no,0,1765,0.0,0.03
2024-03-11,HIGHAUS-24MAR11-B68.5,HIGHAUS-24MAR11,68-70F,68.0,68.0,70.0,between,between,0.0,0,73.04,no,0,0,0.0,0.01
2024-03-11,HIGHAUS-24MAR11-T68,HIGHAUS-24MAR11,Below 68F,68.0,,68.0,below,less,0.0,0,73.04,no,0,0,0.0,0.01
2024-03-11,HIGHAUS-24MAR11-B70.5,HIGHAUS-24MAR11,70-72F,70.0,70.0,72.0,between,between,0.01,0,73.04,no,0,621,0.0,0.01
2024-03-11,HIGHAUS-24MAR11-B72.5,HIGHAUS-24MAR11,72-74F,72.0,72.0,74.0,between,between,0.5,1,73.04,yes,100,913,0.97,1.0
2024-03-11,HIGHAUS-24MAR11-B74.5,HIGHAUS-24MAR11,74-76F,74.0,74.0,76.0,between,between,0.01,0,73.04,no,0,2073,0.0,0.01
2024-03-11,HIGHAUS-24MAR11-T75,HIGHAUS-24MAR11,Above 75F,75.0,75.0,,above,greater,0.02,0,73.04,no,0,1036,0.0,0.01
2024-03-12,HIGHAUS-24MAR12-B72.5,HIGHAUS-24MAR12,72-74F,72.0,72.0,74.0,between,between,0.0,0,77.0,no,0,0,0.0,0.01
2024-03-12,HIGHAUS-24MAR12-T72,HIGHAUS-24MAR12,Below 72F,72.0,,72.0,below,less,0.0,0,77.0,no,0,0,0.0,0.01
2024-03-12,HIGHAUS-24MAR12-B74.5,HIGHAUS-24MAR12,74-76F,74.0,74.0,76.0,between,between,0.01,0,77.0,no,0,894,0.0,0.01
2024-03-12,HIGHAUS-24MAR12-B76.5,HIGHAUS-24MAR12,76-78F,76.0,76.0,78.0,between,between,0.45,1,77.0,yes,100,212,0.97,1.0
2024-03-12,HIGHAUS-24MAR12-B78.5,HIGHAUS-24MAR12,78-80F,78.0,78.0,80.0,between,between,0.56,0,77.0,no,0,1504,0.0,0.01
2024-03-12,HIGHAUS-24MAR12-T79,HIGHAUS-24MAR12,Above 79F,79.0,79.0,,above,greater,0.14,0,77.0,no,0,581,0.0,0.03
2024-03-13,HIGHAUS-24MAR13-B78.5,HIGHAUS-24MAR13,78-80F,78.0,78.0,80.0,between,between,0.05,0,84.02,no,0,1110,0.0,0.01
2024-03-13,HIGHAUS-24MAR13-T78,HIGHAUS-24MAR13,Below 78F,78.0,,78.0,below,less,0.03,0,84.02,no,0,1245,0.0,0.01
2024-03-13,HIGHAUS-24MAR13-B80.5,HIGHAUS-24MAR13,80-82F,80.0,80.0,82.0,between,between,0.01,0,84.02,no,0,2063,0.0,0.01
2024-03-13,HIGHAUS-24MAR13-B82.5,HIGHAUS-24MAR13,82-84F,82.0,82.0,84.0,between,between,0.01,0,84.02,no,0,3063,0.0,0.01
2024-03-13,HIGHAUS-24MAR13-B84.5,HIGHAUS-24MAR13,84-86F,84.0,84.0,86.0,between,between,0.56,1,84.02,yes,100,717,0.97,1.0
2024-03-13,HIGHAUS-24MAR13-T85,HIGHAUS-24MAR13,Above 85F,85.0,85.0,,above,greater,0.16,0,84.02,no,0,339,0.0,0.03
2024-03-14,HIGHAUS-24MAR14-B76.5,HIGHAUS-24MAR14,76-78F,76.0,76.0,78.0,between,between,0.08,0,80.06,no,0,387,0.0,0.01
2024-03-14,HIGHAUS-24MAR14-T76,HIGHAUS-24MAR14,Below 76F,76.0,,76.0,below,less,0.0,0,80.06,no,0,0,0.0,0.01
2024-03-14,HIGHAUS-24MAR14-B78.5,HIGHAUS-24MAR14,78-80F,78.0,78.0,80.0,between,between,0.22,0,80.06,no,0,1384,0.0,0.01
2024-03-14,HIGHAUS-24MAR14-B80.5,HIGHAUS-24MAR14,80-82F,80.0,80.0,82.0,between,between,0.99,1,80.06,yes,100,1262,0.97,1.0
2024-03-14,HIGHAUS-24MAR14-B82.5,HIGHAUS-24MAR14,82-84F,82.0,82.0,84.0,between,between,0.99,0,80.06,no,0,1424,0.0,0.03
2024-03-14,HIGHAUS-24MAR14-T83,HIGHAUS-24MAR14,Above 83F,83.0,83.0,,above,greater,0.03,0,80.06,no,0,972,0.0,0.03
2024-03-15,HIGHAUS-24MAR15-T71,HIGHAUS-24MAR15,Below 71F,71.0,,71.0,below,less,0.0,0,75.92,no,0,0,0.0,0.01
2024-03-15,HIGHAUS-24MAR15-B71.5,HIGHAUS-24MAR15,71-73F,71.0,71.0,73.0,between,between,0.12,0,75.92,no,0,11,0.0,0.01
2024-03-15,HIGHAUS-24MAR15-B73.5,HIGHAUS-24MAR15,73-75F,73.0,73.0,75.0,between,between,0.01,0,75.92,no,0,247,0.0,0.01
2024-03-15,HIGHAUS-24MAR15-B75.5,HIGHAUS-24MAR15,75-77F,75.0,75.0,77.0,between,between,0.49,1,75.92,yes,100,1357,0.97,1.0
2024-03-15,HIGHAUS-24MAR15-B77.5,HIGHAUS-24MAR15,77-79F,77.0,77.0,79.0,between,between,0.03,0,75.92,no,0,3082,0.0,0.03
2024-03-15,HIGHAUS-24MAR15-T78,HIGHAUS-24MAR15,Above 78F,78.0,78.0,,above,greater,0.07,0,75.92,no,0,3018,0.0,0.03
2024-03-16,HIGHAUS-24MAR16-B66.5,HIGHAUS-24MAR16,66-68F,66.0,66.0,68.0,between,between,0.11,0,75.02,no,0,15,0.0,0.01
2024-03-16,HIGHAUS-24MAR16-T66,HIGHAUS-24MAR16,Below 66F,66.0,,66.0,below,less,0.01,0,75.02,no,0,219,0.0,0.01
2024-03-16,HIGHAUS-24MAR16-B68.5,HIGHAUS-24MAR16,68-70F,68.0,68.0,70.0,between,between,0.01,0,75.02,no,0,1079,0.0,0.01
2024-03-16,HIGHAUS-24MAR16-B70.5,HIGHAUS-24MAR16,70-72F,70.0,70.0,72.0,between,between,0.01,0,75.02,no,0,1225,0.0,0.01
2024-03-16,HIGHAUS-24MAR16-B72.5,HIGHAUS-24MAR16,72-74F,72.0,72.0,74.0,between,between,0.94,0,75.02,no,0,2187,0.0,0.01
2024-03-16,HIGHAUS-24MAR16-T73,HIGHAUS-24MAR16,Above 73F,73.0,73.0,,above,greater,0.02,1,75.02,yes,100,3442,0.99,1.0
2024-03-17,HIGHAUS-24MAR17-T65,HIGHAUS-24MAR17,Below 65F,65.0,,65.0,below,less,0.01,0,66.02,no,0,785,0.0,0.01
2024-03-17,HIGHAUS-24MAR17-B65.5,HIGHAUS-24MAR17,65-67F,65.0,65.0,67.0,between,between,0.99,1,66.02,yes,100,1219,0.98,1.0
2024-03-17,HIGHAUS-24MAR17-B67.5,HIGHAUS-24MAR17,67-69F,67.0,67.0,69.0,between,between,0.55,0,66.02,no,0,1187,0.0,0.03
2024-03-17,HIGHAUS-24MAR17-B69.5,HIGHAUS-24MAR17,69-71F,69.0,69.0,71.0,between,between,0.03,0,66.02,no,0,1998,0.0,0.03
2024-03-17,HIGHAUS-24MAR17-B71.5,HIGHAUS-24MAR17,71-73F,71.0,71.0,73.0,between,between,0.15,0,66.02,no,0,1645,0.0,0.03
2024-03-17,HIGHAUS-24MAR17-T72,HIGHAUS-24MAR17,Above 72F,72.0,72.0,,above,greater,0.01,0,66.02,no,0,789,0.0,0.03
2024-03-18,HIGHAUS-24MAR18-T65,HIGHAUS-24MAR18,Below 65F,65.0,,65.0,below,less,0.03,0,64.94,no,0,2361,0.0,0.03
2024-03-18,HIGHAUS-24MAR18-B65.5,HIGHAUS-24MAR18,65-67F,65.0,65.0,67.0,between,between,0.97,1,64.94,yes,100,2309,0.97,1.0
2024-03-18,HIGHAUS-24MAR18-B67.5,HIGHAUS-24MAR18,67-69F,67.0,67.0,69.0,between,between,0.15,0,64.94,no,0,1305,0.0,0.03
2024-03-18,HIGHAUS-24MAR18-B69.5,HIGHAUS-24MAR18,69-71F,69.0,69.0,71.0,between,between,0.01,0,64.94,no,0,685,0.0,0.03
2024-03-18,HIGHAUS-24MAR18-B71.5,HIGHAUS-24MAR18,71-73F,71.0,71.0,73.0,between,between,0.49,0,64.94,no,0,150,0.0,0.03
2024-03-18,HIGHAUS-24MAR18-T72,HIGHAUS-24MAR18,Above 72F,72.0,72.0,,above,greater,0.0,0,64.94,no,0,0,0.0,0.03
2024-03-19,HIGHAUS-24MAR19-B59.5,HIGHAUS-24MAR19,59-61F,59.0,59.0,61.0,between,between,0.01,0,66.02,no,0,39,0.0,0.01
2024-03-19,HIGHAUS-24MAR19-T59,HIGHAUS-24MAR19,Below 59F,59.0,,59.0,below,less,0.0,0,66.02,no,0,0,0.0,0.01
2024-03-19,HIGHAUS-24MAR19-B61.5,HIGHAUS-24MAR19,61-63F,61.0,61.0,63.0,between,between,0.2,0,66.02,no,0,770,0.0,0.01
2024-03-19,HIGHAUS-24MAR19-B63.5,HIGHAUS-24MAR19,63-65F,63.0,63.0,65.0,between,between,0.22,0,66.02,no,0,1033,0.0,0.01
2024-03-19,HIGHAUS-24MAR19-B65.5,HIGHAUS-24MAR19,65-67F,65.0,65.0,67.0,between,between,0.07,1,66.02,yes,100,671,0.98,1.0
2024-03-19,HIGHAUS-24MAR19-T66,HIGHAUS-24MAR19,Above 66F,66.0,66.0,,above,greater,0.22,0,66.02,no,0,1089,0.0,0.02
2024-03-20,HIGHAUS-24MAR20-T63,HIGHAUS-24MAR20,Below 63F,63.0,,63.0,below,less,0.01,0,66.92,no,0,1450,0.0,0.01
2024-03-20,HIGHAUS-24MAR20-B63.5,HIGHAUS-24MAR20,63-65F,63.0,63.0,65.0,between,between,0.01,0,66.92,no,0,1285,0.0,0.01
2024-03-20,HIGHAUS-24MAR20-B65.5,HIGHAUS-24MAR20,65-67F,65.0,65.0,67.0,between,between,0.01,0,66.92,no,0,2862,0.0,0.01
2024-03-20,HIGHAUS-24MAR20-B67.5,HIGHAUS-24MAR20,67-69F,67.0,67.0,69.0,between,between,0.51,1,66.92,yes,100,736,0.97,1.0
2024-03-20,HIGHAUS-24MAR20-B69.5,HIGHAUS-24MAR20,69-71F,69.0,69.0,71.0,between,between,0.03,0,66.92,no,0,1606,0.0,0.03
2024-03-20,HIGHAUS-24MAR20-T70,HIGHAUS-24MAR20,Above 70F,70.0,70.0,,above,greater,0.06,0,66.92,no,0,429,0.0,0.03
2024-03-21,HIGHAUS-24MAR21-B68.5,HIGHAUS-24MAR21,68-70F,68.0,68.0,70.0,between,between,0.4,0,64.04,no,0,1237,0.0,0.03
2024-03-21,HIGHAUS-24MAR21-T68,HIGHAUS-24MAR21,Below 68F,68.0,,68.0,below,less,0.99,1,64.04,yes,100,1549,0.98,1.0
2024-03-21,HIGHAUS-24MAR21-B70.5,HIGHAUS-24MAR21,70-72F,70.0,70.0,72.0,between,between,0.37,0,64.04,no,0,730,0.0,0.03
2024-03-21,HIGHAUS-24MAR21-B72.5,HIGHAUS-24MAR21,72-74F,72.0,72.0,74.0,between,between,0.03,0,64.04,no,0,47,0.0,0.03
2024-03-21,HIGHAUS-24MAR21-B74.5,HIGHAUS-24MAR21,74-76F,74.0,74.0,76.0,between,between,0.0,0,64.04,no,0,0,0.0,0.03
2024-03-21,HIGHAUS-24MAR21-T75,HIGHAUS-24MAR21,Above 75F,75.0,75.0,,above,greater,0.0,0,64.04,no,0,0,0.0,0.03
2024-03-22,HIGHAUS-24MAR22-T72,HIGHAUS-24MAR22,Below 72F,72.0,,72.0,below,less,0.0,0,78.98,no,0,0,0.0,0.01
2024-03-22,HIGHAUS-24MAR22-B72.5,HIGHAUS-24MAR22,72-74F,72.0,72.0,74.0,between,between,0.01,0,78.98,no,0,10,0.0,0.01
2024-03-22,HIGHAUS-24MAR22-B74.5,HIGHAUS-24MAR22,74-76F,74.0,74.0,76.0,between,between,0.01,0,78.98,no,0,78,0.0,0.01
2024-03-22,HIGHAUS-24MAR22-B76.5,HIGHAUS-24MAR22,76-78F,76.0,76.0,78.0,between,between,0.01,0,78.98,no,0,1991,0.0,0.01
2024-03-22,HIGHAUS-24MAR22-B78.5,HIGHAUS-24MAR22,78-80F,78.0,78.0,80.0,between,between,0.97,1,78.98,yes,100,988,0.97,1.0
2024-03-22,HIGHAUS-24MAR22-T79,HIGHAUS-24MAR22,Above 79F,79.0,79.0,,above,greater,0.03,0,78.98,no,0,1123,0.0,0.03
2024-03-23,HIGHAUS-24MAR23-T70,HIGHAUS-24MAR23,Below 70F,70.0,,70.0,below,less,0.0,0,73.04,no,0,0,0.0,0.03
2024-03-23,HIGHAUS-24MAR23-B70.5,HIGHAUS-24MAR23,70-72F,70.0,70.0,72.0,between,between,0.03,0,73.04,no,0,329,0.0,0.03
2024-03-23,HIGHAUS-24MAR23-B72.5,HIGHAUS-24MAR23,72-74F,72.0,72.0,74.0,between,between,0.97,1,73.04,yes,100,796,0.97,1.0
2024-03-23,HIGHAUS-24MAR23-B74.5,HIGHAUS-24MAR23,74-76F,74.0,74.0,76.0,between,between,0.01,0,73.04,no,0,1378,0.0,0.01
2024-03-23,HIGHAUS-24MAR23-B76.5,HIGHAUS-24MAR23,76-78F,76.0,76.0,78.0,between,between,0.09,0,73.04,no,0,259,0.0,0.03
2024-03-23,HIGHAUS-24MAR23-T77,HIGHAUS-24MAR23,Above 77F,77.0,77.0,,above,greater,0.0,0,73.04,no,0,0,0.0,0.03
2024-03-24,HIGHAUS-24MAR24-B70.5,HIGHAUS-24MAR24,70-72F,70.0,70.0,72.0,between,between,0.01,0,73.04,no,0,800,0.0,0.01
2024-03-24,HIGHAUS-24MAR24-T70,HIGHAUS-24MAR24,Below 70F,70.0,,70.0,below,less,0.15,0,73.04,no,0,116,0.0,0.01
2024-03-24,HIGHAUS-24MAR24-B72.5,HIGHAUS-24MAR24,72-74F,72.0,72.0,74.0,between,between,0.96,1,73.04,yes,100,1735,0.97,1.0
2024-03-24,HIGHAUS-24MAR24-B74.5,HIGHAUS-24MAR24,74-76F,74.0,74.0,76.0,between,between,0.48,0,73.04,no,0,574,0.0,0.03
2024-03-24,HIGHAUS-24MAR24-B76.5,HIGHAUS-24MAR24,76-78F,76.0,76.0,78.0,between,between,0.18,0,73.04,no,0,29,0.0,0.03
2024-03-24,HIGHAUS-24MAR24-T77,HIGHAUS-24MAR24,Above 77F,77.0,77.0,,above,greater,0.21,0,73.04,no,0,10,0.0,0.03
2024-03-25,HIGHAUS-24MAR25-B72.5,HIGHAUS-24MAR25,72-74F,72.0,72.0,74.0,between,between,0.01,0,78.98,no,0,62,0.0,0.01
2024-03-25,HIGHAUS-24MAR25-T72,HIGHAUS-24MAR25,Below 72F,72.0,,72.0,below,less,0.0,0,78.98,no,0,0,0.0,0.01
2024-03-25,HIGHAUS-24MAR25-B74.5,HIGHAUS-24MAR25,74-76F,74.0,74.0,76.0,between,between,0.06,0,78.98,no,0,54,0.0,0.01
2024-03-25,HIGHAUS-24MAR25-B76.5,HIGHAUS-24MAR25,76-78F,76.0,76.0,78.0,between,between,0.01,0,78.98,no,0,10882,0.0,0.01
2024-03-25,HIGHAUS-24MAR25-B78.5,HIGHAUS-24MAR25,78-80F,78.0,78.0,80.0,between,between,0.97,1,78.98,yes,100,1156,0.97,1.0
2024-03-25,HIGHAUS-24MAR25-T79,HIGHAUS-24MAR25,Above 79F,79.0,79.0,,above,greater,0.03,0,78.98,no,0,1652,0.0,0.03
2024-03-26,HIGHAUS-24MAR26-T63,HIGHAUS-24MAR26,Below 63F,63.0,,63.0,below,less,0.0,0,66.02,no,0,0,0.0,0.01
2024-03-26,HIGHAUS-24MAR26-B63.5,HIGHAUS-24MAR26,63-65F,63.0,63.0,65.0,between,between,0.0,0,66.02,no,0,0,0.0,0.01
2024-03-26,HIGHAUS-24MAR26-B65.5,HIGHAUS-24MAR26,65-67F,65.0,65.0,67.0,between,between,0.99,1,66.02,yes,100,521,0.97,1.0
2024-03-26,HIGHAUS-24MAR26-B67.5,HIGHAUS-24MAR26,67-69F,67.0,67.0,69.0,between,between,0.03,0,66.02,no,0,1529,0.0,0.03
2024-03-26,HIGHAUS-24MAR26-B69.5,HIGHAUS-24MAR26,69-71F,69.0,69.0,71.0,between,between,0.03,0,66.02,no,0,1165,0.0,0.03
2024-03-26,HIGHAUS-24MAR26-T70,HIGHAUS-24MAR26,Above 70F,70.0,70.0,,above,greater,0.3,0,66.02,no,0,1193,0.0,0.01
2024-03-27,HIGHAUS-24MAR27-B68.5,HIGHAUS-24MAR27,68-70F,68.0,68.0,70.0,between,between,0.38,0,66.92,no,0,1575,0.0,0.01
2024-03-27,HIGHAUS-24MAR27-T68,HIGHAUS-24MAR27,Below 68F,68.0,,68.0,below,less,0.15,1,66.92,yes,100,1155,0.97,1.0
2024-03-27,HIGHAUS-24MAR27-B70.5,HIGHAUS-24MAR27,70-72F,70.0,70.0,72.0,between,between,0.03,0,66.92,no,0,619,0.0,0.15
2024-03-27,HIGHAUS-24MAR27-B72.5,HIGHAUS-24MAR27,72-74F,72.0,72.0,74.0,between,between,0.06,0,66.92,no,0,1026,0.0,0.01
2024-03-27,HIGHAUS-24MAR27-B74.5,HIGHAUS-24MAR27,74-76F,74.0,74.0,76.0,between,between,0.0,0,66.92,no,0,0,0.0,0.03
2024-03-27,HIGHAUS-24MAR27-T75,HIGHAUS-24MAR27,Above 75F,75.0,75.0,,above,greater,0.0,0,66.92,no,0,0,0.0,0.03
2024-03-28,HIGHAUS-24MAR28-T73,HIGHAUS-24MAR28,Below 73F,73.0,,73.0,below,less,0.03,0,75.92,no,0,500,0.0,0.01
2024-03-28,HIGHAUS-24MAR28-B73.5,HIGHAUS-24MAR28,73-75F,73.0,73.0,75.0,between,between,0.01,0,75.92,no,0,917,0.0,0.01
2024-03-28,HIGHAUS-24MAR28-B75.5,HIGHAUS-24MAR28,75-77F,75.0,75.0,77.0,between,between,0.23,1,75.92,yes,100,1313,0.75,1.0
2024-03-28,HIGHAUS-24MAR28-B77.5,HIGHAUS-24MAR28,77-79F,77.0,77.0,79.0,between,between,0.56,0,75.92,no,0,1037,0.0,0.25
2024-03-28,HIGHAUS-24MAR28-B79.5,HIGHAUS-24MAR28,79-81F,79.0,79.0,81.0,between,between,0.07,0,75.92,no,0,519,0.0,0.49
2024-03-28,HIGHAUS-24MAR28-T80,HIGHAUS-24MAR28,Above 80F,80.0,80.0,,above,greater,0.01,0,75.92,no,0,20,0.0,0.21
2024-03-29,HIGHAUS-24MAR29-T74,HIGHAUS-24MAR29,Below 74F,74.0,,74.0,below,less,0.01,0,78.08,no,0,755,0.0,0.01
2024-03-29,HIGHAUS-24MAR29-B74.5,HIGHAUS-24MAR29,74-76F,74.0,74.0,76.0,between,between,0.16,0,78.08,no,0,11,0.0,0.01
2024-03-29,HIGHAUS-24MAR29-B76.5,HIGHAUS-24MAR29,76-78F,76.0,76.0,78.0,between,between,0.24,0,78.08,no,0,626,0.0,0.01
2024-03-29,HIGHAUS-24MAR29-B78.5,HIGHAUS-24MAR29,78-80F,78.0,78.0,80.0,between,between,0.5,1,78.08,yes,100,1473,0.97,1.0
2024-03-29,HIGHAUS-24MAR29-B80.5,HIGHAUS-24MAR29,80-82F,80.0,80.0,82.0,between,between,0.11,0,78.08,no,0,1393,0.0,0.01
2024-03-29,HIGHAUS-24MAR29-T81,HIGHAUS-24MAR29,Above 81F,81.0,81.0,,above,greater,0.04,0,78.08,no,0,875,0.0,0.03
2024-03-30,HIGHAUS-24MAR30-B75.5,HIGHAUS-24MAR30,75-77F,75.0,75.0,77.0,between,between,0.03,0,77.0,no,0,1010,0.0,0.01
2024-03-30,HIGHAUS-24MAR30-T75,HIGHAUS-24MAR30,Below 75F,75.0,,75.0,below,less,0.0,0,77.0,no,0,0,0.0,0.01
2024-03-30,HIGHAUS-24MAR30-B77.5,HIGHAUS-24MAR30,77-79F,77.0,77.0,79.0,between,between,0.6,1,77.0,yes,100,1079,0.6,1.0
2024-03-30,HIGHAUS-24MAR30-B79.5,HIGHAUS-24MAR30,79-81F,79.0,79.0,81.0,between,between,0.64,0,77.0,no,0,962,0.0,0.4
2024-03-30,HIGHAUS-24MAR30-B81.5,HIGHAUS-24MAR30,81-83F,81.0,81.0,83.0,between,between,0.03,0,77.0,no,0,1616,0.0,0.03
2024-03-30,HIGHAUS-24MAR30-T82,HIGHAUS-24MAR30,Above 82F,82.0,82.0,,above,greater,0.03,0,77.0,no,0,811,0.01,0.03
2024-03-31,HIGHAUS-24MAR31-B79.5,HIGHAUS-24MAR31,79-81F,79.0,79.0,81.0,between,between,0.99,1,79.0,yes,100,562,0.97,1.0
2024-03-31,HIGHAUS-24MAR31-T79,HIGHAUS-24MAR31,Below 79F,79.0,,79.0,below,less,0.12,0,79.0,no,0,325,0.0,0.01
2024-03-31,HIGHAUS-24MAR31-B81.5,HIGHAUS-24MAR31,81-83F,81.0,81.0,83.0,between,between,0.47,0,79.0,no,0,744,0.0,0.01
2024-03-31,HIGHAUS-24MAR31-B83.5,HIGHAUS-24MAR31,83-85F,83.0,83.0,85.0,between,between,0.47,0,79.0,no,0,1315,0.0,0.03
2024-03-31,HIGHAUS-24MAR31-B85.5,HIGHAUS-24MAR31,85-87F,85.0,85.0,87.0,between,between,0.33,0,79.0,no,0,469,0.0,0.03
2024-03-31,HIGHAUS-24MAR31-T86,HIGHAUS-24MAR31,Above 86F,86.0,86.0,,above,greater,0.24,0,79.0,no,0,544,0.0,0.03
2024-04-01,HIGHAUS-24APR01-T83,HIGHAUS-24APR01,Below 83F,83.0,,83.0,below,less,0.99,1,82.0,yes,100,2148,0.97,1.0
2024-04-01,HIGHAUS-24APR01-B83.5,HIGHAUS-24APR01,83-85F,83.0,83.0,85.0,between,between,0.01,0,82.0,no,0,1981,0.0,0.01
2024-04-01,HIGHAUS-24APR01-B85.5,HIGHAUS-24APR01,85-87F,85.0,85.0,87.0,between,between,0.03,0,82.0,no,0,1467,0.0,0.02
2024-04-01,HIGHAUS-24APR01-B87.5,HIGHAUS-24APR01,87-89F,87.0,87.0,89.0,between,between,0.02,0,82.0,no,0,1487,0.0,0.02
2024-04-01,HIGHAUS-24APR01-B89.5,HIGHAUS-24APR01,89-91F,89.0,89.0,91.0,between,between,0.01,0,82.0,no,0,500,0.0,0.01
2024-04-01,HIGHAUS-24APR01-T90,HIGHAUS-24APR01,Above 90F,90.0,90.0,,above,greater,0.01,0,82.0,no,0,327,0.0,0.01
2024-04-02,HIGHAUS-24APR02-B75.5,HIGHAUS-24APR02,75-77F,75.0,75.0,77.0,between,between,0.97,1,75.0,yes,100,1545,0.97,1.0
2024-04-02,HIGHAUS-24APR02-T75,HIGHAUS-24APR02,Below 75F,75.0,,75.0,below,less,0.01,0,75.0,no,0,2629,0.0,0.01
2024-04-02,HIGHAUS-24APR02-B77.5,HIGHAUS-24APR02,77-79F,77.0,77.0,79.0,between,between,0.6,0,75.0,no,0,1901,0.0,0.02
2024-04-02,HIGHAUS-24APR02-B79.5,HIGHAUS-24APR02,79-81F,79.0,79.0,81.0,between,between,0.01,0,75.0,no,0,1083,0.0,0.03
2024-04-02,HIGHAUS-24APR02-B81.5,HIGHAUS-24APR02,81-83F,81.0,81.0,83.0,between,between,0.05,0,75.0,no,0,126,0.0,0.03
2024-04-02,HIGHAUS-24APR02-T82,HIGHAUS-24APR02,Above 82F,82.0,82.0,,above,greater,0.03,0,75.0,no,0,156,0.0,0.03
2024-04-03,HIGHAUS-24APR03-B72.5,HIGHAUS-24APR03,72-74F,72.0,72.0,74.0,between,between,0.0,0,80.96,no,0,0,0.0,0.01
2024-04-03,HIGHAUS-24APR03-T72,HIGHAUS-24APR03,Below 72F,72.0,,72.0,below,less,0.0,0,80.96,no,0,0,0.0,0.01
2024-04-03,HIGHAUS-24APR03-B74.5,HIGHAUS-24APR03,74-76F,74.0,74.0,76.0,between,between,0.0,0,80.96,no,0,0,0.0,0.01
2024-04-03,HIGHAUS-24APR03-B76.5,HIGHAUS-24APR03,76-78F,76.0,76.0,78.0,between,between,0.01,0,80.96,no,0,1310,0.0,0.01
2024-04-03,HIGHAUS-24APR03-B78.5,HIGHAUS-24APR03,78-80F,78.0,78.0,80.0,between,between,0.01,0,80.96,no,0,1662,0.0,0.01
2024-04-03,HIGHAUS-24APR03-T79,HIGHAUS-24APR03,Above 79F,79.0,79.0,,above,greater,0.82,1,80.96,yes,100,1496,0.99,1.0
2024-04-04,HIGHAUS-24APR04-B80.5,HIGHAUS-24APR04,80-82F,80.0,80.0,82.0,between,between,0.0,0,86.0,no,0,0,0.0,0.01
2024-04-04,HIGHAUS-24APR04-T80,HIGHAUS-24APR04,Below 80F,80.0,,80.0,below,less,0.01,0,86.0,no,0,4510,0.0,0.01
2024-04-04,HIGHAUS-24APR04-B82.5,HIGHAUS-24APR04,82-84F,82.0,82.0,84.0,between,between,0.02,0,86.0,no,0,266,0.0,0.01
2024-04-04,HIGHAUS-24APR04-B84.5,HIGHAUS-24APR04,84-86F,84.0,84.0,86.0,between,between,0.01,0,86.0,no,0,2229,0.0,0.01
2024-04-04,HIGHAUS-24APR04-B86.5,HIGHAUS-24APR04,86-88F,86.0,86.0,88.0,between,between,0.99,1,86.0,yes,100,1962,0.97,1.0
2024-04-04,HIGHAUS-24APR04-T87,HIGHAUS-24APR04,Above 87F,87.0,87.0,,above,greater,0.01,0,86.0,no,0,640,0.0,0.03
2024-04-05,HIGHAUS-24APR05-B81.5,HIGHAUS-24APR05,81-83F,81.0,81.0,83.0,between,between,0.01,0,84.91999999999999,no,0,1055,0.0,0.01
2024-04-05,HIGHAUS-24APR05-T81,HIGHAUS-24APR05,Below 81F,81.0,,81.0,below,less,0.01,0,84.91999999999999,no,0,10,0.0,0.01
2024-04-05,HIGHAUS-24APR05-B83.5,HIGHAUS-24APR05,83-85F,83.0,83.0,85.0,between,between,0.01,0,84.91999999999999,no,0,1521,0.0,0.01
2024-04-05,HIGHAUS-24APR05-B85.5,HIGHAUS-24APR05,85-87F,85.0,85.0,87.0,between,between,0.97,1,84.91999999999999,yes,100,2102,0.99,1.0
2024-04-05,HIGHAUS-24APR05-B87.5,HIGHAUS-24APR05,87-89F,87.0,87.0,89.0,between,between,0.03,0,84.91999999999999,no,0,1492,0.0,0.03
2024-04-05,HIGHAUS-24APR05-T88,HIGHAUS-24APR05,Above 88F,88.0,88.0,,above,greater,0.01,0,84.91999999999999,no,0,16,0.0,0.01
2024-04-06,HIGHAUS-24APR06-B75.5,HIGHAUS-24APR06,75-77F,75.0,75.0,77.0,between,between,0.01,0,78.98,no,0,1712,0.0,0.01
2024-04-06,HIGHAUS-24APR06-T75,HIGHAUS-24APR06,Below 75F,75.0,,75.0,below,less,0.01,0,78.98,no,0,1812,0.0,0.01
2024-04-06,HIGHAUS-24APR06-B77.5,HIGHAUS-24APR06,77-79F,77.0,77.0,79.0,between,between,0.01,0,78.98,no,0,3251,0.0,0.01
2024-04-06,HIGHAUS-24APR06-B79.5,HIGHAUS-24APR06,79-81F,79.0,79.0,81.0,between,between,0.97,1,78.98,yes,100,3386,0.97,1.0
2024-04-06,HIGHAUS-24APR06-B81.5,HIGHAUS-24APR06,81-83F,81.0,81.0,83.0,between,between,0.03,0,78.98,no,0,930,0.0,0.03
2024-04-06,HIGHAUS-24APR06-T82,HIGHAUS-24APR06,Above 82F,82.0,82.0,,above,greater,0.01,0,78.98,no,0,408,0.0,0.03
2024-04-07,HIGHAUS-24APR07-T78,HIGHAUS-24APR07,Below 78F,78.0,,78.0,below,less,0.01,0,80.96,no,0,134,0.0,0.01
2024-04-07,HIGHAUS-24APR07-B78.5,HIGHAUS-24APR07,78-80F,78.0,78.0,80.0,between,between,0.01,0,80.96,no,0,186,0.0,0.01
2024-04-07,HIGHAUS-24APR07-B80.5,HIGHAUS-24APR07,80-82F,80.0,80.0,82.0,between,between,0.97,1,80.96,yes,100,851,0.97,1.0
2024-04-07,HIGHAUS-24APR07-B82.5,HIGHAUS-24APR07,82-84F,82.0,82.0,84.0,between,between,0.01,0,80.96,no,0,948,0.0,0.01
2024-04-07,HIGHAUS-24APR07-B84.5,HIGHAUS-24APR07,84-86F,84.0,84.0,86.0,between,between,0.13,0,80.96,no,0,811,0.0,0.03
2024-04-07,HIGHAUS-24APR07-T85,HIGHAUS-24APR07,Above 85F,85.0,85.0,,above,greater,0.01,0,80.96,no,0,347,0.0,0.02
2024-04-08,HIGHAUS-24APR08-T77,HIGHAUS-24APR08,Below 77F,77.0,,77.0,below,less,0.01,0,80.06,no,0,66,0.0,0.01
2024-04-08,HIGHAUS-24APR08-B77.5,HIGHAUS-24APR08,77-79F,77.0,77.0,79.0,between,between,0.01,0,80.06,no,0,2615,0.0,0.01
2024-04-08,HIGHAUS-24APR08-B79.5,HIGHAUS-24APR08,79-81F,79.0,79.0,81.0,between,between,0.98,1,80.06,yes,100,2019,0.98,1.0
2024-04-08,HIGHAUS-24APR08-B81.5,HIGHAUS-24APR08,81-83F,81.0,81.0,83.0,between,between,0.02,0,80.06,no,0,1400,0.0,0.02
2024-04-08,HIGHAUS-24APR08-B83.5,HIGHAUS-24APR08,83-85F,83.0,83.0,85.0,between,between,0.02,0,80.06,no,0,1059,0.0,0.02
2024-04-08,HIGHAUS-24APR08-T84,HIGHAUS-24APR08,Above 84F,84.0,84.0,,above,greater,0.2,0,80.06,no,0,623,0.0,0.01
2024-04-09,HIGHAUS-24APR09-T76,HIGHAUS-24APR09,Below 76F,76.0,,76.0,below,less,0.21,0,84.91999999999999,no,0,11,0.0,0.01
2024-04-09,HIGHAUS-24APR09-B76.5,HIGHAUS-24APR09,76-78F,76.0,76.0,78.0,between,between,0.01,0,84.91999999999999,no,0,1264,0.0,0.01
2024-04-09,HIGHAUS-24APR09-B78.5,HIGHAUS-24APR09,78-80F,78.0,78.0,80.0,between,between,0.01,0,84.91999999999999,no,0,1261,0.0,0.01
2024-04-09,HIGHAUS-24APR09-B80.5,HIGHAUS-24APR09,80-82F,80.0,80.0,82.0,between,between,0.01,0,84.91999999999999,no,0,1716,0.0,0.01
2024-04-09,HIGHAUS-24APR09-B82.5,HIGHAUS-24APR09,82-84F,82.0,82.0,84.0,between,between,0.01,0,84.91999999999999,no,0,1888,0.0,0.01
2024-04-09,HIGHAUS-24APR09-T83,HIGHAUS-24APR09,Above 83F,83.0,83.0,,above,greater,0.99,1,84.91999999999999,yes,100,2676,0.99,1.0
2024-04-10,HIGHAUS-24APR10-B71.5,HIGHAUS-24APR10,71-73F,71.0,71.0,73.0,between,between,0.38,0,69.98,no,0,1885,0.0,0.01
2024-04-10,HIGHAUS-24APR10-T71,HIGHAUS-24APR10,Below 71F,71.0,,71.0,below,less,0.14,1,69.98,yes,100,2412,0.99,1.0
2024-04-10,HIGHAUS-24APR10-B73.5,HIGHAUS-24APR10,73-75F,73.0,73.0,75.0,between,between,0.01,0,69.98,no,0,597,0.0,0.02
2024-04-10,HIGHAUS-24APR10-B75.5,HIGHAUS-24APR10,75-77F,75.0,75.0,77.0,between,between,0.1,0,69.98,no,0,304,0.0,0.01
2024-04-10,HIGHAUS-24APR10-B77.5,HIGHAUS-24APR10,77-79F,77.0,77.0,79.0,between,between,0.01,0,69.98,no,0,19,0.0,0.01
2024-04-10,HIGHAUS-24APR10-T78,HIGHAUS-24APR10,Above 78F,78.0,78.0,,above,greater,0.01,0,69.98,no,0,17,0.0,0.02
2024-04-11,HIGHAUS-24APR11-T75,HIGHAUS-24APR11,Below 75F,75.0,,75.0,below,less,0.0,0,82.04,no,0,0,0.0,0.01
2024-04-11,HIGHAUS-24APR11-B75.5,HIGHAUS-24APR11,75-77F,75.0,75.0,77.0,between,between,0.11,0,82.04,no,0,11,0.0,0.01
2024-04-11,HIGHAUS-24APR11-B77.5,HIGHAUS-24APR11,77-79F,77.0,77.0,79.0,between,between,0.01,0,82.04,no,0,1107,0.0,0.01
2024-04-11,HIGHAUS-24APR11-B79.5,HIGHAUS-24APR11,79-81F,79.0,79.0,81.0,between,between,0.01,0,82.04,no,0,2466,0.0,0.01
2024-04-11,HIGHAUS-24APR11-B81.5,HIGHAUS-24APR11,81-83F,81.0,81.0,83.0,between,between,0.97,1,82.04,yes,100,1462,0.97,1.0
2024-04-11,HIGHAUS-24APR11-T82,HIGHAUS-24APR11,Above 82F,82.0,82.0,,above,greater,0.03,0,82.04,no,0,1392,0.0,0.03
2024-04-12,HIGHAUS-24APR12-B77.5,HIGHAUS-24APR12,77-79F,77.0,77.0,79.0,between,between,0.1,0,80.96,no,0,1,0.0,0.01
2024-04-12,HIGHAUS-24APR12-T77,HIGHAUS-24APR12,Below 77F,77.0,,77.0,below,less,0.01,0,80.96,no,0,15,0.0,0.01
2024-04-12,HIGHAUS-24APR12-B79.5,HIGHAUS-24APR12,79-81F,79.0,79.0,81.0,between,between,0.03,0,80.96,no,0,457,0.0,0.01
2024-04-12,HIGHAUS-24APR12-B81.5,HIGHAUS-24APR12,81-83F,81.0,81.0,83.0,between,between,0.97,1,80.96,yes,100,867,0.97,1.0
2024-04-12,HIGHAUS-24APR12-B83.5,HIGHAUS-24APR12,83-85F,83.0,83.0,85.0,between,between,0.01,0,80.96,no,0,2008,0.0,0.03
2024-04-12,HIGHAUS-24APR12-T84,HIGHAUS-24APR12,Above 84F,84.0,84.0,,above,greater,0.01,0,80.96,no,0,317,0.0,0.02
2024-04-13,HIGHAUS-24APR13-B79.5,HIGHAUS-24APR13,79-81F,79.0,79.0,81.0,between,between,0.01,0,80.96,no,0,979,0.0,0.01
2024-04-13,HIGHAUS-24APR13-T79,HIGHAUS-24APR13,Below 79F,79.0,,79.0,below,less,0.0,0,80.96,no,0,0,0.0,0.01
2024-04-13,HIGHAUS-24APR13-B81.5,HIGHAUS-24APR13,81-83F,81.0,81.0,83.0,between,between,0.99,1,80.96,yes,100,1774,0.97,1.0
2024-04-13,HIGHAUS-24APR13-B83.5,HIGHAUS-24APR13,83-85F,83.0,83.0,85.0,between,between,0.01,0,80.96,no,0,2181,0.0,0.02
2024-04-13,HIGHAUS-24APR13-B85.5,HIGHAUS-24APR13,85-87F,85.0,85.0,87.0,between,between,0.1,0,80.96,no,0,1165,0.0,0.02
2024-04-13,HIGHAUS-24APR13-T86,HIGHAUS-24APR13,Above 86F,86.0,86.0,,above,greater,0.0,0,80.96,no,0,0,0.0,0.02
2024-04-14,HIGHAUS-24APR14-T80,HIGHAUS-24APR14,Below 80F,80.0,,80.0,below,less,0.01,0,82.94,no,0,568,0.0,0.01
2024-04-14,HIGHAUS-24APR14-B80.5,HIGHAUS-24APR14,80-82F,80.0,80.0,82.0,between,between,0.01,0,82.94,no,0,1188,0.0,0.01
2024-04-14,HIGHAUS-24APR14-B82.5,HIGHAUS-24APR14,82-84F,82.0,82.0,84.0,between,between,0.97,1,82.94,yes,100,1710,0.97,1.0
2024-04-14,HIGHAUS-24APR14-B84.5,HIGHAUS-24APR14,84-86F,84.0,84.0,86.0,between,between,0.01,0,82.94,no,0,531,0.0,0.03
2024-04-14,HIGHAUS-24APR14-B86.5,HIGHAUS-24APR14,86-88F,86.0,86.0,88.0,between,between,0.01,0,82.94,no,0,2021,0.0,0.03
2024-04-14,HIGHAUS-24APR14-T87,HIGHAUS-24APR14,Above 87F,87.0,87.0,,above,greater,0.01,0,82.94,no,0,525,0.0,0.03
2024-04-15,HIGHAUS-24APR15-B79.5,HIGHAUS-24APR15,79-81F,79.0,79.0,81.0,between,between,0.01,0,84.02,no,0,1613,0.0,0.01
2024-04-15,HIGHAUS-24APR15-T79,HIGHAUS-24APR15,Below 79F,79.0,,79.0,below,less,0.01,0,84.02,no,0,566,0.0,0.01
2024-04-15,HIGHAUS-24APR15-B81.5,HIGHAUS-24APR15,81-83F,81.0,81.0,83.0,between,between,0.01,0,84.02,no,0,1387,0.0,0.01
2024-04-15,HIGHAUS-24APR15-B83.5,HIGHAUS-24APR15,83-85F,83.0,83.0,85.0,between,between,0.99,1,84.02,yes,100,2529,0.99,1.0
2024-04-15,HIGHAUS-24APR15-B85.5,HIGHAUS-24APR15,85-87F,85.0,85.0,87.0,between,between,0.03,0,84.02,no,0,1544,0.0,0.01
2024-04-15,HIGHAUS-24APR15-T86,HIGHAUS-24APR15,Above 86F,86.0,86.0,,above,greater,0.01,0,84.02,no,0,298,0.0,0.03
2024-04-16,HIGHAUS-24APR16-T81,HIGHAUS-24APR16,Below 81F,81.0,,81.0,below,less,0.99,1,79.0,yes,100,2938,0.99,1.0
2024-04-16,HIGHAUS-24APR16-B81.5,HIGHAUS-24APR16,81-83F,81.0,81.0,83.0,between,between,0.02,0,79.0,no,0,1879,0.0,0.03
2024-04-16,HIGHAUS-24APR16-B83.5,HIGHAUS-24APR16,83-85F,83.0,83.0,85.0,between,between,0.09,0,79.0,no,0,1827,0.0,0.01
2024-04-16,HIGHAUS-24APR16-B85.5,HIGHAUS-24APR16,85-87F,85.0,85.0,87.0,between,between,0.09,0,79.0,no,0,1562,0.0,0.01
2024-04-16,HIGHAUS-24APR16-B87.5,HIGHAUS-24APR16,87-89F,87.0,87.0,89.0,between,between,0.01,0,79.0,no,0,80,0.0,0.01
2024-04-16,HIGHAUS-24APR16-T88,HIGHAUS-24APR16,Above 88F,88.0,88.0,,above,greater,0.0,0,79.0,no,0,0,0.0,0.02
2024-04-17,HIGHAUS-24APR17-B83.5,HIGHAUS-24APR17,83-85F,83.0,83.0,85.0,between,between,0.99,1,83.0,yes,100,1058,0.97,1.0
2024-04-17,HIGHAUS-24APR17-T83,HIGHAUS-24APR17,Below 83F,83.0,,83.0,below,less,0.01,0,83.0,no,0,3035,0.0,0.01
2024-04-17,HIGHAUS-24APR17-B85.5,HIGHAUS-24APR17,85-87F,85.0,85.0,87.0,between,between,0.02,0,83.0,no,0,1007,0.0,0.01
2024-04-17,HIGHAUS-24APR17-B87.5,HIGHAUS-24APR17,87-89F,87.0,87.0,89.0,between,between,0.03,0,83.0,no,0,1807,0.0,0.03
2024-04-17,HIGHAUS-24APR17-B89.5,HIGHAUS-24APR17,89-91F,89.0,89.0,91.0,between,between,0.02,0,83.0,no,0,52,0.0,0.03
2024-04-17,HIGHAUS-24APR17-T90,HIGHAUS-24APR17,Above 90F,90.0,90.0,,above,greater,0.03,0,83.0,no,0,108,0.0,0.03
2024-04-18,HIGHAUS-24APR18-T84,HIGHAUS-24APR18,Below 84F,84.0,,84.0,below,less,0.01,0,89.06,no,0,540,0.0,0.01
2024-04-18,HIGHAUS-24APR18-B84.5,HIGHAUS-24APR18,84-86F,84.0,84.0,86.0,between,between,0.01,0,89.06,no,0,1147,0.0,0.01
2024-04-18,HIGHAUS-24APR18-B86.5,HIGHAUS-24APR18,86-88F,86.0,86.0,88.0,between,between,0.01,0,89.06,no,0,1234,0.0,0.01
2024-04-18,HIGHAUS-24APR18-B88.5,HIGHAUS-24APR18,88-90F,88.0,88.0,90.0,between,between,0.98,1,89.06,yes,100,1884,0.98,1.0
2024-04-18,HIGHAUS-24APR18-B90.5,HIGHAUS-24APR18,90-92F,90.0,90.0,92.0,between,between,0.01,0,89.06,no,0,2419,0.0,0.03
2024-04-18,HIGHAUS-24APR18-T91,HIGHAUS-24APR18,Above 91F,91.0,91.0,,above,greater,0.01,0,89.06,no,0,1611,0.0,0.02
2024-04-19,HIGHAUS-24APR19-T76,HIGHAUS-24APR19,Below 76F,76.0,,76.0,below,less,0.01,0,75.92,no,0,3095,0.0,0.01
2024-04-19,HIGHAUS-24APR19-B76.5,HIGHAUS-24APR19,76-78F,76.0,76.0,78.0,between,between,0.99,1,75.92,yes,100,1298,0.98,1.0
2024-04-19,HIGHAUS-24APR19-B78.5,HIGHAUS-24APR19,78-80F,78.0,78.0,80.0,between,between,0.02,0,75.92,no,0,758,0.0,0.03
2024-04-19,HIGHAUS-24APR19-B80.5,HIGHAUS-24APR19,80-82F,80.0,80.0,82.0,between,between,0.1,0,75.92,no,0,783,0.0,0.03
2024-04-19,HIGHAUS-24APR19-B82.5,HIGHAUS-24APR19,82-84F,82.0,82.0,84.0,between,between,0.0,0,75.92,no,0,0,0.0,0.03
2024-04-19,HIGHAUS-24APR19-T83,HIGHAUS-24APR19,Above 83F,83.0,83.0,,above,greater,0.0,0,75.92,no,0,0,0.0,0.03
2024-04-20,HIGHAUS-24APR20-T72,HIGHAUS-24APR20,Below 72F,72.0,,72.0,below,less,0.97,1,71.0,yes,100,3420,0.97,1.0
2024-04-20,HIGHAUS-24APR20-B72.5,HIGHAUS-24APR20,72-74F,72.0,72.0,74.0,between,between,0.03,0,71.0,no,0,1503,0.0,0.03
2024-04-20,HIGHAUS-24APR20-B74.5,HIGHAUS-24APR20,74-76F,74.0,74.0,76.0,between,between,0.03,0,71.0,no,0,1584,0.0,0.03
2024-04-20,HIGHAUS-24APR20-B76.5,HIGHAUS-24APR20,76-78F,76.0,76.0,78.0,between,between,0.05,0,71.0,no,0,260,0.0,0.02
2024-04-20,HIGHAUS-24APR20-B78.5,HIGHAUS-24APR20,78-80F,78.0,78.0,80.0,between,between,0.03,0,71.0,no,0,248,0.0,0.02
2024-04-20,HIGHAUS-24APR20-T79,HIGHAUS-24APR20,Above 79F,79.0,79.0,,above,greater,0.01,0,71.0,no,0,851,0.0,0.02
2024-04-21,HIGHAUS-24APR21-B61.5,HIGHAUS-24APR21,61-63F,61.0,61.0,63.0,between,between,0.14,0,69.98,no,0,122,0.0,0.01
2024-04-21,HIGHAUS-24APR21-T61,HIGHAUS-24APR21,Below 61F,61.0,,61.0,below,less,0.0,0,69.98,no,0,0,0.0,0.01
2024-04-21,HIGHAUS-24APR21-B63.5,HIGHAUS-24APR21,63-65F,63.0,63.0,65.0,between,between,0.01,0,69.98,no,0,633,0.0,0.01
2024-04-21,HIGHAUS-24APR21-B65.5,HIGHAUS-24APR21,65-67F,65.0,65.0,67.0,between,between,0.01,0,69.98,no,0,1777,0.0,0.01
2024-04-21,HIGHAUS-24APR21-B67.5,HIGHAUS-24APR21,67-69F,67.0,67.0,69.0,between,between,0.15,0,69.98,no,0,913,0.0,0.01
2024-04-21,HIGHAUS-24APR21-T68,HIGHAUS-24APR21,Above 68F,68.0,68.0,,above,greater,0.99,1,69.98,yes,100,1917,0.99,1.0
2024-04-22,HIGHAUS-24APR22-T67,HIGHAUS-24APR22,Below 67F,67.0,,67.0,below,less,0.0,0,73.04,no,0,0,0.0,0.01
2024-04-22,HIGHAUS-24APR22-B67.5,HIGHAUS-24APR22,67-69F,67.0,67.0,69.0,between,between,0.13,0,73.04,no,0,10,0.0,0.01
2024-04-22,HIGHAUS-24APR22-B69.5,HIGHAUS-24APR22,69-71F,69.0,69.0,71.0,between,between,0.01,0,73.04,no,0,802,0.0,0.01
2024-04-22,HIGHAUS-24APR22-B71.5,HIGHAUS-24APR22,71-73F,71.0,71.0,73.0,between,between,0.05,0,73.04,no,0,1340,0.0,0.01
2024-04-22,HIGHAUS-24APR22-B73.5,HIGHAUS-24APR22,73-75F,73.0,73.0,75.0,between,between,0.98,1,73.04,yes,100,2273,0.98,1.0
2024-04-22,HIGHAUS-24APR22-T74,HIGHAUS-24APR22,Above 74F,74.0,74.0,,above,greater,0.02,0,73.04,no,0,2480,0.0,0.02
2024-04-23,HIGHAUS-24APR23-T73,HIGHAUS-24APR23,Below 73F,73.0,,73.0,below,less,0.01,0,73.94,no,0,1750,0.0,0.01
2024-04-23,HIGHAUS-24APR23-B73.5,HIGHAUS-24APR23,73-75F,73.0,73.0,75.0,between,between,0.97,1,73.94,yes,100,2581,0.97,1.0
2024-04-23,HIGHAUS-24APR23-B75.5,HIGHAUS-24APR23,75-77F,75.0,75.0,77.0,between,between,0.03,0,73.94,no,0,1095,0.0,0.03
2024-04-23,HIGHAUS-24APR23-B77.5,HIGHAUS-24APR23,77-79F,77.0,77.0,79.0,between,between,0.01,0,73.94,no,0,1262,0.0,0.03
2024-04-23,HIGHAUS-24APR23-B79.5,HIGHAUS-24APR23,79-81F,79.0,79.0,81.0,between,between,0.09,0,73.94,no,0,902,0.0,0.03
2024-04-23,HIGHAUS-24APR23-T80,HIGHAUS-24APR23,Above 80F,80.0,80.0,,above,greater,0.01,0,73.94,no,0,301,0.0,0.03
2024-04-24,HIGHAUS-24APR24-B79.5,HIGHAUS-24APR24,79-81F,79.0,79.0,81.0,between,between,0.01,0,84.02,no,0,1447,0.0,0.01
2024-04-24,HIGHAUS-24APR24-T79,HIGHAUS-24APR24,Below 79F,79.0,,79.0,below,less,0.05,0,84.02,no,0,6,0.0,0.01
2024-04-24,HIGHAUS-24APR24-B81.5,HIGHAUS-24APR24,81-83F,81.0,81.0,83.0,between,between,0.01,0,84.02,no,0,888,0.0,0.01
2024-04-24,HIGHAUS-24APR24-B83.5,HIGHAUS-24APR24,83-85F,83.0,83.0,85.0,between,between,0.98,1,84.02,yes,100,1309,0.97,1.0
2024-04-24,HIGHAUS-24APR24-B85.5,HIGHAUS-24APR24,85-87F,85.0,85.0,87.0,between,between,0.02,0,84.02,no,0,906,0.0,0.03
2024-04-24,HIGHAUS-24APR24-T86,HIGHAUS-24APR24,Above 86F,86.0,86.0,,above,greater,0.01,0,84.02,no,0,999,0.0,0.01
2024-04-25,HIGHAUS-24APR25-B80.5,HIGHAUS-24APR25,80-82F,80.0,80.0,82.0,between,between,0.01,0,82.04,no,0,236,0.0,0.01
2024-04-25,HIGHAUS-24APR25-T80,HIGHAUS-24APR25,Below 80F,80.0,,80.0,below,less,0.01,0,82.04,no,0,1931,0.0,0.01
2024-04-25,HIGHAUS-24APR25-B82.5,HIGHAUS-24APR25,82-84F,82.0,82.0,84.0,between,between,0.97,1,82.04,yes,100,1016,0.99,1.0
2024-04-25,HIGHAUS-24APR25-B84.5,HIGHAUS-24APR25,84-86F,84.0,84.0,86.0,between,between,0.03,0,82.04,no,0,1982,0.0,0.01
2024-04-25,HIGHAUS-24APR25-B86.5,HIGHAUS-24APR25,86-88F,86.0,86.0,88.0,between,between,0.03,0,82.04,no,0,952,0.0,0.03
2024-04-25,HIGHAUS-24APR25-T87,HIGHAUS-24APR25,Above 87F,87.0,87.0,,above,greater,0.02,0,82.04,no,0,300,0.0,0.03
2024-04-26,HIGHAUS-24APR26-T79,HIGHAUS-24APR26,Below 79F,79.0,,79.0,below,less,0.01,0,84.91999999999999,no,0,727,0.0,0.01
2024-04-26,HIGHAUS-24APR26-B79.5,HIGHAUS-24APR26,79-81F,79.0,79.0,81.0,between,between,0.01,0,84.91999999999999,no,0,305,0.0,0.01
2024-04-26,HIGHAUS-24APR26-B81.5,HIGHAUS-24APR26,81-83F,81.0,81.0,83.0,between,between,0.01,0,84.91999999999999,no,0,1028,0.0,0.01
2024-04-26,HIGHAUS-24APR26-B83.5,HIGHAUS-24APR26,83-85F,83.0,83.0,85.0,between,between,0.01,0,84.91999999999999,no,0,6101,0.0,0.01
2024-04-26,HIGHAUS-24APR26-B85.5,HIGHAUS-24APR26,85-87F,85.0,85.0,87.0,between,between,0.96,1,84.91999999999999,yes,100,139,0.97,1.0
2024-04-26,HIGHAUS-24APR26-T86,HIGHAUS-24APR26,Above 86F,86.0,86.0,,above,greater,0.03,0,84.91999999999999,no,0,485,0.0,0.03
2024-04-27,HIGHAUS-24APR27-B80.5,HIGHAUS-24APR27,80-82F,80.0,80.0,82.0,between,between,0.01,0,84.02,no,0,436,0.0,0.01
2024-04-27,HIGHAUS-24APR27-T80,HIGHAUS-24APR27,Below 80F,80.0,,80.0,below,less,0.01,0,84.02,no,0,289,0.0,0.01
2024-04-27,HIGHAUS-24APR27-B82.5,HIGHAUS-24APR27,82-84F,82.0,82.0,84.0,between,between,0.01,0,84.02,no,0,631,0.0,0.01
2024-04-27,HIGHAUS-24APR27-B84.5,HIGHAUS-24APR27,84-86F,84.0,84.0,86.0,between,between,0.97,1,84.02,yes,100,147,0.97,1.0
2024-04-27,HIGHAUS-24APR27-B86.5,HIGHAUS-24APR27,86-88F,86.0,86.0,88.0,between,between,0.03,0,84.02,no,0,1191,0.0,0.03
2024-04-27,HIGHAUS-24APR27-T87,HIGHAUS-24APR27,Above 87F,87.0,87.0,,above,greater,0.1,0,84.02,no,0,1042,0.0,0.03
2024-04-28,HIGHAUS-24APR28-T77,HIGHAUS-24APR28,Below 77F,77.0,,77.0,below,less,0.03,0,80.96,no,0,914,0.0,0.01
2024-04-28,HIGHAUS-24APR28-B77.5,HIGHAUS-24APR28,77-79F,77.0,77.0,79.0,between,between,0.51,0,80.96,no,0,533,0.0,0.01
2024-04-28,HIGHAUS-24APR28-B79.5,HIGHAUS-24APR28,79-81F,79.0,79.0,81.0,between,between,0.01,0,80.96,no,0,373,0.0,0.01
2024-04-28,HIGHAUS-24APR28-B81.5,HIGHAUS-24APR28,81-83F,81.0,81.0,83.0,between,between,0.17,1,80.96,yes,100,1681,0.97,1.0
2024-04-28,HIGHAUS-24APR28-B83.5,HIGHAUS-24APR28,83-85F,83.0,83.0,85.0,between,between,0.01,0,80.96,no,0,1234,0.0,0.03
2024-04-28,HIGHAUS-24APR28-T84,HIGHAUS-24APR28,Above 84F,84.0,84.0,,above,greater,0.16,0,80.96,no,0,511,0.0,0.03
2024-04-29,HIGHAUS-24APR29-B83.5,HIGHAUS-24APR29,83-85F,83.0,83.0,85.0,between,between,0.01,0,89.06,no,0,1017,0.0,0.01
2024-04-29,HIGHAUS-24APR29-T83,HIGHAUS-24APR29,Below 83F,83.0,,83.0,below,less,0.01,0,89.06,no,0,1247,0.0,0.01
2024-04-29,HIGHAUS-24APR29-B85.5,HIGHAUS-24APR29,85-87F,85.0,85.0,87.0,between,between,0.01,0,89.06,no,0,896,0.0,0.01
2024-04-29,HIGHAUS-24APR29-B87.5,HIGHAUS-24APR29,87-89F,87.0,87.0,89.0,between,between,0.01,0,89.06,no,0,648,0.0,0.01
2024-04-29,HIGHAUS-24APR29-B89.5,HIGHAUS-24APR29,89-91F,89.0,89.0,91.0,between,between,0.88,1,89.06,yes,100,1451,0.97,1.0
2024-04-29,HIGHAUS-24APR29-T90,HIGHAUS-24APR29,Above 90F,90.0,90.0,,above,greater,0.07,0,89.06,no,0,310,0.0,0.03
2024-04-30,HIGHAUS-24APR30-B82.5,HIGHAUS-24APR30,82-84F,82.0,82.0,84.0,between,between,0.01,0,87.08000000000001,no,0,1052,0.0,0.01
2024-04-30,HIGHAUS-24APR30-T82,HIGHAUS-24APR30,Below 82F,82.0,,82.0,below,less,0.01,0,87.08000000000001,no,0,467,0.0,0.01
2024-04-30,HIGHAUS-24APR30-B84.5,HIGHAUS-24APR30,84-86F,84.0,84.0,86.0,between,between,0.01,0,87.08000000000001,no,0,1216,0.0,0.01
2024-04-30,HIGHAUS-24APR30-B86.5,HIGHAUS-24APR30,86-88F,86.0,86.0,88.0,between,between,0.96,1,87.08000000000001,yes,100,1105,0.16,1.0
2024-04-30,HIGHAUS-24APR30-B88.5,HIGHAUS-24APR30,88-90F,88.0,88.0,90.0,between,between,0.15,0,87.08000000000001,no,0,704,0.0,0.99
2024-04-30,HIGHAUS-24APR30-T89,HIGHAUS-24APR30,Above 89F,89.0,89.0,,above,greater,0.03,0,87.08000000000001,no,0,999,0.0,0.12
2024-05-01,HIGHAUS-24MAY01-B79.5,HIGHAUS-24MAY01,79-81F,79.0,79.0,81.0,between,between,0.91,1,80.0,yes,100,1529,0.0,1.0
2024-05-01,HIGHAUS-24MAY01-T79,HIGHAUS-24MAY01,Below 79F,79.0,,79.0,below,less,0.01,0,80.0,no,0,523,0.0,0.01
2024-05-01,HIGHAUS-24MAY01-B81.5,HIGHAUS-24MAY01,81-83F,81.0,81.0,83.0,between,between,0.09,0,80.0,no,0,1066,0.0,1.0
2024-05-01,HIGHAUS-24MAY01-B83.5,HIGHAUS-24MAY01,83-85F,83.0,83.0,85.0,between,between,0.03,0,80.0,no,0,1427,0.0,1.0
2024-05-01,HIGHAUS-24MAY01-B85.5,HIGHAUS-24MAY01,85-87F,85.0,85.0,87.0,between,between,0.01,0,80.0,no,0,369,0.0,0.2
2024-05-01,HIGHAUS-24MAY01-T86,HIGHAUS-24MAY01,Above 86F,86.0,86.0,,above,greater,0.01,0,80.0,no,0,621,0.0,0.1
2024-05-02,HIGHAUS-24MAY02-T79,HIGHAUS-24MAY02,Below 79F,79.0,,79.0,below,less,0.01,0,80.06,no,0,4600,0.0,0.01
2024-05-02,HIGHAUS-24MAY02-B79.5,HIGHAUS-24MAY02,79-81F,79.0,79.0,81.0,between,between,0.21,1,80.06,yes,100,803,0.21,0.99
2024-05-02,HIGHAUS-24MAY02-B81.5,HIGHAUS-24MAY02,81-83F,81.0,81.0,83.0,between,between,0.11,0,80.06,no,0,341,0.01,0.79
2024-05-02,HIGHAUS-24MAY02-B83.5,HIGHAUS-24MAY02,83-85F,83.0,83.0,85.0,between,between,0.03,0,80.06,no,0,1781,0.0,0.03
2024-05-02,HIGHAUS-24MAY02-B85.5,HIGHAUS-24MAY02,85-87F,85.0,85.0,87.0,between,between,0.31,0,80.06,no,0,444,0.0,0.03
2024-05-02,HIGHAUS-24MAY02-T86,HIGHAUS-24MAY02,Above 86F,86.0,86.0,,above,greater,0.07,0,80.06,no,0,444,0.0,0.03
2024-05-03,HIGHAUS-24MAY03-B80.5,HIGHAUS-24MAY03,80-82F,80.0,80.0,82.0,between,between,0.03,0,75.92,no,0,1212,0.0,0.53
2024-05-03,HIGHAUS-24MAY03-T80,HIGHAUS-24MAY03,Below 80F,80.0,,80.0,below,less,0.99,1,75.92,yes,100,2361,0.99,1.0
2024-05-03,HIGHAUS-24MAY03-B82.5,HIGHAUS-24MAY03,82-84F,82.0,82.0,84.0,between,between,0.01,0,75.92,no,0,742,0.0,0.28
2024-05-03,HIGHAUS-24MAY03-B84.5,HIGHAUS-24MAY03,84-86F,84.0,84.0,86.0,between,between,0.01,0,75.92,no,0,923,0.0,0.23
2024-05-03,HIGHAUS-24MAY03-B86.5,HIGHAUS-24MAY03,86-88F,86.0,86.0,88.0,between,between,0.01,0,75.92,no,0,33,0.0,0.09
2024-05-03,HIGHAUS-24MAY03-T87,HIGHAUS-24MAY03,Above 87F,87.0,87.0,,above,greater,0.0,0,75.92,no,0,0,0.0,0.01
2024-05-04,HIGHAUS-24MAY04-B81.5,HIGHAUS-24MAY04,81-83F,81.0,81.0,83.0,between,between,0.2,0,80.06,no,0,618,0.01,0.25
2024-05-04,HIGHAUS-24MAY04-T81,HIGHAUS-24MAY04,Below 81F,81.0,,81.0,below,less,0.98,1,80.06,yes,100,2653,0.64,1.0
2024-05-04,HIGHAUS-24MAY04-B83.5,HIGHAUS-24MAY04,83-85F,83.0,83.0,85.0,between,between,0.01,0,80.06,no,0,530,0.0,0.01
2024-05-04,HIGHAUS-24MAY04-B85.5,HIGHAUS-24MAY04,85-87F,85.0,85.0,87.0,between,between,0.05,0,80.06,no,0,286,0.0,0.04
2024-05-04,HIGHAUS-24MAY04-B87.5,HIGHAUS-24MAY04,87-89F,87.0,87.0,89.0,between,between,0.12,0,80.06,no,0,131,0.0,0.01
2024-05-04,HIGHAUS-24MAY04-T88,HIGHAUS-24MAY04,Above 88F,88.0,88.0,,above,greater,0.0,0,80.06,no,0,0,0.0,0.01
2024-05-05,HIGHAUS-24MAY05-B77.5,HIGHAUS-24MAY05,77-79F,77.0,77.0,79.0,between,between,0.01,0,80.96,no,0,1401,0.0,0.01
2024-05-05,HIGHAUS-24MAY05-T77,HIGHAUS-24MAY05,Below 77F,77.0,,77.0,below,less,0.01,0,80.96,no,0,2479,0.0,0.01
2024-05-05,HIGHAUS-24MAY05-B79.5,HIGHAUS-24MAY05,79-81F,79.0,79.0,81.0,between,between,0.01,0,80.96,no,0,886,0.0,0.01
2024-05-05,HIGHAUS-24MAY05-B81.5,HIGHAUS-24MAY05,81-83F,81.0,81.0,83.0,between,between,0.59,1,80.96,yes,100,138,0.97,1.0
2024-05-05,HIGHAUS-24MAY05-B83.5,HIGHAUS-24MAY05,83-85F,83.0,83.0,85.0,between,between,0.02,0,80.96,no,0,36,0.0,0.03
2024-05-05,HIGHAUS-24MAY05-T84,HIGHAUS-24MAY05,Above 84F,84.0,84.0,,above,greater,0.01,0,80.96,no,0,703,0.0,0.03
2024-05-06,HIGHAUS-24MAY06-B82.5,HIGHAUS-24MAY06,82-84F,82.0,82.0,84.0,between,between,0.2,0,87.08000000000001,no,0,625,0.0,0.01
2024-05-06,HIGHAUS-24MAY06-T82,HIGHAUS-24MAY06,Below 82F,82.0,,82.0,below,less,0.01,0,87.08000000000001,no,0,1667,0.0,0.01
2024-05-06,HIGHAUS-24MAY06-B84.5,HIGHAUS-24MAY06,84-86F,84.0,84.0,86.0,between,between,0.01,0,87.08000000000001,no,0,5815,0.0,0.01
2024-05-06,HIGHAUS-24MAY06-B86.5,HIGHAUS-24MAY06,86-88F,86.0,86.0,88.0,between,between,0.97,1,87.08000000000001,yes,100,1434,0.98,1.0
2024-05-06,HIGHAUS-24MAY06-B88.5,HIGHAUS-24MAY06,88-90F,88.0,88.0,90.0,between,between,0.01,0,87.08000000000001,no,0,46,0.0,0.01
2024-05-06,HIGHAUS-24MAY06-T89,HIGHAUS-24MAY06,Above 89F,89.0,89.0,,above,greater,0.01,0,87.08000000000001,no,0,469,0.0,0.01
2024-05-07,HIGHAUS-24MAY07-T88,HIGHAUS-24MAY07,Below 88F,88.0,,88.0,below,less,0.01,0,89.96000000000001,no,0,1492,0.0,0.01
2024-05-07,HIGHAUS-24MAY07-B88.5,HIGHAUS-24MAY07,88-90F,88.0,88.0,90.0,between,between,0.01,0,89.96000000000001,no,0,1206,0.0,0.01
2024-05-07,HIGHAUS-24MAY07-B90.5,HIGHAUS-24MAY07,90-92F,90.0,90.0,92.0,between,between,0.97,1,89.96000000000001,yes,100,1197,0.97,1.0
2024-05-07,HIGHAUS-24MAY07-B92.5,HIGHAUS-24MAY07,92-94F,92.0,92.0,94.0,between,between,0.01,0,89.96000000000001,no,0,954,0.0,0.01
2024-05-07,HIGHAUS-24MAY07-B94.5,HIGHAUS-24MAY07,94-96F,94.0,94.0,96.0,between,between,0.03,0,89.96000000000001,no,0,505,0.0,0.03
2024-05-07,HIGHAUS-24MAY07-T95,HIGHAUS-24MAY07,Above 95F,95.0,95.0,,above,greater,0.0,0,89.96000000000001,no,0,0,0.0,0.01
2024-05-08,HIGHAUS-24MAY08-T88,HIGHAUS-24MAY08,Below 88F,88.0,,88.0,below,less,0.01,0,89.06,no,0,1076,0.0,0.01
2024-05-08,HIGHAUS-24MAY08-B88.5,HIGHAUS-24MAY08,88-90F,88.0,88.0,90.0,between,between,0.99,1,89.06,yes,100,1647,0.97,1.0
2024-05-08,HIGHAUS-24MAY08-B90.5,HIGHAUS-24MAY08,90-92F,90.0,90.0,92.0,between,between,0.01,0,89.06,no,0,2012,0.0,0.03
2024-05-08,HIGHAUS-24MAY08-B92.5,HIGHAUS-24MAY08,92-94F,92.0,92.0,94.0,between,between,0.01,0,89.06,no,0,1432,0.0,0.01
2024-05-08,HIGHAUS-24MAY08-B94.5,HIGHAUS-24MAY08,94-96F,94.0,94.0,96.0,between,between,0.01,0,89.06,no,0,624,0.0,0.01
2024-05-08,HIGHAUS-24MAY08-T95,HIGHAUS-24MAY08,Above 95F,95.0,95.0,,above,greater,0.0,0,89.06,no,0,0,0.0,0.01
2024-05-09,HIGHAUS-24MAY09-B86.5,HIGHAUS-24MAY09,86-88F,86.0,86.0,88.0,between,between,0.01,0,91.94,no,0,26,0.0,0.01
2024-05-09,HIGHAUS-24MAY09-T86,HIGHAUS-24MAY09,Below 86F,86.0,,86.0,below,less,0.02,0,91.94,no,0,104,0.0,0.01
2024-05-09,HIGHAUS-24MAY09-B88.5,HIGHAUS-24MAY09,88-90F,88.0,88.0,90.0,between,between,0.01,0,91.94,no,0,260,0.0,0.01
2024-05-09,HIGHAUS-24MAY09-B90.5,HIGHAUS-24MAY09,90-92F,90.0,90.0,92.0,between,between,0.01,0,91.94,no,0,620,0.0,0.01
2024-05-09,HIGHAUS-24MAY09-B92.5,HIGHAUS-24MAY09,92-94F,92.0,92.0,94.0,between,between,0.25,1,91.94,yes,100,268,0.99,1.0
2024-05-09,HIGHAUS-24MAY09-T93,HIGHAUS-24MAY09,Above 93F,93.0,93.0,,above,greater,0.01,0,91.94,no,0,26,0.0,0.02
2024-05-10,HIGHAUS-24MAY10-T79,HIGHAUS-24MAY10,Below 79F,79.0,,79.0,below,less,0.01,0,86.0,no,0,10,0.0,0.01
2024-05-10,HIGHAUS-24MAY10-B79.5,HIGHAUS-24MAY10,79-81F,79.0,79.0,81.0,between,between,0.01,0,86.0,no,0,529,0.0,0.01
2024-05-10,HIGHAUS-24MAY10-B81.5,HIGHAUS-24MAY10,81-83F,81.0,81.0,83.0,between,between,0.01,0,86.0,no,0,1071,0.0,0.01
2024-05-10,HIGHAUS-24MAY10-B83.5,HIGHAUS-24MAY10,83-85F,83.0,83.0,85.0,between,between,0.01,0,86.0,no,0,278,0.0,0.01
2024-05-10,HIGHAUS-24MAY10-B85.5,HIGHAUS-24MAY10,85-87F,85.0,85.0,87.0,between,between,0.99,1,86.0,yes,100,410,0.5,1.0
2024-05-10,HIGHAUS-24MAY10-T86,HIGHAUS-24MAY10,Above 86F,86.0,86.0,,above,greater,0.01,0,86.0,no,0,756,0.0,0.99
2024-05-11,HIGHAUS-24MAY11-T79,HIGHAUS-24MAY11,Below 79F,79.0,,79.0,below,less,0.01,0,82.94,no,0,176,0.0,0.01
2024-05-11,HIGHAUS-24MAY11-B79.5,HIGHAUS-24MAY11,79-81F,79.0,79.0,81.0,between,between,0.29,0,82.94,no,0,346,0.0,0.01
2024-05-11,HIGHAUS-24MAY11-B81.5,HIGHAUS-24MAY11,81-83F,81.0,81.0,83.0,between,between,0.01,0,82.94,no,0,1170,0.0,0.01
2024-05-11,HIGHAUS-24MAY11-B83.5,HIGHAUS-24MAY11,83-85F,83.0,83.0,85.0,between,between,0.5,1,82.94,yes,100,2130,0.51,1.0
2024-05-11,HIGHAUS-24MAY11-B85.5,HIGHAUS-24MAY11,85-87F,85.0,85.0,87.0,between,between,0.03,0,82.94,no,0,336,0.0,0.49
2024-05-11,HIGHAUS-24MAY11-T86,HIGHAUS-24MAY11,Above 86F,86.0,86.0,,above,greater,0.01,0,82.94,no,0,250,0.0,0.01
2024-05-12,HIGHAUS-24MAY12-T79,HIGHAUS-24MAY12,Below 79F,79.0,,79.0,below,less,0.99,1,75.0,yes,100,2164,0.98,0.99
2024-05-12,HIGHAUS-24MAY12-B79.5,HIGHAUS-24MAY12,79-81F,79.0,79.0,81.0,between,between,0.05,0,75.0,no,0,1079,0.0,0.99
2024-05-12,HIGHAUS-24MAY12-B81.5,HIGHAUS-24MAY12,81-83F,81.0,81.0,83.0,between,between,0.02,0,75.0,no,0,852,0.0,0.36
2024-05-12,HIGHAUS-24MAY12-B83.5,HIGHAUS-24MAY12,83-85F,83.0,83.0,85.0,between,between,0.01,0,75.0,no,0,1418,0.0,0.09
2024-05-12,HIGHAUS-24MAY12-B85.5,HIGHAUS-24MAY12,85-87F,85.0,85.0,87.0,between,between,0.11,0,75.0,no,0,151,0.0,0.03
2024-05-12,HIGHAUS-24MAY12-T86,HIGHAUS-24MAY12,Above 86F,86.0,86.0,,above,greater,0.07,0,75.0,no,0,337,0.0,0.11
2024-05-13,HIGHAUS-24MAY13-B82.5,HIGHAUS-24MAY13,82-84F,82.0,82.0,84.0,between,between,0.03,0,80.06,no,0,683,0.0,0.99
2024-05-13,HIGHAUS-24MAY13-T82,HIGHAUS-24MAY13,Below 82F,82.0,,82.0,below,less,0.99,1,80.06,yes,100,3563,0.5,1.0
2024-05-13,HIGHAUS-24MAY13-B84.5,HIGHAUS-24MAY13,84-86F,84.0,84.0,86.0,between,between,0.01,0,80.06,no,0,750,0.0,0.03
2024-05-13,HIGHAUS-24MAY13-B86.5,HIGHAUS-24MAY13,86-88F,86.0,86.0,88.0,between,between,0.54,0,80.06,no,0,111,0.0,0.3
2024-05-13,HIGHAUS-24MAY13-B88.5,HIGHAUS-24MAY13,88-90F,88.0,88.0,90.0,between,between,0.01,0,80.06,no,0,10,0.0,0.15
2024-05-13,HIGHAUS-24MAY13-T89,HIGHAUS-24MAY13,Above 89F,89.0,89.0,,above,greater,0.01,0,80.06,no,0,10,0.0,0.12
2024-05-14,HIGHAUS-24MAY14-B85.5,HIGHAUS-24MAY14,85-87F,85.0,85.0,87.0,between,between,0.08,0,91.94,no,0,660,0.0,0.01
2024-05-14,HIGHAUS-24MAY14-T85,HIGHAUS-24MAY14,Below 85F,85.0,,85.0,below,less,0.0,0,91.94,no,0,0,0.0,0.01
2024-05-14,HIGHAUS-24MAY14-B87.5,HIGHAUS-24MAY14,87-89F,87.0,87.0,89.0,between,between,0.01,0,91.94,no,0,1591,0.0,0.01
2024-05-14,HIGHAUS-24MAY14-B89.5,HIGHAUS-24MAY14,89-91F,89.0,89.0,91.0,between,between,0.07,0,91.94,no,0,798,0.0,0.01
2024-05-14,HIGHAUS-24MAY14-B91.5,HIGHAUS-24MAY14,91-93F,91.0,91.0,93.0,between,between,0.79,1,91.94,yes,100,2149,0.97,1.0
2024-05-14,HIGHAUS-24MAY14-T92,HIGHAUS-24MAY14,Above 92F,92.0,92.0,,above,greater,0.01,0,91.94,no,0,127,0.0,0.03
2024-05-15,HIGHAUS-24MAY15-B87.5,HIGHAUS-24MAY15,87-89F,87.0,87.0,89.0,between,between,0.01,0,93.92,no,0,1897,0.0,0.01
2024-05-15,HIGHAUS-24MAY15-T87,HIGHAUS-24MAY15,Below 87F,87.0,,87.0,below,less,0.01,0,93.92,no,0,904,0.0,0.01
2024-05-15,HIGHAUS-24MAY15-B89.5,HIGHAUS-24MAY15,89-91F,89.0,89.0,91.0,between,between,0.01,0,93.92,no,0,2259,0.0,0.01
2024-05-15,HIGHAUS-24MAY15-B91.5,HIGHAUS-24MAY15,91-93F,91.0,91.0,93.0,between,between,0.01,0,93.92,no,0,1289,0.0,0.01
2024-05-15,HIGHAUS-24MAY15-B93.5,HIGHAUS-24MAY15,93-95F,93.0,93.0,95.0,between,between,0.99,1,93.92,yes,100,459,0.97,1.0
2024-05-15,HIGHAUS-24MAY15-T94,HIGHAUS-24MAY15,Above 94F,94.0,94.0,,above,greater,0.05,0,93.92,no,0,438,0.0,0.03
2024-05-16,HIGHAUS-24MAY16-T79,HIGHAUS-24MAY16,Below 79F,79.0,,79.0,below,less,0.15,0,82.94,no,0,701,0.0,0.01
2024-05-16,HIGHAUS-24MAY16-B79.5,HIGHAUS-24MAY16,79-81F,79.0,79.0,81.0,between,between,0.1,0,82.94,no,0,590,0.0,0.01
2024-05-16,HIGHAUS-24MAY16-B81.5,HIGHAUS-24MAY16,81-83F,81.0,81.0,83.0,between,between,0.01,0,82.94,no,0,952,0.0,0.01
2024-05-16,HIGHAUS-24MAY16-B83.5,HIGHAUS-24MAY16,83-85F,83.0,83.0,85.0,between,between,0.57,1,82.94,yes,100,289,0.99,1.0
2024-05-16,HIGHAUS-24MAY16-B85.5,HIGHAUS-24MAY16,85-87F,85.0,85.0,87.0,between,between,0.18,0,82.94,no,0,458,0.0,0.01
2024-05-16,HIGHAUS-24MAY16-T86,HIGHAUS-24MAY16,Above 86F,86.0,86.0,,above,greater,0.01,0,82.94,no,0,29,0.0,0.01
2024-05-17,HIGHAUS-24MAY17-T81,HIGHAUS-24MAY17,Below 81F,81.0,,81.0,below,less,0.01,0,86.0,no,0,178,0.0,0.01
2024-05-17,HIGHAUS-24MAY17-B81.5,HIGHAUS-24MAY17,81-83F,81.0,81.0,83.0,between,between,0.01,0,86.0,no,0,1940,0.0,0.01
2024-05-17,HIGHAUS-24MAY17-B83.5,HIGHAUS-24MAY17,83-85F,83.0,83.0,85.0,between,between,0.01,0,86.0,no,0,1163,0.0,0.01
2024-05-17,HIGHAUS-24MAY17-B85.5,HIGHAUS-24MAY17,85-87F,85.0,85.0,87.0,between,between,0.97,1,86.0,yes,100,765,0.0,1.0
2024-05-17,HIGHAUS-24MAY17-B87.5,HIGHAUS-24MAY17,87-89F,87.0,87.0,89.0,between,between,0.25,0,86.0,no,0,438,0.0,0.25
2024-05-17,HIGHAUS-24MAY17-T88,HIGHAUS-24MAY17,Above 88F,88.0,88.0,,above,greater,0.13,0,86.0,no,0,214,0.0,0.04
2024-05-18,HIGHAUS-24MAY18-B89.5,HIGHAUS-24MAY18,89-91F,89.0,89.0,91.0,between,between,0.03,0,96.08,no,0,1510,0.0,0.01
2024-05-18,HIGHAUS-24MAY18-T89,HIGHAUS-24MAY18,Below 89F,89.0,,89.0,below,less,0.07,0,96.08,no,0,24,0.0,0.01
2024-05-18,HIGHAUS-24MAY18-B91.5,HIGHAUS-24MAY18,91-93F,91.0,91.0,93.0,between,between,0.28,0,96.08,no,0,476,0.0,0.01
2024-05-18,HIGHAUS-24MAY18-B93.5,HIGHAUS-24MAY18,93-95F,93.0,93.0,95.0,between,between,0.01,0,96.08,no,0,3044,0.0,0.01
2024-05-18,HIGHAUS-24MAY18-B95.5,HIGHAUS-24MAY18,95-97F,95.0,95.0,97.0,between,between,0.17,1,96.08,yes,100,624,0.97,1.0
2024-05-18,HIGHAUS-24MAY18-T96,HIGHAUS-24MAY18,Above 96F,96.0,96.0,,above,greater,0.01,0,96.08,no,0,10,0.0,0.97
2024-05-19,HIGHAUS-24MAY19-B87.5,HIGHAUS-24MAY19,87-89F,87.0,87.0,89.0,between,between,0.12,0,91.94,no,0,202,0.0,0.01
2024-05-19,HIGHAUS-24MAY19-T87,HIGHAUS-24MAY19,Below 87F,87.0,,87.0,below,less,0.08,0,91.94,no,0,256,0.0,0.01
2024-05-19,HIGHAUS-24MAY19-B89.5,HIGHAUS-24MAY19,89-91F,89.0,89.0,91.0,between,between,0.01,0,91.94,no,0,824,0.0,0.01
2024-05-19,HIGHAUS-24MAY19-B91.5,HIGHAUS-24MAY19,91-93F,91.0,91.0,93.0,between,between,0.99,1,91.94,yes,100,1295,0.98,1.0
2024-05-19,HIGHAUS-24MAY19-B93.5,HIGHAUS-24MAY19,93-95F,93.0,93.0,95.0,between,between,0.01,0,91.94,no,0,2111,0.0,0.5
2024-05-19,HIGHAUS-24MAY19-T94,HIGHAUS-24MAY19,Above 94F,94.0,94.0,,above,greater,0.01,0,91.94,no,0,188,0.0,1.0
2024-05-20,HIGHAUS-24MAY20-T87,HIGHAUS-24MAY20,Below 87F,87.0,,87.0,below,less,0.0,0,93.92,no,0,0,0.0,0.01
2024-05-20,HIGHAUS-24MAY20-B87.5,HIGHAUS-24MAY20,87-89F,87.0,87.0,89.0,between,between,0.0,0,93.92,no,0,0,0.0,0.01
2024-05-20,HIGHAUS-24MAY20-B89.5,HIGHAUS-24MAY20,89-91F,89.0,89.0,91.0,between,between,0.01,0,93.92,no,0,813,0.0,0.01
2024-05-20,HIGHAUS-24MAY20-B91.5,HIGHAUS-24MAY20,91-93F,91.0,91.0,93.0,between,between,0.01,0,93.92,no,0,1498,0.0,0.01
2024-05-20,HIGHAUS-24MAY20-B93.5,HIGHAUS-24MAY20,93-95F,93.0,93.0,95.0,between,between,0.99,1,93.92,yes,100,1770,0.98,1.0
2024-05-20,HIGHAUS-24MAY20-T94,HIGHAUS-24MAY20,Above 94F,94.0,94.0,,above,greater,0.02,0,93.92,no,0,1694,0.0,0.02
2024-05-21,HIGHAUS-24MAY21-B88.5,HIGHAUS-24MAY21,88-90F,88.0,88.0,90.0,between,between,0.05,0,95.0,no,0,735,0.0,0.01
2024-05-21,HIGHAUS-24MAY21-T88,HIGHAUS-24MAY21,Below 88F,88.0,,88.0,below,less,0.0,0,95.0,no,0,0,0.0,0.01
2024-05-21,HIGHAUS-24MAY21-B90.5,HIGHAUS-24MAY21,90-92F,90.0,90.0,92.0,between,between,0.01,0,95.0,no,0,612,0.0,0.01
2024-05-21,HIGHAUS-24MAY21-B92.5,HIGHAUS-24MAY21,92-94F,92.0,92.0,94.0,between,between,0.01,0,95.0,no,0,1310,0.0,0.01
2024-05-21,HIGHAUS-24MAY21-B94.5,HIGHAUS-24MAY21,94-96F,94.0,94.0,96.0,between,between,0.97,1,95.0,yes,100,1813,0.98,0.99
2024-05-21,HIGHAUS-24MAY21-T95,HIGHAUS-24MAY21,Above 95F,95.0,95.0,,above,greater,0.03,0,95.0,no,0,2989,0.01,0.02
2024-05-22,HIGHAUS-24MAY22-B89.5,HIGHAUS-24MAY22,89-91F,89.0,89.0,91.0,between,between,0.01,0,95.0,no,0,34,0.0,0.02
2024-05-22,HIGHAUS-24MAY22-T89,HIGHAUS-24MAY22,Below 89F,89.0,,89.0,below,less,0.0,0,95.0,no,0,0,0.0,0.01
2024-05-22,HIGHAUS-24MAY22-B91.5,HIGHAUS-24MAY22,91-93F,91.0,91.0,93.0,between,between,0.03,0,95.0,no,0,1165,0.0,0.02
2024-05-22,HIGHAUS-24MAY22-B93.5,HIGHAUS-24MAY22,93-95F,93.0,93.0,95.0,between,between,0.03,0,95.0,no,0,2844,0.0,0.03
2024-05-22,HIGHAUS-24MAY22-B95.5,HIGHAUS-24MAY22,95-97F,95.0,95.0,97.0,between,between,0.99,1,95.0,yes,100,1992,0.98,1.0
2024-05-22,HIGHAUS-24MAY22-T96,HIGHAUS-24MAY22,Above 96F,96.0,96.0,,above,greater,0.01,0,95.0,no,0,1287,0.0,0.02
2024-05-23,HIGHAUS-24MAY23-B89.5,HIGHAUS-24MAY23,89-91F,89.0,89.0,91.0,between,between,0.01,0,93.02,no,0,466,0.0,0.01
2024-05-23,HIGHAUS-24MAY23-T89,HIGHAUS-24MAY23,Below 89F,89.0,,89.0,below,less,0.04,0,93.02,no,0,1,0.0,0.01
2024-05-23,HIGHAUS-24MAY23-B91.5,HIGHAUS-24MAY23,91-93F,91.0,91.0,93.0,between,between,0.01,0,93.02,no,0,700,0.0,0.01
2024-05-23,HIGHAUS-24MAY23-B93.5,HIGHAUS-24MAY23,93-95F,93.0,93.0,95.0,between,between,0.59,1,93.02,yes,100,1558,0.97,1.0
2024-05-23,HIGHAUS-24MAY23-B95.5,HIGHAUS-24MAY23,95-97F,95.0,95.0,97.0,between,between,0.4,0,93.02,no,0,2076,0.0,0.49
2024-05-23,HIGHAUS-24MAY23-T96,HIGHAUS-24MAY23,Above 96F,96.0,96.0,,above,greater,0.01,0,93.02,no,0,992,0.0,0.03
2024-05-24,HIGHAUS-24MAY24-T93,HIGHAUS-24MAY24,Below 93F,93.0,,93.0,below,less,0.01,0,98.06,no,0,873,0.0,0.01
2024-05-24,HIGHAUS-24MAY24-B93.5,HIGHAUS-24MAY24,93-95F,93.0,93.0,95.0,between,between,0.01,0,98.06,no,0,1283,0.0,0.01
2024-05-24,HIGHAUS-24MAY24-B95.5,HIGHAUS-24MAY24,95-97F,95.0,95.0,97.0,between,between,0.01,0,98.06,no,0,1048,0.0,0.01
2024-05-24,HIGHAUS-24MAY24-B97.5,HIGHAUS-24MAY24,97-99F,97.0,97.0,99.0,between,between,0.8,1,98.06,yes,100,991,0.98,1.0
2024-05-24,HIGHAUS-24MAY24-B99.5,HIGHAUS-24MAY24,99-101F,99.0,99.0,101.0,between,between,0.03,0,98.06,no,0,381,0.01,0.03
2024-05-24,HIGHAUS-24MAY24-T100,HIGHAUS-24MAY24,Above 100F,100.0,100.0,,above,greater,0.03,0,98.06,no,0,416,0.0,0.03
2024-05-25,HIGHAUS-24MAY25-T93,HIGHAUS-24MAY25,Below 93F,93.0,,93.0,below,less,0.0,0,98.96,no,0,0,0.0,0.01
2024-05-25,HIGHAUS-24MAY25-B93.5,HIGHAUS-24MAY25,93-95F,93.0,93.0,95.0,between,between,0.01,0,98.96,no,0,49,0.0,0.01
2024-05-25,HIGHAUS-24MAY25-B95.5,HIGHAUS-24MAY25,95-97F,95.0,95.0,97.0,between,between,0.01,0,98.96,no,0,967,0.0,0.01
2024-05-25,HIGHAUS-24MAY25-B97.5,HIGHAUS-24MAY25,97-99F,97.0,97.0,99.0,between,between,0.01,0,98.96,no,0,850,0.0,0.01
2024-05-25,HIGHAUS-24MAY25-B99.5,HIGHAUS-24MAY25,99-101F,99.0,99.0,101.0,between,between,0.16,1,98.96,yes,100,1070,0.55,1.0
2024-05-25,HIGHAUS-24MAY25-T100,HIGHAUS-24MAY25,Above 100F,100.0,100.0,,above,greater,0.01,0,98.96,no,0,905,0.0,0.89
2024-05-26,HIGHAUS-24MAY26-B94.5,HIGHAUS-24MAY26,94-96F,94.0,94.0,96.0,between,between,0.01,0,96.08,no,0,15985,0.0,0.01
2024-05-26,HIGHAUS-24MAY26-T94,HIGHAUS-24MAY26,Below 94F,94.0,,94.0,below,less,0.01,0,96.08,no,0,42,0.0,0.01
2024-05-26,HIGHAUS-24MAY26-B96.5,HIGHAUS-24MAY26,96-98F,96.0,96.0,98.0,between,between,0.35,1,96.08,yes,100,794,0.35,1.0
2024-05-26,HIGHAUS-24MAY26-B98.5,HIGHAUS-24MAY26,98-100F,98.0,98.0,100.0,between,between,0.65,0,96.08,no,0,1023,0.01,0.5
2024-05-26,HIGHAUS-24MAY26-B100.5,HIGHAUS-24MAY26,100-102F,100.0,100.0,102.0,between,between,0.07,0,96.08,no,0,1334,0.0,0.04
2024-05-26,HIGHAUS-24MAY26-T101,HIGHAUS-24MAY26,Above 101F,101.0,101.0,,above,greater,0.01,0,96.08,no,0,186,0.01,0.03
2024-05-27,HIGHAUS-24MAY27-B96.5,HIGHAUS-24MAY27,96-98F,96.0,96.0,98.0,between,between,0.01,0,98.06,no,0,390,0.0,0.01
2024-05-27,HIGHAUS-24MAY27-T96,HIGHAUS-24MAY27,Below 96F,96.0,,96.0,below,less,0.01,0,98.06,no,0,138,0.0,0.01
2024-05-27,HIGHAUS-24MAY27-B98.5,HIGHAUS-24MAY27,98-100F,98.0,98.0,100.0,between,between,0.99,1,98.06,yes,100,703,0.98,1.0
2024-05-27,HIGHAUS-24MAY27-B100.5,HIGHAUS-24MAY27,100-102F,100.0,100.0,102.0,between,between,0.04,0,98.06,no,0,883,0.0,0.01
2024-05-27,HIGHAUS-24MAY27-B102.5,HIGHAUS-24MAY27,102-104F,102.0,102.0,104.0,between,between,0.01,0,98.06,no,0,679,0.0,0.01
2024-05-27,HIGHAUS-24MAY27-T103,HIGHAUS-24MAY27,Above 103F,103.0,103.0,,above,greater,0.01,0,98.06,no,0,210,0.0,0.01
2024-05-28,HIGHAUS-24MAY28-B90.5,HIGHAUS-24MAY28,90-92F,90.0,90.0,92.0,between,between,0.01,0,87.98,no,0,824,0.0,0.01
2024-05-28,HIGHAUS-24MAY28-T90,HIGHAUS-24MAY28,Below 90F,90.0,,90.0,below,less,0.97,1,87.98,yes,100,828,0.97,1.0
2024-05-28,HIGHAUS-24MAY28-B92.5,HIGHAUS-24MAY28,92-94F,92.0,92.0,94.0,between,between,0.01,0,87.98,no,0,1679,0.0,0.01
2024-05-28,HIGHAUS-24MAY28-B94.5,HIGHAUS-24MAY28,94-96F,94.0,94.0,96.0,between,between,0.07,0,87.98,no,0,740,0.0,0.01
2024-05-28,HIGHAUS-24MAY28-B96.5,HIGHAUS-24MAY28,96-98F,96.0,96.0,98.0,between,between,0.01,0,87.98,no,0,2135,0.0,0.01
2024-05-28,HIGHAUS-24MAY28-T97,HIGHAUS-24MAY28,Above 97F,97.0,97.0,,above,greater,0.01,0,87.98,no,0,1369,0.0,0.01
2024-05-29,HIGHAUS-24MAY29-B84.5,HIGHAUS-24MAY29,84-86F,84.0,84.0,86.0,between,between,0.0,0,91.94,no,0,0,0.0,0.01
2024-05-29,HIGHAUS-24MAY29-T84,HIGHAUS-24MAY29,Below 84F,84.0,,84.0,below,less,0.0,0,91.94,no,0,0,0.0,0.01
2024-05-29,HIGHAUS-24MAY29-B86.5,HIGHAUS-24MAY29,86-88F,86.0,86.0,88.0,between,between,0.03,0,91.94,no,0,861,0.0,0.01
2024-05-29,HIGHAUS-24MAY29-B88.5,HIGHAUS-24MAY29,88-90F,88.0,88.0,90.0,between,between,0.01,0,91.94,no,0,3324,0.0,0.01
2024-05-29,HIGHAUS-24MAY29-B90.5,HIGHAUS-24MAY29,90-92F,90.0,90.0,92.0,between,between,0.21,0,91.94,no,0,571,0.0,0.01
2024-05-29,HIGHAUS-24MAY29-T91,HIGHAUS-24MAY29,Above 91F,91.0,91.0,,above,greater,0.98,1,91.94,yes,100,1854,0.99,1.0
2024-05-30,HIGHAUS-24MAY30-T86,HIGHAUS-24MAY30,Below 86F,86.0,,86.0,below,less,0.01,0,93.02,no,0,1054,0.0,0.01
2024-05-30,HIGHAUS-24MAY30-B86.5,HIGHAUS-24MAY30,86-88F,86.0,86.0,88.0,between,between,0.06,0,93.02,no,0,532,0.0,0.01
2024-05-30,HIGHAUS-24MAY30-B88.5,HIGHAUS-24MAY30,88-90F,88.0,88.0,90.0,between,between,0.1,0,93.02,no,0,563,0.0,0.01
2024-05-30,HIGHAUS-24MAY30-B90.5,HIGHAUS-24MAY30,90-92F,90.0,90.0,92.0,between,between,0.01,0,93.02,no,0,1170,0.0,0.01
2024-05-30,HIGHAUS-24MAY30-B92.5,HIGHAUS-24MAY30,92-94F,92.0,92.0,94.0,between,between,0.97,1,93.02,yes,100,2366,0.98,1.0
2024-05-30,HIGHAUS-24MAY30-T93,HIGHAUS-24MAY30,Above 93F,93.0,93.0,,above,greater,0.01,0,93.02,no,0,1825,0.0,0.03
2024-05-31,HIGHAUS-24MAY31-B84.5,HIGHAUS-24MAY31,84-86F,84.0,84.0,86.0,between,between,0.01,0,89.96000000000001,no,0,433,0.0,0.01
2024-05-31,HIGHAUS-24MAY31-T84,HIGHAUS-24MAY31,Below 84F,84.0,,84.0,below,less,0.01,0,89.96000000000001,no,0,1943,0.0,0.01
2024-05-31,HIGHAUS-24MAY31-B86.5,HIGHAUS-24MAY31,86-88F,86.0,86.0,88.0,between,between,0.01,0,89.96000000000001,no,0,983,0.0,0.01
2024-05-31,HIGHAUS-24MAY31-B88.5,HIGHAUS-24MAY31,88-90F,88.0,88.0,90.0,between,between,0.1,0,89.96000000000001,no,0,1721,0.0,0.01
2024-05-31,HIGHAUS-24MAY31-B90.5,HIGHAUS-24MAY31,90-92F,90.0,90.0,92.0,between,between,0.21,1,89.96000000000001,yes,100,30,0.98,1.0
2024-05-31,HIGHAUS-24MAY31-T91,HIGHAUS-24MAY31,Above 91F,91.0,91.0,,above,greater,0.01,0,89.96000000000001,no,0,431,0.0,0.03
2024-06-01,HIGHAUS-24JUN01-B86.5,HIGHAUS-24JUN01,86-88F,86.0,86.0,88.0,between,between,0.03,0,91.04,no,0,5,0.0,0.01
2024-06-01,HIGHAUS-24JUN01-T86,HIGHAUS-24JUN01,Below 86F,86.0,,86.0,below,less,0.01,0,91.04,no,0,78,0.0,0.01
2024-06-01,HIGHAUS-24JUN01-B88.5,HIGHAUS-24JUN01,88-90F,88.0,88.0,90.0,between,between,0.01,0,91.04,no,0,1749,0.0,0.01
2024-06-01,HIGHAUS-24JUN01-B90.5,HIGHAUS-24JUN01,90-92F,90.0,90.0,92.0,between,between,0.59,1,91.04,yes,100,513,0.98,1.0
2024-06-01,HIGHAUS-24JUN01-B92.5,HIGHAUS-24JUN01,92-94F,92.0,92.0,94.0,between,between,0.28,0,91.04,no,0,920,0.0,0.6
2024-06-01,HIGHAUS-24JUN01-T93,HIGHAUS-24JUN01,Above 93F,93.0,93.0,,above,greater,0.01,0,91.04,no,0,1426,0.0,0.19
2024-06-02,HIGHAUS-24JUN02-T89,HIGHAUS-24JUN02,Below 89F,89.0,,89.0,below,less,0.06,0,93.92,no,0,250,0.0,0.01
2024-06-02,HIGHAUS-24JUN02-B89.5,HIGHAUS-24JUN02,89-91F,89.0,89.0,91.0,between,between,0.03,0,93.92,no,0,255,0.0,0.01
2024-06-02,HIGHAUS-24JUN02-B91.5,HIGHAUS-24JUN02,91-93F,91.0,91.0,93.0,between,between,0.01,0,93.92,no,0,1032,0.0,0.01
2024-06-02,HIGHAUS-24JUN02-B93.5,HIGHAUS-24JUN02,93-95F,93.0,93.0,95.0,between,between,0.98,1,93.92,yes,100,1224,0.4,1.0
2024-06-02,HIGHAUS-24JUN02-B95.5,HIGHAUS-24JUN02,95-97F,95.0,95.0,97.0,between,between,0.15,0,93.92,no,0,2439,0.0,0.24
2024-06-02,HIGHAUS-24JUN02-T96,HIGHAUS-24JUN02,Above 96F,96.0,96.0,,above,greater,0.03,0,93.92,no,0,1098,0.0,1.0
2024-06-03,HIGHAUS-24JUN03-T89,HIGHAUS-24JUN03,Below 89F,89.0,,89.0,below,less,0.0,0,95.0,no,0,0,0.0,0.01
2024-06-03,HIGHAUS-24JUN03-B89.5,HIGHAUS-24JUN03,89-91F,89.0,89.0,91.0,between,between,0.0,0,95.0,no,0,0,0.0,0.01
2024-06-03,HIGHAUS-24JUN03-B91.5,HIGHAUS-24JUN03,91-93F,91.0,91.0,93.0,between,between,0.11,0,95.0,no,0,3,0.0,0.01
2024-06-03,HIGHAUS-24JUN03-B93.5,HIGHAUS-24JUN03,93-95F,93.0,93.0,95.0,between,between,0.01,0,95.0,no,0,2641,0.0,0.01
2024-06-03,HIGHAUS-24JUN03-B95.5,HIGHAUS-24JUN03,95-97F,95.0,95.0,97.0,between,between,0.99,1,95.0,yes,100,1631,0.98,1.0
2024-06-03,HIGHAUS-24JUN03-T96,HIGHAUS-24JUN03,Above 96F,96.0,96.0,,above,greater,0.02,0,95.0,no,0,2344,0.0,0.02
2024-06-04,HIGHAUS-24JUN04-T92,HIGHAUS-24JUN04,Below 92F,92.0,,92.0,below,less,0.01,0,98.06,no,0,882,0.0,0.01
2024-06-04,HIGHAUS-24JUN04-B92.5,HIGHAUS-24JUN04,92-94F,92.0,92.0,94.0,between,between,0.0,0,98.06,no,0,0,0.0,0.01
2024-06-04,HIGHAUS-24JUN04-B94.5,HIGHAUS-24JUN04,94-96F,94.0,94.0,96.0,between,between,0.09,0,98.06,no,0,261,0.0,0.01
2024-06-04,HIGHAUS-24JUN04-B96.5,HIGHAUS-24JUN04,96-98F,96.0,96.0,98.0,between,between,0.01,0,98.06,no,0,734,0.0,0.01
2024-06-04,HIGHAUS-24JUN04-B98.5,HIGHAUS-24JUN04,98-100F,98.0,98.0,100.0,between,between,0.65,1,98.06,yes,100,1304,0.98,1.0
2024-06-04,HIGHAUS-24JUN04-T99,HIGHAUS-24JUN04,Above 99F,99.0,99.0,,above,greater,0.12,0,98.06,no,0,1008,0.0,0.33
2024-06-05,HIGHAUS-24JUN05-B90.5,HIGHAUS-24JUN05,90-92F,90.0,90.0,92.0,between,between,0.99,1,91.0,yes,100,1365,0.99,1.0
2024-06-05,HIGHAUS-24JUN05-T90,HIGHAUS-24JUN05,Below 90F,90.0,,90.0,below,less,0.01,0,91.0,no,0,1818,0.0,0.01
2024-06-05,HIGHAUS-24JUN05-B92.5,HIGHAUS-24JUN05,92-94F,92.0,92.0,94.0,between,between,0.01,0,91.0,no,0,1669,0.0,0.01
2024-06-05,HIGHAUS-24JUN05-B94.5,HIGHAUS-24JUN05,94-96F,94.0,94.0,96.0,between,between,0.01,0,91.0,no,0,1166,0.0,0.01
2024-06-05,HIGHAUS-24JUN05-B96.5,HIGHAUS-24JUN05,96-98F,96.0,96.0,98.0,between,between,0.01,0,91.0,no,0,3233,0.0,0.01
2024-06-05,HIGHAUS-24JUN05-T97,HIGHAUS-24JUN05,Above 97F,97.0,97.0,,above,greater,0.01,0,91.0,no,0,3916,0.0,0.01
2024-06-06,HIGHAUS-24JUN06-B93.5,HIGHAUS-24JUN06,93-95F,93.0,93.0,95.0,between,between,0.01,0,96.98,no,0,629,0.0,0.01
2024-06-06,HIGHAUS-24JUN06-T93,HIGHAUS-24JUN06,Below 93F,93.0,,93.0,below,less,0.03,0,96.98,no,0,558,0.0,0.01
2024-06-06,HIGHAUS-24JUN06-B95.5,HIGHAUS-24JUN06,95-97F,95.0,95.0,97.0,between,between,0.01,0,96.98,no,0,2079,0.0,0.01
2024-06-06,HIGHAUS-24JUN06-B97.5,HIGHAUS-24JUN06,97-99F,97.0,97.0,99.0,between,between,0.36,1,96.98,yes,100,793,0.97,1.0
2024-06-06,HIGHAUS-24JUN06-B99.5,HIGHAUS-24JUN06,99-101F,99.0,99.0,101.0,between,between,0.15,0,96.98,no,0,1064,0.0,0.02
2024-06-06,HIGHAUS-24JUN06-T100,HIGHAUS-24JUN06,Above 100F,100.0,100.0,,above,greater,0.01,0,96.98,no,0,123,0.0,0.02
2024-06-07,HIGHAUS-24JUN07-T94,HIGHAUS-24JUN07,Below 94F,94.0,,94.0,below,less,0.01,0,96.08,no,0,1492,0.0,0.01
2024-06-07,HIGHAUS-24JUN07-B94.5,HIGHAUS-24JUN07,94-96F,94.0,94.0,96.0,between,between,0.01,0,96.08,no,0,1475,0.0,0.01
2024-06-07,HIGHAUS-24JUN07-B96.5,HIGHAUS-24JUN07,96-98F,96.0,96.0,98.0,between,between,0.99,1,96.08,yes,100,1797,0.99,1.0
2024-06-07,HIGHAUS-24JUN07-B98.5,HIGHAUS-24JUN07,98-100F,98.0,98.0,100.0,between,between,0.01,0,96.08,no,0,1239,0.0,0.01
2024-06-07,HIGHAUS-24JUN07-B100.5,HIGHAUS-24JUN07,100-102F,100.0,100.0,102.0,between,between,0.13,0,96.08,no,0,397,0.0,0.02
2024-06-07,HIGHAUS-24JUN07-T101,HIGHAUS-24JUN07,Above 101F,101.0,101.0,,above,greater,0.06,0,96.08,no,0,560,0.0,0.01
2024-06-08,HIGHAUS-24JUN08-T93,HIGHAUS-24JUN08,Below 93F,93.0,,93.0,below,less,0.0,0,95.0,no,0,0,0.0,0.01
2024-06-08,HIGHAUS-24JUN08-B93.5,HIGHAUS-24JUN08,93-95F,93.0,93.0,95.0,between,between,0.01,0,95.0,no,0,1663,0.0,0.01
2024-06-08,HIGHAUS-24JUN08-B95.5,HIGHAUS-24JUN08,95-97F,95.0,95.0,97.0,between,between,0.99,1,95.0,yes,100,1238,0.9,1.0
2024-06-08,HIGHAUS-24JUN08-B97.5,HIGHAUS-24JUN08,97-99F,97.0,97.0,99.0,between,between,0.07,0,95.0,no,0,1294,0.0,0.39
2024-06-08,HIGHAUS-24JUN08-B99.5,HIGHAUS-24JUN08,99-101F,99.0,99.0,101.0,between,between,0.01,0,95.0,no,0,664,0.0,0.12
2024-06-08,HIGHAUS-24JUN08-T100,HIGHAUS-24JUN08,Above 100F,100.0,100.0,,above,greater,0.01,0,95.0,no,0,460,0.0,0.03
2024-06-09,HIGHAUS-24JUN09-T91,HIGHAUS-24JUN09,Below 91F,91.0,,91.0,below,less,0.0,0,96.08,no,0,0,0.0,0.01
2024-06-09,HIGHAUS-24JUN09-B91.5,HIGHAUS-24JUN09,91-93F,91.0,91.0,93.0,between,between,0.0,0,96.08,no,0,0,0.0,0.01
2024-06-09,HIGHAUS-24JUN09-B93.5,HIGHAUS-24JUN09,93-95F,93.0,93.0,95.0,between,between,0.01,0,96.08,no,0,865,0.0,0.01
2024-06-09,HIGHAUS-24JUN09-B95.5,HIGHAUS-24JUN09,95-97F,95.0,95.0,97.0,between,between,0.99,1,96.08,yes,100,1457,0.97,1.0
2024-06-09,HIGHAUS-24JUN09-B97.5,HIGHAUS-24JUN09,97-99F,97.0,97.0,99.0,between,between,0.99,0,96.08,no,0,1055,0.0,0.03
2024-06-09,HIGHAUS-24JUN09-T98,HIGHAUS-24JUN09,Above 98F,98.0,98.0,,above,greater,0.01,0,96.08,no,0,1474,0.0,0.01
2024-06-10,HIGHAUS-24JUN10-B90.5,HIGHAUS-24JUN10,90-92F,90.0,90.0,92.0,between,between,0.01,0,95.0,no,0,2185,0.0,0.01
2024-06-10,HIGHAUS-24JUN10-T90,HIGHAUS-24JUN10,Below 90F,90.0,,90.0,below,less,0.01,0,95.0,no,0,431,0.0,0.01
2024-06-10,HIGHAUS-24JUN10-B92.5,HIGHAUS-24JUN10,92-94F,92.0,92.0,94.0,between,between,0.31,0,95.0,no,0,1426,0.0,0.01
2024-06-10,HIGHAUS-24JUN10-B94.5,HIGHAUS-24JUN10,94-96F,94.0,94.0,96.0,between,between,0.99,1,95.0,yes,100,2901,0.98,1.0
2024-06-10,HIGHAUS-24JUN10-B96.5,HIGHAUS-24JUN10,96-98F,96.0,96.0,98.0,between,between,0.05,0,95.0,no,0,1393,0.0,0.03
2024-06-10,HIGHAUS-24JUN10-T97,HIGHAUS-24JUN10,Above 97F,97.0,97.0,,above,greater,0.04,0,95.0,no,0,799,0.0,0.02
2024-06-11,HIGHAUS-24JUN11-B89.5,HIGHAUS-24JUN11,89-91F,89.0,89.0,91.0,between,between,0.01,0,96.08,no,0,1054,0.0,0.01
2024-06-11,HIGHAUS-24JUN11-T89,HIGHAUS-24JUN11,Below 89F,89.0,,89.0,below,less,0.01,0,96.08,no,0,31,0.0,0.01
2024-06-11,HIGHAUS-24JUN11-B91.5,HIGHAUS-24JUN11,91-93F,91.0,91.0,93.0,between,between,0.01,0,96.08,no,0,863,0.0,0.01
2024-06-11,HIGHAUS-24JUN11-B93.5,HIGHAUS-24JUN11,93-95F,93.0,93.0,95.0,between,between,0.01,0,96.08,no,0,3152,0.0,0.01
2024-06-11,HIGHAUS-24JUN11-B95.5,HIGHAUS-24JUN11,95-97F,95.0,95.0,97.0,between,between,0.97,1,96.08,yes,100,2337,0.97,1.0
2024-06-11,HIGHAUS-24JUN11-T96,HIGHAUS-24JUN11,Above 96F,96.0,96.0,,above,greater,0.03,0,96.08,no,0,2372,0.0,0.02
2024-06-12,HIGHAUS-24JUN12-B85.5,HIGHAUS-24JUN12,85-87F,85.0,85.0,87.0,between,between,0.03,0,91.94,no,0,1807,0.0,0.01
2024-06-12,HIGHAUS-24JUN12-T85,HIGHAUS-24JUN12,Below 85F,85.0,,85.0,below,less,0.09,0,91.94,no,0,1200,0.0,0.01
2024-06-12,HIGHAUS-24JUN12-B87.5,HIGHAUS-24JUN12,87-89F,87.0,87.0,89.0,between,between,0.01,0,91.94,no,0,3184,0.0,0.01
2024-06-12,HIGHAUS-24JUN12-B89.5,HIGHAUS-24JUN12,89-91F,89.0,89.0,91.0,between,between,0.01,0,91.94,no,0,2328,0.0,0.01
2024-06-12,HIGHAUS-24JUN12-B91.5,HIGHAUS-24JUN12,91-93F,91.0,91.0,93.0,between,between,0.31,1,91.94,yes,100,1872,0.99,1.0
2024-06-12,HIGHAUS-24JUN12-T92,HIGHAUS-24JUN12,Above 92F,92.0,92.0,,above,greater,0.01,0,91.94,no,0,2044,0.0,0.96
2024-06-13,HIGHAUS-24JUN13-T90,HIGHAUS-24JUN13,Below 90F,90.0,,90.0,below,less,0.0,0,96.98,no,0,0,0.0,0.01
2024-06-13,HIGHAUS-24JUN13-B90.5,HIGHAUS-24JUN13,90-92F,90.0,90.0,92.0,between,between,0.01,0,96.98,no,0,16,0.0,0.01
2024-06-13,HIGHAUS-24JUN13-B92.5,HIGHAUS-24JUN13,92-94F,92.0,92.0,94.0,between,between,0.01,0,96.98,no,0,860,0.0,0.01
2024-06-13,HIGHAUS-24JUN13-B94.5,HIGHAUS-24JUN13,94-96F,94.0,94.0,96.0,between,between,0.01,0,96.98,no,0,1571,0.0,0.01
2024-06-13,HIGHAUS-24JUN13-B96.5,HIGHAUS-24JUN13,96-98F,96.0,96.0,98.0,between,between,0.87,1,96.98,yes,100,991,0.78,1.0
2024-06-13,HIGHAUS-24JUN13-T97,HIGHAUS-24JUN13,Above 97F,97.0,97.0,,above,greater,0.03,0,96.98,no,0,908,0.0,0.99
2024-06-14,HIGHAUS-24JUN14-B91.5,HIGHAUS-24JUN14,91-93F,91.0,91.0,93.0,between,between,0.0,0,96.98,no,0,0,0.0,0.01
2024-06-14,HIGHAUS-24JUN14-T91,HIGHAUS-24JUN14,Below 91F,91.0,,91.0,below,less,0.0,0,96.98,no,0,0,0.0,0.01
2024-06-14,HIGHAUS-24JUN14-B93.5,HIGHAUS-24JUN14,93-95F,93.0,93.0,95.0,between,between,0.01,0,96.98,no,0,468,0.0,0.01
2024-06-14,HIGHAUS-24JUN14-B95.5,HIGHAUS-24JUN14,95-97F,95.0,95.0,97.0,between,between,0.01,0,96.98,no,0,1262,0.0,0.01
2024-06-14,HIGHAUS-24JUN14-B97.5,HIGHAUS-24JUN14,97-99F,97.0,97.0,99.0,between,between,0.55,1,96.98,yes,100,1580,0.97,1.0
2024-06-14,HIGHAUS-24JUN14-T98,HIGHAUS-24JUN14,Above 98F,98.0,98.0,,above,greater,0.03,0,96.98,no,0,279,0.0,0.03
2024-06-15,HIGHAUS-24JUN15-B92.5,HIGHAUS-24JUN15,92-94F,92.0,92.0,94.0,between,between,0.0,0,96.08,no,0,0,0.0,0.01
2024-06-15,HIGHAUS-24JUN15-T92,HIGHAUS-24JUN15,Below 92F,92.0,,92.0,below,less,0.0,0,96.08,no,0,0,0.0,0.01
2024-06-15,HIGHAUS-24JUN15-B94.5,HIGHAUS-24JUN15,94-96F,94.0,94.0,96.0,between,between,0.01,0,96.08,no,0,10198,0.0,0.01
2024-06-15,HIGHAUS-24JUN15-B96.5,HIGHAUS-24JUN15,96-98F,96.0,96.0,98.0,between,between,0.99,1,96.08,yes,100,1746,0.97,1.0
2024-06-15,HIGHAUS-24JUN15-B98.5,HIGHAUS-24JUN15,98-100F,98.0,98.0,100.0,between,between,0.01,0,96.08,no,0,1427,0.01,0.03
2024-06-15,HIGHAUS-24JUN15-T99,HIGHAUS-24JUN15,Above 99F,99.0,99.0,,above,greater,0.01,0,96.08,no,0,1725,0.0,0.03
2024-06-16,HIGHAUS-24JUN16-B91.5,HIGHAUS-24JUN16,91-93F,91.0,91.0,93.0,between,between,0.0,0,96.98,no,0,0,0.0,0.01
2024-06-16,HIGHAUS-24JUN16-T91,HIGHAUS-24JUN16,Below 91F,91.0,,91.0,below,less,0.0,0,96.98,no,0,0,0.0,0.01
2024-06-16,HIGHAUS-24JUN16-B93.5,HIGHAUS-24JUN16,93-95F,93.0,93.0,95.0,between,between,0.08,0,96.98,no,0,576,0.0,0.01
2024-06-16,HIGHAUS-24JUN16-B95.5,HIGHAUS-24JUN16,95-97F,95.0,95.0,97.0,between,between,0.01,0,96.98,no,0,1429,0.0,0.01
2024-06-16,HIGHAUS-24JUN16-B97.5,HIGHAUS-24JUN16,97-99F,97.0,97.0,99.0,between,between,0.28,1,96.98,yes,100,840,0.98,1.0
2024-06-16,HIGHAUS-24JUN16-T98,HIGHAUS-24JUN16,Above 98F,98.0,98.0,,above,greater,0.01,0,96.98,no,0,1478,0.0,0.01
2024-06-17,HIGHAUS-24JUN17-T89,HIGHAUS-24JUN17,Below 89F,89.0,,89.0,below,less,0.0,0,96.08,no,0,0,0.0,0.01
2024-06-17,HIGHAUS-24JUN17-B89.5,HIGHAUS-24JUN17,89-91F,89.0,89.0,91.0,between,between,0.0,0,96.08,no,0,0,0.0,0.01
2024-06-17,HIGHAUS-24JUN17-B91.5,HIGHAUS-24JUN17,91-93F,91.0,91.0,93.0,between,between,0.01,0,96.08,no,0,1090,0.0,0.01
2024-06-17,HIGHAUS-24JUN17-B93.5,HIGHAUS-24JUN17,93-95F,93.0,93.0,95.0,between,between,0.01,0,96.08,no,0,1667,0.0,0.01
2024-06-17,HIGHAUS-24JUN17-B95.5,HIGHAUS-24JUN17,95-97F,95.0,95.0,97.0,between,between,0.65,1,96.08,yes,100,1107,0.98,1.0
2024-06-17,HIGHAUS-24JUN17-T96,HIGHAUS-24JUN17,Above 96F,96.0,96.0,,above,greater,0.01,0,96.08,no,0,2000,0.0,0.01
2024-06-18,HIGHAUS-24JUN18-B88.5,HIGHAUS-24JUN18,88-90F,88.0,88.0,90.0,between,between,0.01,0,96.08,no,0,2507,0.0,0.01
2024-06-18,HIGHAUS-24JUN18-T88,HIGHAUS-24JUN18,Below 88F,88.0,,88.0,below,less,0.01,0,96.08,no,0,753,0.0,0.01
2024-06-18,HIGHAUS-24JUN18-B90.5,HIGHAUS-24JUN18,90-92F,90.0,90.0,92.0,between,between,0.01,0,96.08,no,0,2772,0.0,0.01
2024-06-18,HIGHAUS-24JUN18-B92.5,HIGHAUS-24JUN18,92-94F,92.0,92.0,94.0,between,between,0.01,0,96.08,no,0,3335,0.0,0.01
2024-06-18,HIGHAUS-24JUN18-B94.5,HIGHAUS-24JUN18,94-96F,94.0,94.0,96.0,between,between,0.01,0,96.08,no,0,3139,0.0,0.01
2024-06-18,HIGHAUS-24JUN18-T95,HIGHAUS-24JUN18,Above 95F,95.0,95.0,,above,greater,0.99,1,96.08,yes,100,3020,0.99,1.0
2024-06-19,HIGHAUS-24JUN19-B77.5,HIGHAUS-24JUN19,77-79F,77.0,77.0,79.0,between,between,0.01,0,80.96,no,0,528,0.0,0.01
2024-06-19,HIGHAUS-24JUN19-T77,HIGHAUS-24JUN19,Below 77F,77.0,,77.0,below,less,0.0,0,80.96,no,0,0,0.0,0.01
2024-06-19,HIGHAUS-24JUN19-B79.5,HIGHAUS-24JUN19,79-81F,79.0,79.0,81.0,between,between,0.01,0,80.96,no,0,911,0.0,0.01
2024-06-19,HIGHAUS-24JUN19-B81.5,HIGHAUS-24JUN19,81-83F,81.0,81.0,83.0,between,between,0.97,1,80.96,yes,100,1709,0.99,1.0
2024-06-19,HIGHAUS-24JUN19-B83.5,HIGHAUS-24JUN19,83-85F,83.0,83.0,85.0,between,between,0.02,0,80.96,no,0,1598,0.0,0.01
2024-06-19,HIGHAUS-24JUN19-T84,HIGHAUS-24JUN19,Above 84F,84.0,84.0,,above,greater,0.02,0,80.96,no,0,4306,0.0,0.02
2024-06-20,HIGHAUS-24JUN20-B86.5,HIGHAUS-24JUN20,86-88F,86.0,86.0,88.0,between,between,0.01,0,91.04,no,0,3731,0.0,0.01
2024-06-20,HIGHAUS-24JUN20-T86,HIGHAUS-24JUN20,Below 86F,86.0,,86.0,below,less,0.01,0,91.04,no,0,10970,0.0,0.01
2024-06-20,HIGHAUS-24JUN20-B88.5,HIGHAUS-24JUN20,88-90F,88.0,88.0,90.0,between,between,0.01,0,91.04,no,0,4074,0.0,0.01
2024-06-20,HIGHAUS-24JUN20-B90.5,HIGHAUS-24JUN20,90-92F,90.0,90.0,92.0,between,between,0.54,1,91.04,yes,100,2736,0.99,1.0
2024-06-20,HIGHAUS-24JUN20-B92.5,HIGHAUS-24JUN20,92-94F,92.0,92.0,94.0,between,between,0.06,0,91.04,no,0,1340,0.0,0.02
2024-06-20,HIGHAUS-24JUN20-T93,HIGHAUS-24JUN20,Above 93F,93.0,93.0,,above,greater,0.03,0,91.04,no,0,155,0.0,0.02
2024-06-21,HIGHAUS-24JUN21-T88,HIGHAUS-24JUN21,Below 88F,88.0,,88.0,below,less,0.13,0,91.94,no,0,104,0.0,0.01
2024-06-21,HIGHAUS-24JUN21-B88.5,HIGHAUS-24JUN21,88-90F,88.0,88.0,90.0,between,between,0.03,0,91.94,no,0,1073,0.0,0.01
2024-06-21,HIGHAUS-24JUN21-B90.5,HIGHAUS-24JUN21,90-92F,90.0,90.0,92.0,between,between,0.01,0,91.94,no,0,1274,0.0,0.01
2024-06-21,HIGHAUS-24JUN21-B92.5,HIGHAUS-24JUN21,92-94F,92.0,92.0,94.0,between,between,0.8,1,91.94,yes,100,1179,0.99,1.0
2024-06-21,HIGHAUS-24JUN21-B94.5,HIGHAUS-24JUN21,94-96F,94.0,94.0,96.0,between,between,0.07,0,91.94,no,0,551,0.0,0.01
2024-06-21,HIGHAUS-24JUN21-T95,HIGHAUS-24JUN21,Above 95F,95.0,95.0,,above,greater,0.01,0,91.94,no,0,260,0.0,0.01
2024-06-22,HIGHAUS-24JUN22-T89,HIGHAUS-24JUN22,Below 89F,89.0,,89.0,below,less,0.15,0,93.92,no,0,2,0.0,0.01
2024-06-22,HIGHAUS-24JUN22-B89.5,HIGHAUS-24JUN22,89-91F,89.0,89.0,91.0,between,between,0.03,0,93.92,no,0,556,0.0,0.01
2024-06-22,HIGHAUS-24JUN22-B91.5,HIGHAUS-24JUN22,91-93F,91.0,91.0,93.0,between,between,0.01,0,93.92,no,0,1460,0.0,0.01
2024-06-22,HIGHAUS-24JUN22-B93.5,HIGHAUS-24JUN22,93-95F,93.0,93.0,95.0,between,between,0.49,1,93.92,yes,100,1835,0.98,1.0
2024-06-22,HIGHAUS-24JUN22-B95.5,HIGHAUS-24JUN22,95-97F,95.0,95.0,97.0,between,between,0.02,0,93.92,no,0,2021,0.0,0.01
2024-06-22,HIGHAUS-24JUN22-T96,HIGHAUS-24JUN22,Above 96F,96.0,96.0,,above,greater,0.03,0,93.92,no,0,990,0.0,0.03
2024-06-23,HIGHAUS-24JUN23-T91,HIGHAUS-24JUN23,Below 91F,91.0,,91.0,below,less,0.01,0,93.92,no,0,4672,0.0,0.01
2024-06-23,HIGHAUS-24JUN23-B91.5,HIGHAUS-24JUN23,91-93F,91.0,91.0,93.0,between,between,0.05,0,93.92,no,0,184,0.0,0.01
2024-06-23,HIGHAUS-24JUN23-B93.5,HIGHAUS-24JUN23,93-95F,93.0,93.0,95.0,between,between,0.79,1,93.92,yes,100,1096,0.98,1.0
2024-06-23,HIGHAUS-24JUN23-B95.5,HIGHAUS-24JUN23,95-97F,95.0,95.0,97.0,between,between,0.57,0,93.92,no,0,1422,0.0,0.03
2024-06-23,HIGHAUS-24JUN23-B97.5,HIGHAUS-24JUN23,97-99F,97.0,97.0,99.0,between,between,0.05,0,93.92,no,0,1047,0.0,0.02
2024-06-23,HIGHAUS-24JUN23-T98,HIGHAUS-24JUN23,Above 98F,98.0,98.0,,above,greater,0.06,0,93.92,no,0,170,0.0,0.02
2024-06-24,HIGHAUS-24JUN24-B92.5,HIGHAUS-24JUN24,92-94F,92.0,92.0,94.0,between,between,0.01,0,96.08,no,0,748,0.0,0.01
2024-06-24,HIGHAUS-24JUN24-T92,HIGHAUS-24JUN24,Below 92F,92.0,,92.0,below,less,0.0,0,96.08,no,0,0,0.0,0.01
2024-06-24,HIGHAUS-24JUN24-B94.5,HIGHAUS-24JUN24,94-96F,94.0,94.0,96.0,between,between,0.01,0,96.08,no,0,1619,0.0,0.01
2024-06-24,HIGHAUS-24JUN24-B96.5,HIGHAUS-24JUN24,96-98F,96.0,96.0,98.0,between,between,0.99,1,96.08,yes,100,6251,0.99,1.0
2024-06-24,HIGHAUS-24JUN24-B98.5,HIGHAUS-24JUN24,98-100F,98.0,98.0,100.0,between,between,0.02,0,96.08,no,0,1044,0.0,0.01
2024-06-24,HIGHAUS-24JUN24-T99,HIGHAUS-24JUN24,Above 99F,99.0,99.0,,above,greater,0.03,0,96.08,no,0,250,0.0,0.01
2024-06-25,HIGHAUS-24JUN25-B92.5,HIGHAUS-24JUN25,92-94F,92.0,92.0,94.0,between,between,0.13,0,96.08,no,0,320,0.0,0.01
2024-06-25,HIGHAUS-24JUN25-T92,HIGHAUS-24JUN25,Below 92F,92.0,,92.0,below,less,0.0,0,96.08,no,0,0,0.0,0.01
2024-06-25,HIGHAUS-24JUN25-B94.5,HIGHAUS-24JUN25,94-96F,94.0,94.0,96.0,between,between,0.01,0,96.08,no,0,1538,0.0,0.01
2024-06-25,HIGHAUS-24JUN25-B96.5,HIGHAUS-24JUN25,96-98F,96.0,96.0,98.0,between,between,0.97,1,96.08,yes,100,3573,0.97,1.0
2024-06-25,HIGHAUS-24JUN25-B98.5,HIGHAUS-24JUN25,98-100F,98.0,98.0,100.0,between,between,0.01,0,96.08,no,0,1836,0.0,0.03
2024-06-25,HIGHAUS-24JUN25-T99,HIGHAUS-24JUN25,Above 99F,99.0,99.0,,above,greater,0.07,0,96.08,no,0,904,0.0,0.03
2024-06-26,HIGHAUS-24JUN26-B93.5,HIGHAUS-24JUN26,93-95F,93.0,93.0,95.0,between,between,0.03,0,96.08,no,0,780,0.0,0.01
2024-06-26,HIGHAUS-24JUN26-T93,HIGHAUS-24JUN26,Below 93F,93.0,,93.0,below,less,0.01,0,96.08,no,0,25,0.0,0.01
2024-06-26,HIGHAUS-24JUN26-B95.5,HIGHAUS-24JUN26,95-97F,95.0,95.0,97.0,between,between,0.96,1,96.08,yes,100,3568,0.98,1.0
2024-06-26,HIGHAUS-24JUN26-B97.5,HIGHAUS-24JUN26,97-99F,97.0,97.0,99.0,between,between,0.01,0,96.08,no,0,4211,0.0,0.01
2024-06-26,HIGHAUS-24JUN26-B99.5,HIGHAUS-24JUN26,99-101F,99.0,99.0,101.0,between,between,0.01,0,96.08,no,0,1259,0.0,0.01
2024-06-26,HIGHAUS-24JUN26-T100,HIGHAUS-24JUN26,Above 100F,100.0,100.0,,above,greater,0.02,0,96.08,no,0,831,0.0,0.01
2024-06-27,HIGHAUS-24JUN27-B94.5,HIGHAUS-24JUN27,94-96F,94.0,94.0,96.0,between,between,0.05,0,98.06,no,0,200,0.0,0.01
2024-06-27,HIGHAUS-24JUN27-T94,HIGHAUS-24JUN27,Below 94F,94.0,,94.0,below,less,0.0,0,98.06,no,0,0,0.0,0.01
2024-06-27,HIGHAUS-24JUN27-B96.5,HIGHAUS-24JUN27,96-98F,96.0,96.0,98.0,between,between,0.01,0,98.06,no,0,900,0.0,0.01
2024-06-27,HIGHAUS-24JUN27-B98.5,HIGHAUS-24JUN27,98-100F,98.0,98.0,100.0,between,between,0.99,1,98.06,yes,100,3017,0.97,1.0
2024-06-27,HIGHAUS-24JUN27-B100.5,HIGHAUS-24JUN27,100-102F,100.0,100.0,102.0,between,between,0.03,0,98.06,no,0,1595,0.0,0.03
2024-06-27,HIGHAUS-24JUN27-T101,HIGHAUS-24JUN27,Above 101F,101.0,101.0,,above,greater,0.01,0,98.06,no,0,2060,0.0,0.02
2024-06-28,HIGHAUS-24JUN28-T94,HIGHAUS-24JUN28,Below 94F,94.0,,94.0,below,less,0.0,0,96.98,no,0,0,0.0,0.01
2024-06-28,HIGHAUS-24JUN28-B94.5,HIGHAUS-24JUN28,94-96F,94.0,94.0,96.0,between,between,0.01,0,96.98,no,0,498,0.0,0.01
2024-06-28,HIGHAUS-24JUN28-B96.5,HIGHAUS-24JUN28,96-98F,96.0,96.0,98.0,between,between,0.99,1,96.98,yes,100,4952,0.98,1.0
2024-06-28,HIGHAUS-24JUN28-B98.5,HIGHAUS-24JUN28,98-100F,98.0,98.0,100.0,between,between,0.01,0,96.98,no,0,5269,0.0,0.01
2024-06-28,HIGHAUS-24JUN28-B100.5,HIGHAUS-24JUN28,100-102F,100.0,100.0,102.0,between,between,0.01,0,96.98,no,0,860,0.0,0.02
2024-06-28,HIGHAUS-24JUN28-T101,HIGHAUS-24JUN28,Above 101F,101.0,101.0,,above,greater,0.03,0,96.98,no,0,1602,0.0,0.02
2024-06-29,HIGHAUS-24JUN29-B94.5,HIGHAUS-24JUN29,94-96F,94.0,94.0,96.0,between,between,0.01,0,98.96,no,0,613,0.0,0.01
2024-06-29,HIGHAUS-24JUN29-T94,HIGHAUS-24JUN29,Below 94F,94.0,,94.0,below,less,0.0,0,98.96,no,0,0,0.0,0.01
2024-06-29,HIGHAUS-24JUN29-B96.5,HIGHAUS-24JUN29,96-98F,96.0,96.0,98.0,between,between,0.01,0,98.96,no,0,2335,0.0,0.01
2024-06-29,HIGHAUS-24JUN29-B98.5,HIGHAUS-24JUN29,98-100F,98.0,98.0,100.0,between,between,0.99,1,98.96,yes,100,2097,0.99,1.0
2024-06-29,HIGHAUS-24JUN29-B100.5,HIGHAUS-24JUN29,100-102F,100.0,100.0,102.0,between,between,0.01,0,98.96,no,0,1377,0.0,0.01
2024-06-29,HIGHAUS-24JUN29-T101,HIGHAUS-24JUN29,Above 101F,101.0,101.0,,above,greater,0.01,0,98.96,no,0,3234,0.0,0.01
2024-06-30,HIGHAUS-24JUN30-B94.5,HIGHAUS-24JUN30,94-96F,94.0,94.0,96.0,between,between,0.01,0,96.98,no,0,510,0.0,0.01
2024-06-30,HIGHAUS-24JUN30-T94,HIGHAUS-24JUN30,Below 94F,94.0,,94.0,below,less,0.0,0,96.98,no,0,0,0.0,0.01
2024-06-30,HIGHAUS-24JUN30-B96.5,HIGHAUS-24JUN30,96-98F,96.0,96.0,98.0,between,between,0.97,1,96.98,yes,100,2433,0.98,0.99
2024-06-30,HIGHAUS-24JUN30-B98.5,HIGHAUS-24JUN30,98-100F,98.0,98.0,100.0,between,between,0.15,0,96.98,no,0,2379,0.0,0.02
2024-06-30,HIGHAUS-24JUN30-B100.5,HIGHAUS-24JUN30,100-102F,100.0,100.0,102.0,between,between,0.01,0,96.98,no,0,1127,0.0,0.02
2024-06-30,HIGHAUS-24JUN30-T101,HIGHAUS-24JUN30,Above 101F,101.0,101.0,,above,greater,0.01,0,96.98,no,0,1296,0.0,0.02
2024-07-01,HIGHAUS-24JUL01-B96.5,HIGHAUS-24JUL01,96-98F,96.0,96.0,98.0,between,between,0.03,0,98.06,no,0,221,0.0,0.01
2024-07-01,HIGHAUS-24JUL01-T96,HIGHAUS-24JUL01,Below 96F,96.0,,96.0,below,less,0.0,0,98.06,no,0,0,0.0,0.01
2024-07-01,HIGHAUS-24JUL01-B98.5,HIGHAUS-24JUL01,98-100F,98.0,98.0,100.0,between,between,0.99,1,98.06,yes,100,2637,0.98,1.0
2024-07-01,HIGHAUS-24JUL01-B100.5,HIGHAUS-24JUL01,100-102F,100.0,100.0,102.0,between,between,0.03,0,98.06,no,0,2408,0.0,0.03
2024-07-01,HIGHAUS-24JUL01-B102.5,HIGHAUS-24JUL01,102-104F,102.0,102.0,104.0,between,between,0.01,0,98.06,no,0,2086,0.0,0.03
2024-07-01,HIGHAUS-24JUL01-T103,HIGHAUS-24JUL01,Above 103F,103.0,103.0,,above,greater,0.02,0,98.06,no,0,449,0.01,0.02
2024-07-02,HIGHAUS-24JUL02-B96.5,HIGHAUS-24JUL02,96-98F,96.0,96.0,98.0,between,between,0.0,0,100.04,no,0,0,0.0,0.01
2024-07-02,HIGHAUS-24JUL02-T96,HIGHAUS-24JUL02,Below 96F,96.0,,96.0,below,less,0.0,0,100.04,no,0,0,0.0,0.01
2024-07-02,HIGHAUS-24JUL02-B98.5,HIGHAUS-24JUL02,98-100F,98.0,98.0,100.0,between,between,0.01,0,100.04,no,0,9936,0.0,0.01
2024-07-02,HIGHAUS-24JUL02-B100.5,HIGHAUS-24JUL02,100-102F,100.0,100.0,102.0,between,between,0.99,1,100.04,yes,100,3179,0.98,1.0
2024-07-02,HIGHAUS-24JUL02-B102.5,HIGHAUS-24JUL02,102-104F,102.0,102.0,104.0,between,between,0.03,0,100.04,no,0,4355,0.0,0.02
2024-07-02,HIGHAUS-24JUL02-T103,HIGHAUS-24JUL02,Above 103F,103.0,103.0,,above,greater,0.01,0,100.04,no,0,807,0.0,0.01
2024-07-03,HIGHAUS-24JUL03-B95.5,HIGHAUS-24JUL03,95-97F,95.0,95.0,97.0,between,between,0.01,0,98.06,no,0,1575,0.0,0.01
2024-07-03,HIGHAUS-24JUL03-T95,HIGHAUS-24JUL03,Below 95F,95.0,,95.0,below,less,0.01,0,98.06,no,0,27,0.0,0.01
2024-07-03,HIGHAUS-24JUL03-B97.5,HIGHAUS-24JUL03,97-99F,97.0,97.0,99.0,between,between,0.99,1,98.06,yes,100,5333,0.98,0.99
2024-07-03,HIGHAUS-24JUL03-B99.5,HIGHAUS-24JUL03,99-101F,99.0,99.0,101.0,between,between,0.01,0,98.06,no,0,5797,0.01,0.03
2024-07-03,HIGHAUS-24JUL03-B101.5,HIGHAUS-24JUL03,101-103F,101.0,101.0,103.0,between,between,0.01,0,98.06,no,0,2879,0.01,0.02
2024-07-03,HIGHAUS-24JUL03-T102,HIGHAUS-24JUL03,Above 102F,102.0,102.0,,above,greater,0.01,0,98.06,no,0,364,0.01,0.02
2024-07-04,HIGHAUS-24JUL04-T96,HIGHAUS-24JUL04,Below 96F,96.0,,96.0,below,less,0.01,0,98.96,no,0,44,0.0,0.01
2024-07-04,HIGHAUS-24JUL04-B96.5,HIGHAUS-24JUL04,96-98F,96.0,96.0,98.0,between,between,0.01,0,98.96,no,0,1096,0.0,0.01
2024-07-04,HIGHAUS-24JUL04-B98.5,HIGHAUS-24JUL04,98-100F,98.0,98.0,100.0,between,between,0.99,1,98.96,yes,100,3801,0.98,1.0
2024-07-04,HIGHAUS-24JUL04-B100.5,HIGHAUS-24JUL04,100-102F,100.0,100.0,102.0,between,between,0.01,0,98.96,no,0,4509,0.0,0.01
2024-07-04,HIGHAUS-24JUL04-B102.5,HIGHAUS-24JUL04,102-104F,102.0,102.0,104.0,between,between,0.01,0,98.96,no,0,1539,0.0,0.02
2024-07-04,HIGHAUS-24JUL04-T103,HIGHAUS-24JUL04,Above 103F,103.0,103.0,,above,greater,0.01,0,98.96,no,0,215,0.0,0.02
2024-07-05,HIGHAUS-24JUL05-B96.5,HIGHAUS-24JUL05,96-98F,96.0,96.0,98.0,between,between,0.01,0,100.04,no,0,4048,0.0,0.01
2024-07-05,HIGHAUS-24JUL05-T96,HIGHAUS-24JUL05,Below 96F,96.0,,96.0,below,less,0.01,0,100.04,no,0,534,0.0,0.01
2024-07-05,HIGHAUS-24JUL05-B98.5,HIGHAUS-24JUL05,98-100F,98.0,98.0,100.0,between,between,0.01,0,100.04,no,0,16693,0.0,0.01
2024-07-05,HIGHAUS-24JUL05-B100.5,HIGHAUS-24JUL05,100-102F,100.0,100.0,102.0,between,between,0.99,1,100.04,yes,100,3531,0.99,1.0
2024-07-05,HIGHAUS-24JUL05-B102.5,HIGHAUS-24JUL05,102-104F,102.0,102.0,104.0,between,between,0.01,0,100.04,no,0,964,0.0,0.01
2024-07-05,HIGHAUS-24JUL05-T103,HIGHAUS-24JUL05,Above 103F,103.0,103.0,,above,greater,0.06,0,100.04,no,0,450,0.0,0.01
2024-07-06,HIGHAUS-24JUL06-B93.5,HIGHAUS-24JUL06,93-95F,93.0,93.0,95.0,between,between,0.01,0,98.96,no,0,4036,0.0,0.01
2024-07-06,HIGHAUS-24JUL06-T93,HIGHAUS-24JUL06,Below 93F,93.0,,93.0,below,less,0.01,0,98.96,no,0,343,0.0,0.01
2024-07-06,HIGHAUS-24JUL06-B95.5,HIGHAUS-24JUL06,95-97F,95.0,95.0,97.0,between,between,0.01,0,98.96,no,0,4388,0.0,0.01
2024-07-06,HIGHAUS-24JUL06-B97.5,HIGHAUS-24JUL06,97-99F,97.0,97.0,99.0,between,between,0.01,0,98.96,no,0,8315,0.0,0.01
2024-07-06,HIGHAUS-24JUL06-B99.5,HIGHAUS-24JUL06,99-101F,99.0,99.0,101.0,between,between,0.99,1,98.96,yes,100,3877,0.98,1.0
2024-07-06,HIGHAUS-24JUL06-T100,HIGHAUS-24JUL06,Above 100F,100.0,100.0,,above,greater,0.01,0,98.96,no,0,557,0.0,0.02
2024-07-07,HIGHAUS-24JUL07-T93,HIGHAUS-24JUL07,Below 93F,93.0,,93.0,below,less,0.01,0,93.92,no,0,2605,0.0,0.01
2024-07-07,HIGHAUS-24JUL07-B93.5,HIGHAUS-24JUL07,93-95F,93.0,93.0,95.0,between,between,0.98,1,93.92,yes,100,3274,0.98,1.0
2024-07-07,HIGHAUS-24JUL07-B95.5,HIGHAUS-24JUL07,95-97F,95.0,95.0,97.0,between,between,0.01,0,93.92,no,0,1989,0.0,0.02
2024-07-07,HIGHAUS-24JUL07-B97.5,HIGHAUS-24JUL07,97-99F,97.0,97.0,99.0,between,between,0.19,0,93.92,no,0,1494,0.0,0.03
2024-07-07,HIGHAUS-24JUL07-B99.5,HIGHAUS-24JUL07,99-101F,99.0,99.0,101.0,between,between,0.01,0,93.92,no,0,1465,0.0,0.01
2024-07-07,HIGHAUS-24JUL07-T100,HIGHAUS-24JUL07,Above 100F,100.0,100.0,,above,greater,0.01,0,93.92,no,0,154,0.0,0.03
2024-07-08,HIGHAUS-24JUL08-T83,HIGHAUS-24JUL08,Below 83F,83.0,,83.0,below,less,0.01,0,93.02,no,0,200,0.0,0.01
2024-07-08,HIGHAUS-24JUL08-B83.5,HIGHAUS-24JUL08,83-85F,83.0,83.0,85.0,between,between,0.01,0,93.02,no,0,300,0.0,0.01
2024-07-08,HIGHAUS-24JUL08-B85.5,HIGHAUS-24JUL08,85-87F,85.0,85.0,87.0,between,between,0.01,0,93.02,no,0,1256,0.0,0.01
2024-07-08,HIGHAUS-24JUL08-B87.5,HIGHAUS-24JUL08,87-89F,87.0,87.0,89.0,between,between,0.01,0,93.02,no,0,2855,0.0,0.01
2024-07-08,HIGHAUS-24JUL08-B89.5,HIGHAUS-24JUL08,89-91F,89.0,89.0,91.0,between,between,0.01,0,93.02,no,0,1507,0.0,0.01
2024-07-08,HIGHAUS-24JUL08-T90,HIGHAUS-24JUL08,Above 90F,90.0,90.0,,above,greater,0.99,1,93.02,yes,100,3240,0.99,1.0
2024-07-09,HIGHAUS-24JUL09-T91,HIGHAUS-24JUL09,Below 91F,91.0,,91.0,below,less,0.0,0,96.08,no,0,0,0.0,0.01
2024-07-09,HIGHAUS-24JUL09-B91.5,HIGHAUS-24JUL09,91-93F,91.0,91.0,93.0,between,between,0.01,0,96.08,no,0,101,0.0,0.01
2024-07-09,HIGHAUS-24JUL09-B93.5,HIGHAUS-24JUL09,93-95F,93.0,93.0,95.0,between,between,0.01,0,96.08,no,0,743,0.0,0.01
2024-07-09,HIGHAUS-24JUL09-B95.5,HIGHAUS-24JUL09,95-97F,95.0,95.0,97.0,between,between,0.99,1,96.08,yes,100,2172,0.98,1.0
2024-07-09,HIGHAUS-24JUL09-B97.5,HIGHAUS-24JUL09,97-99F,97.0,97.0,99.0,between,between,0.01,0,96.08,no,0,1505,0.0,0.02
2024-07-09,HIGHAUS-24JUL09-T98,HIGHAUS-24JUL09,Above 98F,98.0,98.0,,above,greater,0.5,0,96.08,no,0,1934,0.0,0.02
2024-07-10,HIGHAUS-24JUL10-B94.5,HIGHAUS-24JUL10,94-96F,94.0,94.0,96.0,between,between,0.01,0,96.98,no,0,1667,0.0,0.01
2024-07-10,HIGHAUS-24JUL10-T94,HIGHAUS-24JUL10,Below 94F,94.0,,94.0,below,less,0.01,0,96.98,no,0,1047,0.0,0.01
2024-07-10,HIGHAUS-24JUL10-B96.5,HIGHAUS-24JUL10,96-98F,96.0,96.0,98.0,between,between,0.99,1,96.98,yes,100,2778,0.98,1.0
2024-07-10,HIGHAUS-24JUL10-B98.5,HIGHAUS-24JUL10,98-100F,98.0,98.0,100.0,between,between,0.01,0,96.98,no,0,1453,0.0,0.01
2024-07-10,HIGHAUS-24JUL10-B100.5,HIGHAUS-24JUL10,100-102F,100.0,100.0,102.0,between,between,0.01,0,96.98,no,0,401,0.0,0.03
2024-07-10,HIGHAUS-24JUL10-T101,HIGHAUS-24JUL10,Above 101F,101.0,101.0,,above,greater,0.01,0,96.98,no,0,116,0.0,0.03
2024-07-11,HIGHAUS-24JUL11-T93,HIGHAUS-24JUL11,Below 93F,93.0,,93.0,below,less,0.01,0,95.0,no,0,618,0.0,0.01
2024-07-11,HIGHAUS-24JUL11-B93.5,HIGHAUS-24JUL11,93-95F,93.0,93.0,95.0,between,between,0.01,0,95.0,no,0,1543,0.0,0.01
2024-07-11,HIGHAUS-24JUL11-B95.5,HIGHAUS-24JUL11,95-97F,95.0,95.0,97.0,between,between,0.99,1,95.0,yes,100,1763,0.85,0.99
2024-07-11,HIGHAUS-24JUL11-B97.5,HIGHAUS-24JUL11,97-99F,97.0,97.0,99.0,between,between,0.01,0,95.0,no,0,1623,0.01,0.1
2024-07-11,HIGHAUS-24JUL11-B99.5,HIGHAUS-24JUL11,99-101F,99.0,99.0,101.0,between,between,0.01,0,95.0,no,0,467,0.0,0.14
2024-07-11,HIGHAUS-24JUL11-T100,HIGHAUS-24JUL11,Above 100F,100.0,100.0,,above,greater,0.01,0,95.0,no,0,25,0.0,0.01
2024-07-12,HIGHAUS-24JUL12-B89.5,HIGHAUS-24JUL12,89-91F,89.0,89.0,91.0,between,between,0.01,0,87.08000000000001,no,0,3683,0.0,0.01
2024-07-12,HIGHAUS-24JUL12-T89,HIGHAUS-24JUL12,Below 89F,89.0,,89.0,below,less,0.97,1,87.08000000000001,yes,100,2473,0.99,1.0
2024-07-12,HIGHAUS-24JUL12-B91.5,HIGHAUS-24JUL12,91-93F,91.0,91.0,93.0,between,between,0.18,0,87.08000000000001,no,0,847,0.0,0.01
2024-07-12,HIGHAUS-24JUL12-B93.5,HIGHAUS-24JUL12,93-95F,93.0,93.0,95.0,between,between,0.01,0,87.08000000000001,no,0,1704,0.0,0.03
2024-07-12,HIGHAUS-24JUL12-B95.5,HIGHAUS-24JUL12,95-97F,95.0,95.0,97.0,between,between,0.01,0,87.08000000000001,no,0,775,0.0,0.02
2024-07-12,HIGHAUS-24JUL12-T96,HIGHAUS-24JUL12,Above 96F,96.0,96.0,,above,greater,0.01,0,87.08000000000001,no,0,100,0.0,0.01
2024-07-13,HIGHAUS-24JUL13-B90.5,HIGHAUS-24JUL13,90-92F,90.0,90.0,92.0,between,between,0.03,0,89.06,no,0,1957,0.0,0.03
2024-07-13,HIGHAUS-24JUL13-T90,HIGHAUS-24JUL13,Below 90F,90.0,,90.0,below,less,0.99,1,89.06,yes,100,3709,0.97,1.0
2024-07-13,HIGHAUS-24JUL13-B92.5,HIGHAUS-24JUL13,92-94F,92.0,92.0,94.0,between,between,0.01,0,89.06,no,0,254,0.0,0.03
2024-07-13,HIGHAUS-24JUL13-B94.5,HIGHAUS-24JUL13,94-96F,94.0,94.0,96.0,between,between,0.09,0,89.06,no,0,506,0.0,0.03
2024-07-13,HIGHAUS-24JUL13-B96.5,HIGHAUS-24JUL13,96-98F,96.0,96.0,98.0,between,between,0.01,0,89.06,no,0,841,0.0,0.02
2024-07-13,HIGHAUS-24JUL13-T97,HIGHAUS-24JUL13,Above 97F,97.0,97.0,,above,greater,0.01,0,89.06,no,0,26,0.0,0.02
2024-07-14,HIGHAUS-24JUL14-B90.5,HIGHAUS-24JUL14,90-92F,90.0,90.0,92.0,between,between,0.01,0,91.94,no,0,3874,0.0,0.01
2024-07-14,HIGHAUS-24JUL14-T90,HIGHAUS-24JUL14,Below 90F,90.0,,90.0,below,less,0.01,0,91.94,no,0,3644,0.0,0.01
2024-07-14,HIGHAUS-24JUL14-B92.5,HIGHAUS-24JUL14,92-94F,92.0,92.0,94.0,between,between,0.97,1,91.94,yes,100,10017,0.97,1.0
2024-07-14,HIGHAUS-24JUL14-B94.5,HIGHAUS-24JUL14,94-96F,94.0,94.0,96.0,between,between,0.01,0,91.94,no,0,1159,0.0,0.03
2024-07-14,HIGHAUS-24JUL14-B96.5,HIGHAUS-24JUL14,96-98F,96.0,96.0,98.0,between,between,0.2,0,91.94,no,0,2185,0.0,0.01
2024-07-14,HIGHAUS-24JUL14-T97,HIGHAUS-24JUL14,Above 97F,97.0,97.0,,above,greater,0.07,0,91.94,no,0,485,0.0,0.03
2024-07-15,HIGHAUS-24JUL15-B93.5,HIGHAUS-24JUL15,93-95F,93.0,93.0,95.0,between,between,0.13,0,96.08,no,0,1261,0.0,0.01
2024-07-15,HIGHAUS-24JUL15-T93,HIGHAUS-24JUL15,Below 93F,93.0,,93.0,below,less,0.01,0,96.08,no,0,434,0.0,0.01
2024-07-15,HIGHAUS-24JUL15-B95.5,HIGHAUS-24JUL15,95-97F,95.0,95.0,97.0,between,between,0.98,1,96.08,yes,100,2032,0.98,1.0
2024-07-15,HIGHAUS-24JUL15-B97.5,HIGHAUS-24JUL15,97-99F,97.0,97.0,99.0,between,between,0.02,0,96.08,no,0,3043,0.0,0.02
2024-07-15,HIGHAUS-24JUL15-B99.5,HIGHAUS-24JUL15,99-101F,99.0,99.0,101.0,between,between,0.03,0,96.08,no,0,3073,0.0,0.01
2024-07-15,HIGHAUS-24JUL15-T100,HIGHAUS-24JUL15,Above 100F,100.0,100.0,,above,greater,0.01,0,96.08,no,0,53,0.0,0.01
2024-07-16,HIGHAUS-24JUL16-T94,HIGHAUS-24JUL16,Below 94F,94.0,,94.0,below,less,0.01,0,96.98,no,0,30,0.0,0.01
2024-07-16,HIGHAUS-24JUL16-B94.5,HIGHAUS-24JUL16,94-96F,94.0,94.0,96.0,between,between,0.01,0,96.98,no,0,1929,0.0,0.01
2024-07-16,HIGHAUS-24JUL16-B96.5,HIGHAUS-24JUL16,96-98F,96.0,96.0,98.0,between,between,0.98,1,96.98,yes,100,3089,0.99,1.0
2024-07-16,HIGHAUS-24JUL16-B98.5,HIGHAUS-24JUL16,98-100F,98.0,98.0,100.0,between,between,0.01,0,96.98,no,0,2554,0.0,0.01
2024-07-16,HIGHAUS-24JUL16-B100.5,HIGHAUS-24JUL16,100-102F,100.0,100.0,102.0,between,between,0.02,0,96.98,no,0,2859,0.0,0.01
2024-07-16,HIGHAUS-24JUL16-T101,HIGHAUS-24JUL16,Above 101F,101.0,101.0,,above,greater,0.01,0,96.98,no,0,27,0.0,0.01
2024-07-17,HIGHAUS-24JUL17-B95.5,HIGHAUS-24JUL17,95-97F,95.0,95.0,97.0,between,between,0.99,1,96.0,yes,100,1349,0.99,1.0
2024-07-17,HIGHAUS-24JUL17-T95,HIGHAUS-24JUL17,Below 95F,95.0,,95.0,below,less,0.01,0,96.0,no,0,407,0.0,0.01
2024-07-17,HIGHAUS-24JUL17-B97.5,HIGHAUS-24JUL17,97-99F,97.0,97.0,99.0,between,between,0.01,0,96.0,no,0,3907,0.0,0.01
2024-07-17,HIGHAUS-24JUL17-B99.5,HIGHAUS-24JUL17,99-101F,99.0,99.0,101.0,between,between,0.01,0,96.0,no,0,5705,0.0,0.01
2024-07-17,HIGHAUS-24JUL17-B101.5,HIGHAUS-24JUL17,101-103F,101.0,101.0,103.0,between,between,0.01,0,96.0,no,0,391,0.0,0.01
2024-07-17,HIGHAUS-24JUL17-T102,HIGHAUS-24JUL17,Above 102F,102.0,102.0,,above,greater,0.01,0,96.0,no,0,68,0.0,0.01
2024-07-18,HIGHAUS-24JUL18-B93.5,HIGHAUS-24JUL18,93-95F,93.0,93.0,95.0,between,between,0.01,0,95.0,no,0,12904,0.0,0.01
2024-07-18,HIGHAUS-24JUL18-T93,HIGHAUS-24JUL18,Below 93F,93.0,,93.0,below,less,0.01,0,95.0,no,0,8340,0.0,0.01
2024-07-18,HIGHAUS-24JUL18-B95.5,HIGHAUS-24JUL18,95-97F,95.0,95.0,97.0,between,between,0.99,1,95.0,yes,100,3999,0.99,1.0
2024-07-18,HIGHAUS-24JUL18-B97.5,HIGHAUS-24JUL18,97-99F,97.0,97.0,99.0,between,between,0.07,0,95.0,no,0,3103,0.0,0.01
2024-07-18,HIGHAUS-24JUL18-B99.5,HIGHAUS-24JUL18,99-101F,99.0,99.0,101.0,between,between,0.02,0,95.0,no,0,1234,0.0,0.01
2024-07-18,HIGHAUS-24JUL18-T100,HIGHAUS-24JUL18,Above 100F,100.0,100.0,,above,greater,0.09,0,95.0,no,0,119,0.0,0.01
2024-07-19,HIGHAUS-24JUL19-T91,HIGHAUS-24JUL19,Below 91F,91.0,,91.0,below,less,0.02,0,93.02,no,0,231,0.0,0.01
2024-07-19,HIGHAUS-24JUL19-B91.5,HIGHAUS-24JUL19,91-93F,91.0,91.0,93.0,between,between,0.01,0,93.02,no,0,5161,0.0,0.01
2024-07-19,HIGHAUS-24JUL19-B93.5,HIGHAUS-24JUL19,93-95F,93.0,93.0,95.0,between,between,0.99,1,93.02,yes,100,4426,0.99,1.0
2024-07-19,HIGHAUS-24JUL19-B95.5,HIGHAUS-24JUL19,95-97F,95.0,95.0,97.0,between,between,0.01,0,93.02,no,0,2737,0.0,0.01
2024-07-19,HIGHAUS-24JUL19-B97.5,HIGHAUS-24JUL19,97-99F,97.0,97.0,99.0,between,between,0.01,0,93.02,no,0,2418,0.0,0.01
2024-07-19,HIGHAUS-24JUL19-T98,HIGHAUS-24JUL19,Above 98F,98.0,98.0,,above,greater,0.01,0,93.02,no,0,360,0.0,0.01
2024-07-20,HIGHAUS-24JUL20-T93,HIGHAUS-24JUL20,Below 93F,93.0,,93.0,below,less,0.01,0,95.0,no,0,308,0.0,0.01
2024-07-20,HIGHAUS-24JUL20-B93.5,HIGHAUS-24JUL20,93-95F,93.0,93.0,95.0,between,between,0.03,0,95.0,no,0,4549,0.0,0.01
2024-07-20,HIGHAUS-24JUL20-B95.5,HIGHAUS-24JUL20,95-97F,95.0,95.0,97.0,between,between,0.99,1,95.0,yes,100,2473,0.99,1.0
2024-07-20,HIGHAUS-24JUL20-B97.5,HIGHAUS-24JUL20,97-99F,97.0,97.0,99.0,between,between,0.01,0,95.0,no,0,2821,0.0,0.01
2024-07-20,HIGHAUS-24JUL20-B99.5,HIGHAUS-24JUL20,99-101F,99.0,99.0,101.0,between,between,0.01,0,95.0,no,0,346,0.0,0.01
2024-07-20,HIGHAUS-24JUL20-T100,HIGHAUS-24JUL20,Above 100F,100.0,100.0,,above,greater,0.01,0,95.0,no,0,50,0.0,0.01
2024-07-21,HIGHAUS-24JUL21-T91,HIGHAUS-24JUL21,Below 91F,91.0,,91.0,below,less,0.06,0,96.08,no,0,682,0.0,0.01
2024-07-21,HIGHAUS-24JUL21-B91.5,HIGHAUS-24JUL21,91-93F,91.0,91.0,93.0,between,between,0.01,0,96.08,no,0,3308,0.0,0.01
2024-07-21,HIGHAUS-24JUL21-B93.5,HIGHAUS-24JUL21,93-95F,93.0,93.0,95.0,between,between,0.01,0,96.08,no,0,4773,0.0,0.01
2024-07-21,HIGHAUS-24JUL21-B95.5,HIGHAUS-24JUL21,95-97F,95.0,95.0,97.0,between,between,0.97,1,96.08,yes,100,6261,0.97,1.0
2024-07-21,HIGHAUS-24JUL21-B97.5,HIGHAUS-24JUL21,97-99F,97.0,97.0,99.0,between,between,0.01,0,96.08,no,0,1451,0.0,0.01
2024-07-21,HIGHAUS-24JUL21-T98,HIGHAUS-24JUL21,Above 98F,98.0,98.0,,above,greater,0.01,0,96.08,no,0,66,0.0,0.03
2024-07-22,HIGHAUS-24JUL22-B87.5,HIGHAUS-24JUL22,87-89F,87.0,87.0,89.0,between,between,0.01,0,91.04,no,0,5947,0.0,0.01
2024-07-22,HIGHAUS-24JUL22-T87,HIGHAUS-24JUL22,Below 87F,87.0,,87.0,below,less,0.01,0,91.04,no,0,7868,0.0,0.01
2024-07-22,HIGHAUS-24JUL22-B89.5,HIGHAUS-24JUL22,89-91F,89.0,89.0,91.0,between,between,0.01,0,91.04,no,0,11652,0.0,0.01
2024-07-22,HIGHAUS-24JUL22-B91.5,HIGHAUS-24JUL22,91-93F,91.0,91.0,93.0,between,between,0.98,1,91.04,yes,100,2572,0.98,1.0
2024-07-22,HIGHAUS-24JUL22-B93.5,HIGHAUS-24JUL22,93-95F,93.0,93.0,95.0,between,between,0.01,0,91.04,no,0,1040,0.0,0.01
2024-07-22,HIGHAUS-24JUL22-T94,HIGHAUS-24JUL22,Above 94F,94.0,94.0,,above,greater,0.03,0,91.04,no,0,870,0.0,0.01
2024-07-23,HIGHAUS-24JUL23-T82,HIGHAUS-24JUL23,Below 82F,82.0,,82.0,below,less,0.03,0,82.04,no,0,8237,0.0,0.02
2024-07-23,HIGHAUS-24JUL23-B82.5,HIGHAUS-24JUL23,82-84F,82.0,82.0,84.0,between,between,0.99,1,82.04,yes,100,5748,0.99,1.0
2024-07-23,HIGHAUS-24JUL23-B84.5,HIGHAUS-24JUL23,84-86F,84.0,84.0,86.0,between,between,0.01,0,82.04,no,0,4404,0.0,0.01
2024-07-23,HIGHAUS-24JUL23-B86.5,HIGHAUS-24JUL23,86-88F,86.0,86.0,88.0,between,between,0.03,0,82.04,no,0,3476,0.0,0.01
2024-07-23,HIGHAUS-24JUL23-B88.5,HIGHAUS-24JUL23,88-90F,88.0,88.0,90.0,between,between,0.01,0,82.04,no,0,1107,0.0,0.01
2024-07-23,HIGHAUS-24JUL23-T89,HIGHAUS-24JUL23,Above 89F,89.0,89.0,,above,greater,0.01,0,82.04,no,0,931,0.0,0.01
2024-07-24,HIGHAUS-24JUL24-B84.5,HIGHAUS-24JUL24,84-86F,84.0,84.0,86.0,between,between,0.01,0,89.06,no,0,1631,0.0,0.01
2024-07-24,HIGHAUS-24JUL24-T84,HIGHAUS-24JUL24,Below 84F,84.0,,84.0,below,less,0.01,0,89.06,no,0,3762,0.0,0.01
2024-07-24,HIGHAUS-24JUL24-B86.5,HIGHAUS-24JUL24,86-88F,86.0,86.0,88.0,between,between,0.01,0,89.06,no,0,2784,0.0,0.01
2024-07-24,HIGHAUS-24JUL24-B88.5,HIGHAUS-24JUL24,88-90F,88.0,88.0,90.0,between,between,0.99,1,89.06,yes,100,2195,0.99,1.0
2024-07-24,HIGHAUS-24JUL24-B90.5,HIGHAUS-24JUL24,90-92F,90.0,90.0,92.0,between,between,0.01,0,89.06,no,0,912,0.0,0.01
2024-07-24,HIGHAUS-24JUL24-T91,HIGHAUS-24JUL24,Above 91F,91.0,91.0,,above,greater,0.01,0,89.06,no,0,571,0.0,0.01
2024-07-25,HIGHAUS-24JUL25-T81,HIGHAUS-24JUL25,Below 81F,81.0,,81.0,below,less,0.01,0,87.98,no,0,882,0.0,0.01
2024-07-25,HIGHAUS-24JUL25-B81.5,HIGHAUS-24JUL25,81-83F,81.0,81.0,83.0,between,between,0.01,0,87.98,no,0,2860,0.0,0.01
2024-07-25,HIGHAUS-24JUL25-B83.5,HIGHAUS-24JUL25,83-85F,83.0,83.0,85.0,between,between,0.01,0,87.98,no,0,4514,0.0,0.01
2024-07-25,HIGHAUS-24JUL25-B85.5,HIGHAUS-24JUL25,85-87F,85.0,85.0,87.0,between,between,0.01,0,87.98,no,0,2916,0.0,0.01
2024-07-25,HIGHAUS-24JUL25-B87.5,HIGHAUS-24JUL25,87-89F,87.0,87.0,89.0,between,between,0.99,1,87.98,yes,100,1616,0.99,1.0
2024-07-25,HIGHAUS-24JUL25-T88,HIGHAUS-24JUL25,Above 88F,88.0,88.0,,above,greater,0.01,0,87.98,no,0,1604,0.0,0.01
2024-07-26,HIGHAUS-24JUL26-B80.5,HIGHAUS-24JUL26,80-82F,80.0,80.0,82.0,between,between,0.01,0,89.06,no,0,71,0.0,0.01
2024-07-26,HIGHAUS-24JUL26-T80,HIGHAUS-24JUL26,Below 80F,80.0,,80.0,below,less,0.01,0,89.06,no,0,46,0.0,0.01
2024-07-26,HIGHAUS-24JUL26-B82.5,HIGHAUS-24JUL26,82-84F,82.0,82.0,84.0,between,between,0.01,0,89.06,no,0,369,0.0,0.01
2024-07-26,HIGHAUS-24JUL26-B84.5,HIGHAUS-24JUL26,84-86F,84.0,84.0,86.0,between,between,0.01,0,89.06,no,0,3729,0.0,0.01
2024-07-26,HIGHAUS-24JUL26-B86.5,HIGHAUS-24JUL26,86-88F,86.0,86.0,88.0,between,between,0.03,0,89.06,no,0,4171,0.0,0.01
2024-07-26,HIGHAUS-24JUL26-T87,HIGHAUS-24JUL26,Above 87F,87.0,87.0,,above,greater,0.99,1,89.06,yes,100,5710,0.99,1.0
2024-07-27,HIGHAUS-24JUL27-T83,HIGHAUS-24JUL27,Below 83F,83.0,,83.0,below,less,0.01,0,86.0,no,0,807,0.0,0.01
2024-07-27,HIGHAUS-24JUL27-B83.5,HIGHAUS-24JUL27,83-85F,83.0,83.0,85.0,between,between,0.01,0,86.0,no,0,2429,0.0,0.01
2024-07-27,HIGHAUS-24JUL27-B85.5,HIGHAUS-24JUL27,85-87F,85.0,85.0,87.0,between,between,0.99,1,86.0,yes,100,3870,0.97,1.0
2024-07-27,HIGHAUS-24JUL27-B87.5,HIGHAUS-24JUL27,87-89F,87.0,87.0,89.0,between,between,0.01,0,86.0,no,0,2308,0.0,0.03
2024-07-27,HIGHAUS-24JUL27-B89.5,HIGHAUS-24JUL27,89-91F,89.0,89.0,91.0,between,between,0.07,0,86.0,no,0,2125,0.0,0.03
2024-07-27,HIGHAUS-24JUL27-T90,HIGHAUS-24JUL27,Above 90F,90.0,90.0,,above,greater,0.01,0,86.0,no,0,902,0.0,0.03
2024-07-28,HIGHAUS-24JUL28-B84.5,HIGHAUS-24JUL28,84-86F,84.0,84.0,86.0,between,between,0.01,0,87.08000000000001,no,0,684,0.0,0.01
2024-07-28,HIGHAUS-24JUL28-T84,HIGHAUS-24JUL28,Below 84F,84.0,,84.0,below,less,0.01,0,87.08000000000001,no,0,168,0.0,0.01
2024-07-28,HIGHAUS-24JUL28-B86.5,HIGHAUS-24JUL28,86-88F,86.0,86.0,88.0,between,between,0.99,1,87.08000000000001,yes,100,6598,0.97,1.0
2024-07-28,HIGHAUS-24JUL28-B88.5,HIGHAUS-24JUL28,88-90F,88.0,88.0,90.0,between,between,0.01,0,87.08000000000001,no,0,4476,0.0,0.03
2024-07-28,HIGHAUS-24JUL28-B90.5,HIGHAUS-24JUL28,90-92F,90.0,90.0,92.0,between,between,0.01,0,87.08000000000001,no,0,3782,0.0,0.03
2024-07-28,HIGHAUS-24JUL28-T91,HIGHAUS-24JUL28,Above 91F,91.0,91.0,,above,greater,0.01,0,87.08000000000001,no,0,2587,0.0,0.03
2024-07-29,HIGHAUS-24JUL29-T90,HIGHAUS-24JUL29,Below 90F,90.0,,90.0,below,less,0.01,0,95.0,no,0,1050,0.0,0.01
2024-07-29,HIGHAUS-24JUL29-B90.5,HIGHAUS-24JUL29,90-92F,90.0,90.0,92.0,between,between,0.01,0,95.0,no,0,809,0.0,0.01
2024-07-29,HIGHAUS-24JUL29-B92.5,HIGHAUS-24JUL29,92-94F,92.0,92.0,94.0,between,between,0.08,0,95.0,no,0,2756,0.0,0.01
2024-07-29,HIGHAUS-24JUL29-B94.5,HIGHAUS-24JUL29,94-96F,94.0,94.0,96.0,between,between,0.99,1,95.0,yes,100,2741,0.99,1.0
2024-07-29,HIGHAUS-24JUL29-B96.5,HIGHAUS-24JUL29,96-98F,96.0,96.0,98.0,between,between,0.01,0,95.0,no,0,3209,0.0,0.01
2024-07-29,HIGHAUS-24JUL29-T97,HIGHAUS-24JUL29,Above 97F,97.0,97.0,,above,greater,0.01,0,95.0,no,0,1134,0.0,0.01
2024-07-30,HIGHAUS-24JUL30-T91,HIGHAUS-24JUL30,Below 91F,91.0,,91.0,below,less,0.01,0,93.92,no,0,50,0.0,0.01
2024-07-30,HIGHAUS-24JUL30-B91.5,HIGHAUS-24JUL30,91-93F,91.0,91.0,93.0,between,between,0.01,0,93.92,no,0,7058,0.0,0.01
2024-07-30,HIGHAUS-24JUL30-B93.5,HIGHAUS-24JUL30,93-95F,93.0,93.0,95.0,between,between,0.99,1,93.92,yes,100,4625,0.99,1.0
2024-07-30,HIGHAUS-24JUL30-B95.5,HIGHAUS-24JUL30,95-97F,95.0,95.0,97.0,between,between,0.01,0,93.92,no,0,3054,0.0,0.01
2024-07-30,HIGHAUS-24JUL30-B97.5,HIGHAUS-24JUL30,97-99F,97.0,97.0,99.0,between,between,0.01,0,93.92,no,0,6434,0.0,0.01
2024-07-30,HIGHAUS-24JUL30-T98,HIGHAUS-24JUL30,Above 98F,98.0,98.0,,above,greater,0.01,0,93.92,no,0,50,0.0,0.01
2024-07-31,HIGHAUS-24JUL31-B92.5,HIGHAUS-24JUL31,92-94F,92.0,92.0,94.0,between,between,0.01,0,95.0,no,0,1245,0.0,0.01
2024-07-31,HIGHAUS-24JUL31-T92,HIGHAUS-24JUL31,Below 92F,92.0,,92.0,below,less,0.01,0,95.0,no,0,550,0.0,0.01
2024-07-31,HIGHAUS-24JUL31-B94.5,HIGHAUS-24JUL31,94-96F,94.0,94.0,96.0,between,between,0.99,1,95.0,yes,100,6020,0.99,1.0
2024-07-31,HIGHAUS-24JUL31-B96.5,HIGHAUS-24JUL31,96-98F,96.0,96.0,98.0,between,between,0.01,0,95.0,no,0,2622,0.0,0.01
2024-07-31,HIGHAUS-24JUL31-B98.5,HIGHAUS-24JUL31,98-100F,98.0,98.0,100.0,between,between,0.15,0,95.0,no,0,2966,0.0,0.01
2024-07-31,HIGHAUS-24JUL31-T99,HIGHAUS-24JUL31,Above 99F,99.0,99.0,,above,greater,0.01,0,95.0,no,0,204,0.0,0.01
2024-08-01,HIGHAUS-24AUG01-T93,HIGHAUS-24AUG01,Below 93F,93.0,,93.0,below,less,0.01,0,96.08,no,0,129,0.0,0.01
2024-08-01,HIGHAUS-24AUG01-B93.5,HIGHAUS-24AUG01,93-95F,93.0,93.0,95.0,between,between,0.01,0,96.08,no,0,6599,0.0,0.01
2024-08-01,HIGHAUS-24AUG01-B95.5,HIGHAUS-24AUG01,95-97F,95.0,95.0,97.0,between,between,0.99,1,96.08,yes,100,7291,0.99,1.0
2024-08-01,HIGHAUS-24AUG01-B97.5,HIGHAUS-24AUG01,97-99F,97.0,97.0,99.0,between,between,0.01,0,96.08,no,0,5485,0.0,0.01
2024-08-01,HIGHAUS-24AUG01-B99.5,HIGHAUS-24AUG01,99-101F,99.0,99.0,101.0,between,between,0.01,0,96.08,no,0,702,0.0,0.01
2024-08-01,HIGHAUS-24AUG01-T100,HIGHAUS-24AUG01,Above 100F,100.0,100.0,,above,greater,0.01,0,96.08,no,0,50,0.0,0.01
2024-08-02,HIGHAUS-24AUG02-T95,HIGHAUS-24AUG02,Below 95F,95.0,,95.0,below,less,0.01,0,96.98,no,0,140,0.0,0.01
2024-08-02,HIGHAUS-24AUG02-B95.5,HIGHAUS-24AUG02,95-97F,95.0,95.0,97.0,between,between,0.03,0,96.98,no,0,1307,0.0,0.01
2024-08-02,HIGHAUS-24AUG02-B97.5,HIGHAUS-24AUG02,97-99F,97.0,97.0,99.0,between,between,0.99,1,96.98,yes,100,4321,0.99,1.0
2024-08-02,HIGHAUS-24AUG02-B99.5,HIGHAUS-24AUG02,99-101F,99.0,99.0,101.0,between,between,0.01,0,96.98,no,0,3896,0.0,0.01
2024-08-02,HIGHAUS-24AUG02-B101.5,HIGHAUS-24AUG02,101-103F,101.0,101.0,103.0,between,between,0.01,0,96.98,no,0,1592,0.0,0.01
2024-08-02,HIGHAUS-24AUG02-T102,HIGHAUS-24AUG02,Above 102F,102.0,102.0,,above,greater,0.01,0,96.98,no,0,155,0.0,0.01
2024-08-03,HIGHAUS-24AUG03-B98.5,HIGHAUS-24AUG03,98-100F,98.0,98.0,100.0,between,between,0.99,1,99.0,yes,100,4027,0.97,1.0
2024-08-03,HIGHAUS-24AUG03-T98,HIGHAUS-24AUG03,Below 98F,98.0,,98.0,below,less,0.01,0,99.0,no,0,6405,0.0,0.01
2024-08-03,HIGHAUS-24AUG03-B100.5,HIGHAUS-24AUG03,100-102F,100.0,100.0,102.0,between,between,0.01,0,99.0,no,0,2639,0.0,0.01
2024-08-03,HIGHAUS-24AUG03-B102.5,HIGHAUS-24AUG03,102-104F,102.0,102.0,104.0,between,between,0.1,0,99.0,no,0,2271,0.0,0.01
2024-08-03,HIGHAUS-24AUG03-B104.5,HIGHAUS-24AUG03,104-106F,104.0,104.0,106.0,between,between,0.01,0,99.0,no,0,558,0.0,0.02
2024-08-03,HIGHAUS-24AUG03-T105,HIGHAUS-24AUG03,Above 105F,105.0,105.0,,above,greater,0.01,0,99.0,no,0,158,0.0,0.01
2024-08-04,HIGHAUS-24AUG04-T95,HIGHAUS-24AUG04,Below 95F,95.0,,95.0,below,less,0.01,0,96.08,no,0,247,0.0,0.01
2024-08-04,HIGHAUS-24AUG04-B95.5,HIGHAUS-24AUG04,95-97F,95.0,95.0,97.0,between,between,0.97,1,96.08,yes,100,4048,0.97,1.0
2024-08-04,HIGHAUS-24AUG04-B97.5,HIGHAUS-24AUG04,97-99F,97.0,97.0,99.0,between,between,0.03,0,96.08,no,0,4750,0.0,0.03
2024-08-04,HIGHAUS-24AUG04-B99.5,HIGHAUS-24AUG04,99-101F,99.0,99.0,101.0,between,between,0.01,0,96.08,no,0,768,0.0,0.01
2024-08-04,HIGHAUS-24AUG04-B101.5,HIGHAUS-24AUG04,101-103F,101.0,101.0,103.0,between,between,0.03,0,96.08,no,0,456,0.0,0.01
2024-08-04,HIGHAUS-24AUG04-T102,HIGHAUS-24AUG04,Above 102F,102.0,102.0,,above,greater,0.01,0,96.08,no,0,50,0.0,0.01
2024-08-05,HIGHAUS-24AUG05-B94.5,HIGHAUS-24AUG05,94-96F,94.0,94.0,96.0,between,between,0.01,0,98.06,no,0,2732,0.0,0.01
2024-08-05,HIGHAUS-24AUG05-T94,HIGHAUS-24AUG05,Below 94F,94.0,,94.0,below,less,0.01,0,98.06,no,0,600,0.0,0.01
2024-08-05,HIGHAUS-24AUG05-B96.5,HIGHAUS-24AUG05,96-98F,96.0,96.0,98.0,between,between,0.01,0,98.06,no,0,5606,0.0,0.01
2024-08-05,HIGHAUS-24AUG05-B98.5,HIGHAUS-24AUG05,98-100F,98.0,98.0,100.0,between,between,0.98,1,98.06,yes,100,3715,0.98,1.0
2024-08-05,HIGHAUS-24AUG05-B100.5,HIGHAUS-24AUG05,100-102F,100.0,100.0,102.0,between,between,0.05,0,98.06,no,0,1653,0.0,0.01
2024-08-05,HIGHAUS-24AUG05-T101,HIGHAUS-24AUG05,Above 101F,101.0,101.0,,above,greater,0.01,0,98.06,no,0,150,0.0,0.01
2024-08-06,HIGHAUS-24AUG06-T96,HIGHAUS-24AUG06,Below 96F,96.0,,96.0,below,less,0.01,0,98.06,no,0,245,0.0,0.01
2024-08-06,HIGHAUS-24AUG06-B96.5,HIGHAUS-24AUG06,96-98F,96.0,96.0,98.0,between,between,0.01,0,98.06,no,0,848,0.0,0.01
2024-08-06,HIGHAUS-24AUG06-B98.5,HIGHAUS-24AUG06,98-100F,98.0,98.0,100.0,between,between,0.99,1,98.06,yes,100,3692,0.99,1.0
2024-08-06,HIGHAUS-24AUG06-B100.5,HIGHAUS-24AUG06,100-102F,100.0,100.0,102.0,between,between,0.01,0,98.06,no,0,2222,0.0,0.01
2024-08-06,HIGHAUS-24AUG06-B102.5,HIGHAUS-24AUG06,102-104F,102.0,102.0,104.0,between,between,0.01,0,98.06,no,0,150,0.0,0.01
2024-08-06,HIGHAUS-24AUG06-T103,HIGHAUS-24AUG06,Above 103F,103.0,103.0,,above,greater,0.01,0,98.06,no,0,50,0.0,0.01
2024-08-07,HIGHAUS-24AUG07-T98,HIGHAUS-24AUG07,Below 98F,98.0,,98.0,below,less,0.01,0,102.02,no,0,1978,0.0,0.01
2024-08-07,HIGHAUS-24AUG07-B98.5,HIGHAUS-24AUG07,98-100F,98.0,98.0,100.0,between,between,0.01,0,102.02,no,0,1075,0.0,0.01
2024-08-07,HIGHAUS-24AUG07-B100.5,HIGHAUS-24AUG07,100-102F,100.0,100.0,102.0,between,between,0.01,0,102.02,no,0,2886,0.0,0.01
2024-08-07,HIGHAUS-24AUG07-B102.5,HIGHAUS-24AUG07,102-104F,102.0,102.0,104.0,between,between,0.99,1,102.02,yes,100,4501,0.99,1.0
2024-08-07,HIGHAUS-24AUG07-B104.5,HIGHAUS-24AUG07,104-106F,104.0,104.0,106.0,between,between,0.01,0,102.02,no,0,2617,0.0,0.01
2024-08-07,HIGHAUS-24AUG07-T105,HIGHAUS-24AUG07,Above 105F,105.0,105.0,,above,greater,0.01,0,102.02,no,0,621,0.0,0.01
2024-08-08,HIGHAUS-24AUG08-T99,HIGHAUS-24AUG08,Below 99F,99.0,,99.0,below,less,0.02,0,98.96,no,0,374,0.0,0.01
2024-08-08,HIGHAUS-24AUG08-B99.5,HIGHAUS-24AUG08,99-101F,99.0,99.0,101.0,between,between,0.99,1,98.96,yes,100,3644,0.99,1.0
2024-08-08,HIGHAUS-24AUG08-B101.5,HIGHAUS-24AUG08,101-103F,101.0,101.0,103.0,between,between,0.01,0,98.96,no,0,5507,0.0,0.01
2024-08-08,HIGHAUS-24AUG08-B103.5,HIGHAUS-24AUG08,103-105F,103.0,103.0,105.0,between,between,0.01,0,98.96,no,0,4083,0.0,0.01
2024-08-08,HIGHAUS-24AUG08-B105.5,HIGHAUS-24AUG08,105-107F,105.0,105.0,107.0,between,between,0.01,0,98.96,no,0,70,0.0,0.01
2024-08-08,HIGHAUS-24AUG08-T106,HIGHAUS-24AUG08,Above 106F,106.0,106.0,,above,greater,0.01,0,98.96,no,0,53,0.0,0.01
2024-08-09,HIGHAUS-24AUG09-B97.5,HIGHAUS-24AUG09,97-99F,97.0,97.0,99.0,between,between,0.01,0,98.96,no,0,4287,0.0,0.01
2024-08-09,HIGHAUS-24AUG09-T97,HIGHAUS-24AUG09,Below 97F,97.0,,97.0,below,less,0.01,0,98.96,no,0,1934,0.0,0.01
2024-08-09,HIGHAUS-24AUG09-B99.5,HIGHAUS-24AUG09,99-101F,99.0,99.0,101.0,between,between,0.97,1,98.96,yes,100,3177,0.97,1.0
2024-08-09,HIGHAUS-24AUG09-B101.5,HIGHAUS-24AUG09,101-103F,101.0,101.0,103.0,between,between,0.03,0,98.96,no,0,2552,0.0,0.02
2024-08-09,HIGHAUS-24AUG09-B103.5,HIGHAUS-24AUG09,103-105F,103.0,103.0,105.0,between,between,0.01,0,98.96,no,0,52,0.0,0.03
2024-08-09,HIGHAUS-24AUG09-T104,HIGHAUS-24AUG09,Above 104F,104.0,104.0,,above,greater,0.01,0,98.96,no,0,50,0.0,0.03
2024-08-10,HIGHAUS-24AUG10-T94,HIGHAUS-24AUG10,Below 94F,94.0,,94.0,below,less,0.08,0,96.98,no,0,195,0.0,0.01
2024-08-10,HIGHAUS-24AUG10-B94.5,HIGHAUS-24AUG10,94-96F,94.0,94.0,96.0,between,between,0.01,0,96.98,no,0,3054,0.0,0.01
2024-08-10,HIGHAUS-24AUG10-B96.5,HIGHAUS-24AUG10,96-98F,96.0,96.0,98.0,between,between,0.99,1,96.98,yes,100,4643,0.99,1.0
2024-08-10,HIGHAUS-24AUG10-B98.5,HIGHAUS-24AUG10,98-100F,98.0,98.0,100.0,between,between,0.01,0,96.98,no,0,3099,0.0,0.01
2024-08-10,HIGHAUS-24AUG10-B100.5,HIGHAUS-24AUG10,100-102F,100.0,100.0,102.0,between,between,0.07,0,96.98,no,0,1101,0.0,0.01
2024-08-10,HIGHAUS-24AUG10-T101,HIGHAUS-24AUG10,Above 101F,101.0,101.0,,above,greater,0.05,0,96.98,no,0,54,0.0,0.01
2024-08-11,HIGHAUS-24AUG11-T95,HIGHAUS-24AUG11,Below 95F,95.0,,95.0,below,less,0.01,0,96.98,no,0,271,0.0,0.01
2024-08-11,HIGHAUS-24AUG11-B95.5,HIGHAUS-24AUG11,95-97F,95.0,95.0,97.0,between,between,0.01,0,96.98,no,0,903,0.0,0.01
2024-08-11,HIGHAUS-24AUG11-B97.5,HIGHAUS-24AUG11,97-99F,97.0,97.0,99.0,between,between,0.99,1,96.98,yes,100,1850,0.98,1.0
2024-08-11,HIGHAUS-24AUG11-B99.5,HIGHAUS-24AUG11,99-101F,99.0,99.0,101.0,between,between,0.01,0,96.98,no,0,750,0.0,0.03
2024-08-11,HIGHAUS-24AUG11-B101.5,HIGHAUS-24AUG11,101-103F,101.0,101.0,103.0,between,between,0.01,0,96.98,no,0,202,0.0,0.01
2024-08-11,HIGHAUS-24AUG11-T102,HIGHAUS-24AUG11,Above 102F,102.0,102.0,,above,greater,0.01,0,96.98,no,0,50,0.0,0.03
2024-08-12,HIGHAUS-24AUG12-T94,HIGHAUS-24AUG12,Below 94F,94.0,,94.0,below,less,0.01,0,98.96,no,0,50,0.0,0.01
2024-08-12,HIGHAUS-24AUG12-B94.5,HIGHAUS-24AUG12,94-96F,94.0,94.0,96.0,between,between,0.01,0,98.96,no,0,91,0.0,0.01
2024-08-12,HIGHAUS-24AUG12-B96.5,HIGHAUS-24AUG12,96-98F,96.0,96.0,98.0,between,between,0.01,0,98.96,no,0,3982,0.0,0.01
2024-08-12,HIGHAUS-24AUG12-B98.5,HIGHAUS-24AUG12,98-100F,98.0,98.0,100.0,between,between,0.97,1,98.96,yes,100,10314,0.97,1.0
2024-08-12,HIGHAUS-24AUG12-B100.5,HIGHAUS-24AUG12,100-102F,100.0,100.0,102.0,between,between,0.09,0,98.96,no,0,1248,0.0,0.01
2024-08-12,HIGHAUS-24AUG12-T101,HIGHAUS-24AUG12,Above 101F,101.0,101.0,,above,greater,0.02,0,98.96,no,0,201,0.0,0.01
2024-08-13,HIGHAUS-24AUG13-B94.5,HIGHAUS-24AUG13,94-96F,94.0,94.0,96.0,between,between,0.01,0,98.06,no,0,231,0.0,0.01
2024-08-13,HIGHAUS-24AUG13-T94,HIGHAUS-24AUG13,Below 94F,94.0,,94.0,below,less,0.05,0,98.06,no,0,80,0.0,0.01
2024-08-13,HIGHAUS-24AUG13-B96.5,HIGHAUS-24AUG13,96-98F,96.0,96.0,98.0,between,between,0.01,0,98.06,no,0,4044,0.0,0.01
2024-08-13,HIGHAUS-24AUG13-B98.5,HIGHAUS-24AUG13,98-100F,98.0,98.0,100.0,between,between,0.99,1,98.06,yes,100,6847,0.97,1.0
2024-08-13,HIGHAUS-24AUG13-B100.5,HIGHAUS-24AUG13,100-102F,100.0,100.0,102.0,between,between,0.01,0,98.06,no,0,3979,0.0,0.01
2024-08-13,HIGHAUS-24AUG13-T101,HIGHAUS-24AUG13,Above 101F,101.0,101.0,,above,greater,0.01,0,98.06,no,0,109,0.0,0.01
2024-08-14,HIGHAUS-24AUG14-T94,HIGHAUS-24AUG14,Below 94F,94.0,,94.0,below,less,0.05,0,98.06,no,0,68,0.0,0.01
2024-08-14,HIGHAUS-24AUG14-B94.5,HIGHAUS-24AUG14,94-96F,94.0,94.0,96.0,between,between,0.01,0,98.06,no,0,54,0.0,0.01
2024-08-14,HIGHAUS-24AUG14-B96.5,HIGHAUS-24AUG14,96-98F,96.0,96.0,98.0,between,between,0.01,0,98.06,no,0,6151,0.0,0.01
2024-08-14,HIGHAUS-24AUG14-B98.5,HIGHAUS-24AUG14,98-100F,98.0,98.0,100.0,between,between,0.99,1,98.06,yes,100,3699,0.99,1.0
2024-08-14,HIGHAUS-24AUG14-B100.5,HIGHAUS-24AUG14,100-102F,100.0,100.0,102.0,between,between,0.01,0,98.06,no,0,2781,0.0,0.01
2024-08-14,HIGHAUS-24AUG14-T101,HIGHAUS-24AUG14,Above 101F,101.0,101.0,,above,greater,0.01,0,98.06,no,0,234,0.0,0.01
2024-08-15,HIGHAUS-24AUG15-T96,HIGHAUS-24AUG15,Below 96F,96.0,,96.0,below,less,0.01,0,98.96,no,0,50,0.0,0.01
2024-08-15,HIGHAUS-24AUG15-B96.5,HIGHAUS-24AUG15,96-98F,96.0,96.0,98.0,between,between,0.01,0,98.96,no,0,3213,0.0,0.01
2024-08-15,HIGHAUS-24AUG15-B98.5,HIGHAUS-24AUG15,98-100F,98.0,98.0,100.0,between,between,0.98,1,98.96,yes,100,4558,0.99,1.0
2024-08-15,HIGHAUS-24AUG15-B100.5,HIGHAUS-24AUG15,100-102F,100.0,100.0,102.0,between,between,0.01,0,98.96,no,0,3574,0.0,0.01
2024-08-15,HIGHAUS-24AUG15-B102.5,HIGHAUS-24AUG15,102-104F,102.0,102.0,104.0,between,between,0.06,0,98.96,no,0,493,0.0,0.01
2024-08-15,HIGHAUS-24AUG15-T103,HIGHAUS-24AUG15,Above 103F,103.0,103.0,,above,greater,0.05,0,98.96,no,0,51,0.0,0.01
2024-08-16,HIGHAUS-24AUG16-T96,HIGHAUS-24AUG16,Below 96F,96.0,,96.0,below,less,0.01,0,98.96,no,0,50,0.0,0.01
2024-08-16,HIGHAUS-24AUG16-B96.5,HIGHAUS-24AUG16,96-98F,96.0,96.0,98.0,between,between,0.01,0,98.96,no,0,335,0.0,0.01
2024-08-16,HIGHAUS-24AUG16-B98.5,HIGHAUS-24AUG16,98-100F,98.0,98.0,100.0,between,between,0.97,1,98.96,yes,100,4836,0.97,1.0
2024-08-16,HIGHAUS-24AUG16-B100.5,HIGHAUS-24AUG16,100-102F,100.0,100.0,102.0,between,between,0.03,0,98.96,no,0,3116,0.0,0.03
2024-08-16,HIGHAUS-24AUG16-B102.5,HIGHAUS-24AUG16,102-104F,102.0,102.0,104.0,between,between,0.01,0,98.96,no,0,551,0.0,0.01
2024-08-16,HIGHAUS-24AUG16-T103,HIGHAUS-24AUG16,Above 103F,103.0,103.0,,above,greater,0.01,0,98.96,no,0,50,0.0,0.01
2024-08-17,HIGHAUS-24AUG17-T96,HIGHAUS-24AUG17,Below 96F,96.0,,96.0,below,less,0.01,0,100.94,no,0,50,0.0,0.01
2024-08-17,HIGHAUS-24AUG17-B96.5,HIGHAUS-24AUG17,96-98F,96.0,96.0,98.0,between,between,0.01,0,100.94,no,0,70,0.0,0.01
2024-08-17,HIGHAUS-24AUG17-B98.5,HIGHAUS-24AUG17,98-100F,98.0,98.0,100.0,between,between,0.01,0,100.94,no,0,6407,0.0,0.01
2024-08-17,HIGHAUS-24AUG17-B100.5,HIGHAUS-24AUG17,100-102F,100.0,100.0,102.0,between,between,0.99,1,100.94,yes,100,5810,0.99,1.0
2024-08-17,HIGHAUS-24AUG17-B102.5,HIGHAUS-24AUG17,102-104F,102.0,102.0,104.0,between,between,0.05,0,100.94,no,0,3543,0.0,0.01
2024-08-17,HIGHAUS-24AUG17-T103,HIGHAUS-24AUG17,Above 103F,103.0,103.0,,above,greater,0.01,0,100.94,no,0,50,0.0,0.01
2024-08-18,HIGHAUS-24AUG18-B97.5,HIGHAUS-24AUG18,97-99F,97.0,97.0,99.0,between,between,0.01,0,100.94,no,0,50,0.0,0.01
2024-08-18,HIGHAUS-24AUG18-T97,HIGHAUS-24AUG18,Below 97F,97.0,,97.0,below,less,0.01,0,100.94,no,0,100,0.0,0.01
2024-08-18,HIGHAUS-24AUG18-B99.5,HIGHAUS-24AUG18,99-101F,99.0,99.0,101.0,between,between,0.01,0,100.94,no,0,4792,0.0,0.01
2024-08-18,HIGHAUS-24AUG18-B101.5,HIGHAUS-24AUG18,101-103F,101.0,101.0,103.0,between,between,0.99,1,100.94,yes,100,6330,0.99,1.0
2024-08-18,HIGHAUS-24AUG18-B103.5,HIGHAUS-24AUG18,103-105F,103.0,103.0,105.0,between,between,0.14,0,100.94,no,0,4253,0.0,0.01
2024-08-18,HIGHAUS-24AUG18-T104,HIGHAUS-24AUG18,Above 104F,104.0,104.0,,above,greater,0.01,0,100.94,no,0,50,0.0,0.01
2024-08-19,HIGHAUS-24AUG19-B99.5,HIGHAUS-24AUG19,99-101F,99.0,99.0,101.0,between,between,0.03,0,102.92,no,0,65,0.0,0.01
2024-08-19,HIGHAUS-24AUG19-T99,HIGHAUS-24AUG19,Below 99F,99.0,,99.0,below,less,0.01,0,102.92,no,0,110,0.0,0.01
2024-08-19,HIGHAUS-24AUG19-B101.5,HIGHAUS-24AUG19,101-103F,101.0,101.0,103.0,between,between,0.03,0,102.92,no,0,12525,0.0,0.01
2024-08-19,HIGHAUS-24AUG19-B103.5,HIGHAUS-24AUG19,103-105F,103.0,103.0,105.0,between,between,0.98,1,102.92,yes,100,6576,0.98,1.0
2024-08-19,HIGHAUS-24AUG19-B105.5,HIGHAUS-24AUG19,105-107F,105.0,105.0,107.0,between,between,0.01,0,102.92,no,0,3142,0.0,0.02
2024-08-19,HIGHAUS-24AUG19-T106,HIGHAUS-24AUG19,Above 106F,106.0,106.0,,above,greater,0.01,0,102.92,no,0,50,0.0,0.01
2024-08-20,HIGHAUS-24AUG20-T102,HIGHAUS-24AUG20,Below 102F,102.0,,102.0,below,less,0.01,0,105.08,no,0,50,0.0,0.01
2024-08-20,HIGHAUS-24AUG20-B102.5,HIGHAUS-24AUG20,102-104F,102.0,102.0,104.0,between,between,0.01,0,105.08,no,0,887,0.0,0.01
2024-08-20,HIGHAUS-24AUG20-B104.5,HIGHAUS-24AUG20,104-106F,104.0,104.0,106.0,between,between,0.99,1,105.08,yes,100,9577,0.99,1.0
2024-08-20,HIGHAUS-24AUG20-B106.5,HIGHAUS-24AUG20,106-108F,106.0,106.0,108.0,between,between,0.01,0,105.08,no,0,6927,0.0,0.01
2024-08-20,HIGHAUS-24AUG20-B108.5,HIGHAUS-24AUG20,108-110F,108.0,108.0,110.0,between,between,0.01,0,105.08,no,0,2808,0.0,0.01
2024-08-20,HIGHAUS-24AUG20-T109,HIGHAUS-24AUG20,Above 109F,109.0,109.0,,above,greater,0.01,0,105.08,no,0,95,0.0,0.01
2024-08-21,HIGHAUS-24AUG21-T103,HIGHAUS-24AUG21,Below 103F,103.0,,103.0,below,less,0.01,0,107.96,no,0,150,0.0,0.01
2024-08-21,HIGHAUS-24AUG21-B103.5,HIGHAUS-24AUG21,103-105F,103.0,103.0,105.0,between,between,0.09,0,107.96,no,0,2792,0.0,0.01
2024-08-21,HIGHAUS-24AUG21-B105.5,HIGHAUS-24AUG21,105-107F,105.0,105.0,107.0,between,between,0.01,0,107.96,no,0,5853,0.0,0.01
2024-08-21,HIGHAUS-24AUG21-B107.5,HIGHAUS-24AUG21,107-109F,107.0,107.0,109.0,between,between,0.99,1,107.96,yes,100,4768,0.99,1.0
2024-08-21,HIGHAUS-24AUG21-B109.5,HIGHAUS-24AUG21,109-111F,109.0,109.0,111.0,between,between,0.1,0,107.96,no,0,2917,0.0,0.01
2024-08-21,HIGHAUS-24AUG21-T110,HIGHAUS-24AUG21,Above 110F,110.0,110.0,,above,greater,0.01,0,107.96,no,0,50,0.0,0.01
2024-08-22,HIGHAUS-24AUG22-T99,HIGHAUS-24AUG22,Below 99F,99.0,,99.0,below,less,0.01,0,105.08,no,0,50,0.0,0.01
2024-08-22,HIGHAUS-24AUG22-B99.5,HIGHAUS-24AUG22,99-101F,99.0,99.0,101.0,between,between,0.05,0,105.08,no,0,407,0.0,0.01
2024-08-22,HIGHAUS-24AUG22-B101.5,HIGHAUS-24AUG22,101-103F,101.0,101.0,103.0,between,between,0.01,0,105.08,no,0,1269,0.0,0.01
2024-08-22,HIGHAUS-24AUG22-B103.5,HIGHAUS-24AUG22,103-105F,103.0,103.0,105.0,between,between,0.01,0,105.08,no,0,15045,0.0,0.01
2024-08-22,HIGHAUS-24AUG22-B105.5,HIGHAUS-24AUG22,105-107F,105.0,105.0,107.0,between,between,0.99,1,105.08,yes,100,5243,0.97,1.0
2024-08-22,HIGHAUS-24AUG22-T106,HIGHAUS-24AUG22,Above 106F,106.0,106.0,,above,greater,0.5,0,105.08,no,0,2374,0.0,0.03
2024-08-23,HIGHAUS-24AUG23-B95.5,HIGHAUS-24AUG23,95-97F,95.0,95.0,97.0,between,between,0.01,0,100.04,no,0,2245,0.0,0.01
2024-08-23,HIGHAUS-24AUG23-T95,HIGHAUS-24AUG23,Below 95F,95.0,,95.0,below,less,0.01,0,100.04,no,0,2003,0.0,0.01
2024-08-23,HIGHAUS-24AUG23-B97.5,HIGHAUS-24AUG23,97-99F,97.0,97.0,99.0,between,between,0.01,0,100.04,no,0,5642,0.0,0.01
2024-08-23,HIGHAUS-24AUG23-B99.5,HIGHAUS-24AUG23,99-101F,99.0,99.0,101.0,between,between,0.99,1,100.04,yes,100,3123,0.99,1.0
2024-08-23,HIGHAUS-24AUG23-B101.5,HIGHAUS-24AUG23,101-103F,101.0,101.0,103.0,between,between,0.01,0,100.04,no,0,2378,0.0,0.01
2024-08-23,HIGHAUS-24AUG23-T102,HIGHAUS-24AUG23,Above 102F,102.0,102.0,,above,greater,0.02,0,100.04,no,0,261,0.0,0.01
2024-08-24,HIGHAUS-24AUG24-B94.5,HIGHAUS-24AUG24,94-96F,94.0,94.0,96.0,between,between,0.23,0,96.98,no,0,690,0.0,0.01
2024-08-24,HIGHAUS-24AUG24-T94,HIGHAUS-24AUG24,Below 94F,94.0,,94.0,below,less,0.03,0,96.98,no,0,255,0.0,0.01
2024-08-24,HIGHAUS-24AUG24-B96.5,HIGHAUS-24AUG24,96-98F,96.0,96.0,98.0,between,between,0.99,1,96.98,yes,100,9124,0.98,1.0
2024-08-24,HIGHAUS-24AUG24-B98.5,HIGHAUS-24AUG24,98-100F,98.0,98.0,100.0,between,between,0.01,0,96.98,no,0,7036,0.0,0.02
2024-08-24,HIGHAUS-24AUG24-B100.5,HIGHAUS-24AUG24,100-102F,100.0,100.0,102.0,between,between,0.01,0,96.98,no,0,2115,0.0,0.01
2024-08-24,HIGHAUS-24AUG24-T101,HIGHAUS-24AUG24,Above 101F,101.0,101.0,,above,greater,0.01,0,96.98,no,0,887,0.0,0.01
2024-08-25,HIGHAUS-24AUG25-T93,HIGHAUS-24AUG25,Below 93F,93.0,,93.0,below,less,0.01,0,96.98,no,0,50,0.0,0.01
2024-08-25,HIGHAUS-24AUG25-B93.5,HIGHAUS-24AUG25,93-95F,93.0,93.0,95.0,between,between,0.08,0,96.98,no,0,54,0.0,0.01
2024-08-25,HIGHAUS-24AUG25-B95.5,HIGHAUS-24AUG25,95-97F,95.0,95.0,97.0,between,between,0.01,0,96.98,no,0,4333,0.0,0.01
2024-08-25,HIGHAUS-24AUG25-B97.5,HIGHAUS-24AUG25,97-99F,97.0,97.0,99.0,between,between,0.99,1,96.98,yes,100,3761,0.99,1.0
2024-08-25,HIGHAUS-24AUG25-B99.5,HIGHAUS-24AUG25,99-101F,99.0,99.0,101.0,between,between,0.01,0,96.98,no,0,1839,0.0,0.01
2024-08-25,HIGHAUS-24AUG25-T100,HIGHAUS-24AUG25,Above 100F,100.0,100.0,,above,greater,0.01,0,96.98,no,0,127,0.0,0.01
2024-08-26,HIGHAUS-24AUG26-T89,HIGHAUS-24AUG26,Below 89F,89.0,,89.0,below,less,0.01,0,91.04,no,0,4315,0.0,0.01
2024-08-26,HIGHAUS-24AUG26-B89.5,HIGHAUS-24AUG26,89-91F,89.0,89.0,91.0,between,between,0.01,0,91.04,no,0,5725,0.0,0.01
2024-08-26,HIGHAUS-24AUG26-B91.5,HIGHAUS-24AUG26,91-93F,91.0,91.0,93.0,between,between,0.99,1,91.04,yes,100,11225,0.99,1.0
2024-08-26,HIGHAUS-24AUG26-B93.5,HIGHAUS-24AUG26,93-95F,93.0,93.0,95.0,between,between,0.01,0,91.04,no,0,5716,0.0,0.01
2024-08-26,HIGHAUS-24AUG26-B95.5,HIGHAUS-24AUG26,95-97F,95.0,95.0,97.0,between,between,0.01,0,91.04,no,0,1428,0.0,0.01
2024-08-26,HIGHAUS-24AUG26-T96,HIGHAUS-24AUG26,Above 96F,96.0,96.0,,above,greater,0.01,0,91.04,no,0,520,0.0,0.01
2024-08-27,HIGHAUS-24AUG27-T89,HIGHAUS-24AUG27,Below 89F,89.0,,89.0,below,less,0.01,0,91.94,no,0,5950,0.0,0.01
2024-08-27,HIGHAUS-24AUG27-B89.5,HIGHAUS-24AUG27,89-91F,89.0,89.0,91.0,between,between,0.01,0,91.94,no,0,16701,0.0,0.01
2024-08-27,HIGHAUS-24AUG27-B91.5,HIGHAUS-24AUG27,91-93F,91.0,91.0,93.0,between,between,0.99,1,91.94,yes,100,5730,0.99,1.0
2024-08-27,HIGHAUS-24AUG27-B93.5,HIGHAUS-24AUG27,93-95F,93.0,93.0,95.0,between,between,0.01,0,91.94,no,0,2100,0.0,0.01
2024-08-27,HIGHAUS-24AUG27-B95.5,HIGHAUS-24AUG27,95-97F,95.0,95.0,97.0,between,between,0.01,0,91.94,no,0,728,0.0,0.01
2024-08-27,HIGHAUS-24AUG27-T96,HIGHAUS-24AUG27,Above 96F,96.0,96.0,,above,greater,0.08,0,91.94,no,0,170,0.0,0.01
2024-08-28,HIGHAUS-24AUG28-T91,HIGHAUS-24AUG28,Below 91F,91.0,,91.0,below,less,0.01,0,95.0,no,0,2666,0.0,0.01
2024-08-28,HIGHAUS-24AUG28-B91.5,HIGHAUS-24AUG28,91-93F,91.0,91.0,93.0,between,between,0.01,0,95.0,no,0,7183,0.0,0.01
2024-08-28,HIGHAUS-24AUG28-B93.5,HIGHAUS-24AUG28,93-95F,93.0,93.0,95.0,between,between,0.01,0,95.0,no,0,8969,0.0,0.01
2024-08-28,HIGHAUS-24AUG28-B95.5,HIGHAUS-24AUG28,95-97F,95.0,95.0,97.0,between,between,0.99,1,95.0,yes,100,5990,0.97,1.0
2024-08-28,HIGHAUS-24AUG28-B97.5,HIGHAUS-24AUG28,97-99F,97.0,97.0,99.0,between,between,0.01,0,95.0,no,0,1180,0.0,0.02
2024-08-28,HIGHAUS-24AUG28-T98,HIGHAUS-24AUG28,Above 98F,98.0,98.0,,above,greater,0.01,0,95.0,no,0,50,0.0,0.01
2024-08-29,HIGHAUS-24AUG29-T89,HIGHAUS-24AUG29,Below 89F,89.0,,89.0,below,less,0.01,0,93.92,no,0,1100,0.0,0.01
2024-08-29,HIGHAUS-24AUG29-B89.5,HIGHAUS-24AUG29,89-91F,89.0,89.0,91.0,between,between,0.01,0,93.92,no,0,3436,0.0,0.01
2024-08-29,HIGHAUS-24AUG29-B91.5,HIGHAUS-24AUG29,91-93F,91.0,91.0,93.0,between,between,0.03,0,93.92,no,0,7497,0.0,0.01
2024-08-29,HIGHAUS-24AUG29-B93.5,HIGHAUS-24AUG29,93-95F,93.0,93.0,95.0,between,between,0.99,1,93.92,yes,100,8100,0.99,1.0
2024-08-29,HIGHAUS-24AUG29-B95.5,HIGHAUS-24AUG29,95-97F,95.0,95.0,97.0,between,between,0.01,0,93.92,no,0,3643,0.0,0.01
2024-08-29,HIGHAUS-24AUG29-T96,HIGHAUS-24AUG29,Above 96F,96.0,96.0,,above,greater,0.01,0,93.92,no,0,50,0.0,0.01
2024-08-30,HIGHAUS-24AUG30-T87,HIGHAUS-24AUG30,Below 87F,87.0,,87.0,below,less,0.01,0,93.02,no,0,50,0.0,0.01
2024-08-30,HIGHAUS-24AUG30-B87.5,HIGHAUS-24AUG30,87-89F,87.0,87.0,89.0,between,between,0.01,0,93.02,no,0,50,0.0,0.01
2024-08-30,HIGHAUS-24AUG30-B89.5,HIGHAUS-24AUG30,89-91F,89.0,89.0,91.0,between,between,0.01,0,93.02,no,0,635,0.0,0.01
2024-08-30,HIGHAUS-24AUG30-B91.5,HIGHAUS-24AUG30,91-93F,91.0,91.0,93.0,between,between,0.01,0,93.02,no,0,9444,0.0,0.01
2024-08-30,HIGHAUS-24AUG30-B93.5,HIGHAUS-24AUG30,93-95F,93.0,93.0,95.0,between,between,0.98,1,93.02,yes,100,3771,0.99,1.0
2024-08-30,HIGHAUS-24AUG30-T94,HIGHAUS-24AUG30,Above 94F,94.0,94.0,,above,greater,0.01,0,93.02,no,0,4708,0.0,0.01
2024-08-31,HIGHAUS-24AUG31-T87,HIGHAUS-24AUG31,Below 87F,87.0,,87.0,below,less,0.01,0,93.92,no,0,50,0.0,0.01
2024-08-31,HIGHAUS-24AUG31-B87.5,HIGHAUS-24AUG31,87-89F,87.0,87.0,89.0,between,between,0.01,0,93.92,no,0,50,0.0,0.01
2024-08-31,HIGHAUS-24AUG31-B89.5,HIGHAUS-24AUG31,89-91F,89.0,89.0,91.0,between,between,0.01,0,93.92,no,0,700,0.0,0.01
2024-08-31,HIGHAUS-24AUG31-B91.5,HIGHAUS-24AUG31,91-93F,91.0,91.0,93.0,between,between,0.01,0,93.92,no,0,5574,0.0,0.01
2024-08-31,HIGHAUS-24AUG31-B93.5,HIGHAUS-24AUG31,93-95F,93.0,93.0,95.0,between,between,0.99,1,93.92,yes,100,3144,0.99,1.0
2024-08-31,HIGHAUS-24AUG31-T94,HIGHAUS-24AUG31,Above 94F,94.0,94.0,,above,greater,0.01,0,93.92,no,0,2437,0.0,0.01
2024-09-01,HIGHAUS-24SEP01-T88,HIGHAUS-24SEP01,Below 88F,88.0,,88.0,below,less,0.01,0,95.0,no,0,1017,0.0,0.01
2024-09-01,HIGHAUS-24SEP01-B88.5,HIGHAUS-24SEP01,88-90F,88.0,88.0,90.0,between,between,0.01,0,95.0,no,0,1696,0.0,0.01
2024-09-01,HIGHAUS-24SEP01-B90.5,HIGHAUS-24SEP01,90-92F,90.0,90.0,92.0,between,between,0.01,0,95.0,no,0,5307,0.0,0.01
2024-09-01,HIGHAUS-24SEP01-B92.5,HIGHAUS-24SEP01,92-94F,92.0,92.0,94.0,between,between,0.01,0,95.0,no,0,3874,0.0,0.01
2024-09-01,HIGHAUS-24SEP01-B94.5,HIGHAUS-24SEP01,94-96F,94.0,94.0,96.0,between,between,0.99,1,95.0,yes,100,4609,0.99,1.0
2024-09-01,HIGHAUS-24SEP01-T95,HIGHAUS-24SEP01,Above 95F,95.0,95.0,,above,greater,0.01,0,95.0,no,0,2506,0.0,0.01
2024-09-02,HIGHAUS-24SEP02-T84,HIGHAUS-24SEP02,Below 84F,84.0,,84.0,below,less,0.01,0,93.92,no,0,350,0.0,0.01
2024-09-02,HIGHAUS-24SEP02-B84.5,HIGHAUS-24SEP02,84-86F,84.0,84.0,86.0,between,between,0.01,0,93.92,no,0,1577,0.0,0.01
2024-09-02,HIGHAUS-24SEP02-B86.5,HIGHAUS-24SEP02,86-88F,86.0,86.0,88.0,between,between,0.01,0,93.92,no,0,2974,0.0,0.01
2024-09-02,HIGHAUS-24SEP02-B88.5,HIGHAUS-24SEP02,88-90F,88.0,88.0,90.0,between,between,0.01,0,93.92,no,0,2772,0.0,0.01
2024-09-02,HIGHAUS-24SEP02-B90.5,HIGHAUS-24SEP02,90-92F,90.0,90.0,92.0,between,between,0.01,0,93.92,no,0,2727,0.0,0.01
2024-09-02,HIGHAUS-24SEP02-T91,HIGHAUS-24SEP02,Above 91F,91.0,91.0,,above,greater,0.99,1,93.92,yes,100,1289,0.99,1.0
2024-09-03,HIGHAUS-24SEP03-B83.5,HIGHAUS-24SEP03,83-85F,83.0,83.0,85.0,between,between,0.01,0,89.96000000000001,no,0,258,0.0,0.01
2024-09-03,HIGHAUS-24SEP03-T83,HIGHAUS-24SEP03,Below 83F,83.0,,83.0,below,less,0.01,0,89.96000000000001,no,0,181,0.0,0.01
2024-09-03,HIGHAUS-24SEP03-B85.5,HIGHAUS-24SEP03,85-87F,85.0,85.0,87.0,between,between,0.01,0,89.96000000000001,no,0,2796,0.0,0.01
2024-09-03,HIGHAUS-24SEP03-B87.5,HIGHAUS-24SEP03,87-89F,87.0,87.0,89.0,between,between,0.01,0,89.96000000000001,no,0,4241,0.0,0.01
2024-09-03,HIGHAUS-24SEP03-B89.5,HIGHAUS-24SEP03,89-91F,89.0,89.0,91.0,between,between,0.99,1,89.96000000000001,yes,100,3556,0.99,1.0
2024-09-03,HIGHAUS-24SEP03-T90,HIGHAUS-24SEP03,Above 90F,90.0,90.0,,above,greater,0.01,0,89.96000000000001,no,0,1777,0.0,0.01
2024-09-04,HIGHAUS-24SEP04-T87,HIGHAUS-24SEP04,Below 87F,87.0,,87.0,below,less,0.01,0,89.96000000000001,no,0,2595,0.0,0.01
2024-09-04,HIGHAUS-24SEP04-B87.5,HIGHAUS-24SEP04,87-89F,87.0,87.0,89.0,between,between,0.01,0,89.96000000000001,no,0,2773,0.0,0.01
2024-09-04,HIGHAUS-24SEP04-B89.5,HIGHAUS-24SEP04,89-91F,89.0,89.0,91.0,between,between,0.99,1,89.96000000000001,yes,100,6792,0.97,1.0
2024-09-04,HIGHAUS-24SEP04-B91.5,HIGHAUS-24SEP04,91-93F,91.0,91.0,93.0,between,between,0.01,0,89.96000000000001,no,0,5594,0.0,0.03
2024-09-04,HIGHAUS-24SEP04-B93.5,HIGHAUS-24SEP04,93-95F,93.0,93.0,95.0,between,between,0.01,0,89.96000000000001,no,0,3254,0.0,0.01
2024-09-04,HIGHAUS-24SEP04-T94,HIGHAUS-24SEP04,Above 94F,94.0,94.0,,above,greater,0.01,0,89.96000000000001,no,0,1183,0.0,0.01
2024-09-05,HIGHAUS-24SEP05-B86.5,HIGHAUS-24SEP05,86-88F,86.0,86.0,88.0,between,between,0.01,0,89.06,no,0,5385,0.0,0.01
2024-09-05,HIGHAUS-24SEP05-T86,HIGHAUS-24SEP05,Below 86F,86.0,,86.0,below,less,0.01,0,89.06,no,0,14814,0.0,0.01
2024-09-05,HIGHAUS-24SEP05-B88.5,HIGHAUS-24SEP05,88-90F,88.0,88.0,90.0,between,between,0.99,1,89.06,yes,100,4654,0.99,1.0
2024-09-05,HIGHAUS-24SEP05-B90.5,HIGHAUS-24SEP05,90-92F,90.0,90.0,92.0,between,between,0.02,0,89.06,no,0,9187,0.0,0.02
2024-09-05,HIGHAUS-24SEP05-B92.5,HIGHAUS-24SEP05,92-94F,92.0,92.0,94.0,between,between,0.01,0,89.06,no,0,3364,0.0,0.01
2024-09-05,HIGHAUS-24SEP05-T93,HIGHAUS-24SEP05,Above 93F,93.0,93.0,,above,greater,0.01,0,89.06,no,0,50,0.0,0.01
2024-09-06,HIGHAUS-24SEP06-B87.5,HIGHAUS-24SEP06,87-89F,87.0,87.0,89.0,between,between,0.01,0,93.02,no,0,3820,0.0,0.01
2024-09-06,HIGHAUS-24SEP06-T87,HIGHAUS-24SEP06,Below 87F,87.0,,87.0,below,less,0.01,0,93.02,no,0,2000,0.0,0.01
2024-09-06,HIGHAUS-24SEP06-B89.5,HIGHAUS-24SEP06,89-91F,89.0,89.0,91.0,between,between,0.01,0,93.02,no,0,4324,0.0,0.01
2024-09-06,HIGHAUS-24SEP06-B91.5,HIGHAUS-24SEP06,91-93F,91.0,91.0,93.0,between,between,0.01,0,93.02,no,0,4675,0.0,0.01
2024-09-06,HIGHAUS-24SEP06-B93.5,HIGHAUS-24SEP06,93-95F,93.0,93.0,95.0,between,between,0.97,1,93.02,yes,100,4757,0.99,1.0
2024-09-06,HIGHAUS-24SEP06-T94,HIGHAUS-24SEP06,Above 94F,94.0,94.0,,above,greater,0.25,0,93.02,no,0,199,0.0,0.01
2024-09-07,HIGHAUS-24SEP07-B84.5,HIGHAUS-24SEP07,84-86F,84.0,84.0,86.0,between,between,0.01,0,91.94,no,0,50,0.0,0.01
2024-09-07,HIGHAUS-24SEP07-T84,HIGHAUS-24SEP07,Below 84F,84.0,,84.0,below,less,0.01,0,91.94,no,0,50,0.0,0.01
2024-09-07,HIGHAUS-24SEP07-B86.5,HIGHAUS-24SEP07,86-88F,86.0,86.0,88.0,between,between,0.01,0,91.94,no,0,305,0.0,0.01
2024-09-07,HIGHAUS-24SEP07-B88.5,HIGHAUS-24SEP07,88-90F,88.0,88.0,90.0,between,between,0.01,0,91.94,no,0,6762,0.0,0.01
2024-09-07,HIGHAUS-24SEP07-B90.5,HIGHAUS-24SEP07,90-92F,90.0,90.0,92.0,between,between,0.01,0,91.94,no,0,5109,0.0,0.01
2024-09-07,HIGHAUS-24SEP07-T91,HIGHAUS-24SEP07,Above 91F,91.0,91.0,,above,greater,0.99,1,91.94,yes,100,4988,0.99,1.0
2024-09-08,HIGHAUS-24SEP08-T82,HIGHAUS-24SEP08,Below 82F,82.0,,82.0,below,less,0.01,0,87.98,no,0,50,0.0,0.01
2024-09-08,HIGHAUS-24SEP08-B82.5,HIGHAUS-24SEP08,82-84F,82.0,82.0,84.0,between,between,0.01,0,87.98,no,0,50,0.0,0.01
2024-09-08,HIGHAUS-24SEP08-B84.5,HIGHAUS-24SEP08,84-86F,84.0,84.0,86.0,between,between,0.01,0,87.98,no,0,3943,0.0,0.01
2024-09-08,HIGHAUS-24SEP08-B86.5,HIGHAUS-24SEP08,86-88F,86.0,86.0,88.0,between,between,0.01,0,87.98,no,0,5284,0.0,0.01
2024-09-08,HIGHAUS-24SEP08-B88.5,HIGHAUS-24SEP08,88-90F,88.0,88.0,90.0,between,between,0.99,1,87.98,yes,100,2880,0.98,1.0
2024-09-08,HIGHAUS-24SEP08-T89,HIGHAUS-24SEP08,Above 89F,89.0,89.0,,above,greater,0.03,0,87.98,no,0,2940,0.0,0.02
2024-09-09,HIGHAUS-24SEP09-T83,HIGHAUS-24SEP09,Below 83F,83.0,,83.0,below,less,0.01,0,89.96000000000001,no,0,50,0.0,0.01
2024-09-09,HIGHAUS-24SEP09-B83.5,HIGHAUS-24SEP09,83-85F,83.0,83.0,85.0,between,between,0.01,0,89.96000000000001,no,0,50,0.0,0.01
2024-09-09,HIGHAUS-24SEP09-B85.5,HIGHAUS-24SEP09,85-87F,85.0,85.0,87.0,between,between,0.01,0,89.96000000000001,no,0,854,0.0,0.01
2024-09-09,HIGHAUS-24SEP09-B87.5,HIGHAUS-24SEP09,87-89F,87.0,87.0,89.0,between,between,0.01,0,89.96000000000001,no,0,4782,0.0,0.01
2024-09-09,HIGHAUS-24SEP09-B89.5,HIGHAUS-24SEP09,89-91F,89.0,89.0,91.0,between,between,0.99,1,89.96000000000001,yes,100,1682,0.99,1.0
2024-09-09,HIGHAUS-24SEP09-T90,HIGHAUS-24SEP09,Above 90F,90.0,90.0,,above,greater,0.01,0,89.96000000000001,no,0,5020,0.0,0.01
2024-09-10,HIGHAUS-24SEP10-T88,HIGHAUS-24SEP10,Below 88F,88.0,,88.0,below,less,0.02,0,93.02,no,0,51,0.0,0.01
2024-09-10,HIGHAUS-24SEP10-B88.5,HIGHAUS-24SEP10,88-90F,88.0,88.0,90.0,between,between,0.01,0,93.02,no,0,50,0.0,0.01
2024-09-10,HIGHAUS-24SEP10-B90.5,HIGHAUS-24SEP10,90-92F,90.0,90.0,92.0,between,between,0.01,0,93.02,no,0,5938,0.0,0.01
2024-09-10,HIGHAUS-24SEP10-B92.5,HIGHAUS-24SEP10,92-94F,92.0,92.0,94.0,between,between,0.99,1,93.02,yes,100,6882,0.99,1.0
2024-09-10,HIGHAUS-24SEP10-B94.5,HIGHAUS-24SEP10,94-96F,94.0,94.0,96.0,between,between,0.01,0,93.02,no,0,3874,0.0,0.01
2024-09-10,HIGHAUS-24SEP10-T95,HIGHAUS-24SEP10,Above 95F,95.0,95.0,,above,greater,0.03,0,93.02,no,0,1988,0.0,0.01
2024-09-11,HIGHAUS-24SEP11-B84.5,HIGHAUS-24SEP11,84-86F,84.0,84.0,86.0,between,between,0.01,0,91.94,no,0,50,0.0,0.01
2024-09-11,HIGHAUS-24SEP11-T84,HIGHAUS-24SEP11,Below 84F,84.0,,84.0,below,less,0.01,0,91.94,no,0,50,0.0,0.01
2024-09-11,HIGHAUS-24SEP11-B86.5,HIGHAUS-24SEP11,86-88F,86.0,86.0,88.0,between,between,0.14,0,91.94,no,0,65,0.0,0.01
2024-09-11,HIGHAUS-24SEP11-B88.5,HIGHAUS-24SEP11,88-90F,88.0,88.0,90.0,between,between,0.01,0,91.94,no,0,1140,0.0,0.01
2024-09-11,HIGHAUS-24SEP11-B90.5,HIGHAUS-24SEP11,90-92F,90.0,90.0,92.0,between,between,0.03,0,91.94,no,0,13072,0.0,0.01
2024-09-11,HIGHAUS-24SEP11-T91,HIGHAUS-24SEP11,Above 91F,91.0,91.0,,above,greater,0.99,1,91.94,yes,100,6703,0.99,1.0
2024-09-12,HIGHAUS-24SEP12-T88,HIGHAUS-24SEP12,Below 88F,88.0,,88.0,below,less,0.01,0,96.08,no,0,50,0.0,0.01
2024-09-12,HIGHAUS-24SEP12-B88.5,HIGHAUS-24SEP12,88-90F,88.0,88.0,90.0,between,between,0.01,0,96.08,no,0,50,0.0,0.01
2024-09-12,HIGHAUS-24SEP12-B90.5,HIGHAUS-24SEP12,90-92F,90.0,90.0,92.0,between,between,0.01,0,96.08,no,0,1155,0.0,0.01
2024-09-12,HIGHAUS-24SEP12-B92.5,HIGHAUS-24SEP12,92-94F,92.0,92.0,94.0,between,between,0.01,0,96.08,no,0,2194,0.0,0.01
2024-09-12,HIGHAUS-24SEP12-B94.5,HIGHAUS-24SEP12,94-96F,94.0,94.0,96.0,between,between,0.01,0,96.08,no,0,4664,0.0,0.01
2024-09-12,HIGHAUS-24SEP12-T95,HIGHAUS-24SEP12,Above 95F,95.0,95.0,,above,greater,0.99,1,96.08,yes,100,1610,0.99,1.0
2024-09-13,HIGHAUS-24SEP13-B93.5,HIGHAUS-24SEP13,93-95F,93.0,93.0,95.0,between,between,0.05,0,98.06,no,0,68,0.0,0.01
2024-09-13,HIGHAUS-24SEP13-T93,HIGHAUS-24SEP13,Below 93F,93.0,,93.0,below,less,0.01,0,98.06,no,0,50,0.0,0.01
2024-09-13,HIGHAUS-24SEP13-B95.5,HIGHAUS-24SEP13,95-97F,95.0,95.0,97.0,between,between,0.01,0,98.06,no,0,1413,0.0,0.01
2024-09-13,HIGHAUS-24SEP13-B97.5,HIGHAUS-24SEP13,97-99F,97.0,97.0,99.0,between,between,0.99,1,98.06,yes,100,4050,0.99,1.0
2024-09-13,HIGHAUS-24SEP13-B99.5,HIGHAUS-24SEP13,99-101F,99.0,99.0,101.0,between,between,0.01,0,98.06,no,0,2550,0.0,0.01
2024-09-13,HIGHAUS-24SEP13-T100,HIGHAUS-24SEP13,Above 100F,100.0,100.0,,above,greater,0.01,0,98.06,no,0,3095,0.0,0.01
2024-09-14,HIGHAUS-24SEP14-B95.5,HIGHAUS-24SEP14,95-97F,95.0,95.0,97.0,between,between,0.01,0,98.06,no,0,2302,0.0,0.01
2024-09-14,HIGHAUS-24SEP14-T95,HIGHAUS-24SEP14,Below 95F,95.0,,95.0,below,less,0.01,0,98.06,no,0,50,0.0,0.01
2024-09-14,HIGHAUS-24SEP14-B97.5,HIGHAUS-24SEP14,97-99F,97.0,97.0,99.0,between,between,0.99,1,98.06,yes,100,4473,0.99,1.0
2024-09-14,HIGHAUS-24SEP14-B99.5,HIGHAUS-24SEP14,99-101F,99.0,99.0,101.0,between,between,0.03,0,98.06,no,0,2867,0.0,0.01
2024-09-14,HIGHAUS-24SEP14-B101.5,HIGHAUS-24SEP14,101-103F,101.0,101.0,103.0,between,between,0.03,0,98.06,no,0,615,0.0,0.01
2024-09-14,HIGHAUS-24SEP14-T102,HIGHAUS-24SEP14,Above 102F,102.0,102.0,,above,greater,0.01,0,98.06,no,0,50,0.0,0.01
2024-09-15,HIGHAUS-24SEP15-T96,HIGHAUS-24SEP15,Below 96F,96.0,,96.0,below,less,0.01,0,98.96,no,0,50,0.0,0.01
2024-09-15,HIGHAUS-24SEP15-B96.5,HIGHAUS-24SEP15,96-98F,96.0,96.0,98.0,between,between,0.01,0,98.96,no,0,1067,0.0,0.01
2024-09-15,HIGHAUS-24SEP15-B98.5,HIGHAUS-24SEP15,98-100F,98.0,98.0,100.0,between,between,0.99,1,98.96,yes,100,3683,0.99,1.0
2024-09-15,HIGHAUS-24SEP15-B100.5,HIGHAUS-24SEP15,100-102F,100.0,100.0,102.0,between,between,0.01,0,98.96,no,0,2381,0.0,0.01
2024-09-15,HIGHAUS-24SEP15-B102.5,HIGHAUS-24SEP15,102-104F,102.0,102.0,104.0,between,between,0.01,0,98.96,no,0,653,0.0,0.01
2024-09-15,HIGHAUS-24SEP15-T103,HIGHAUS-24SEP15,Above 103F,103.0,103.0,,above,greater,0.01,0,98.96,no,0,104,0.0,0.01
2024-09-16,HIGHAUS-24SEP16-B93.5,HIGHAUS-24SEP16,93-95F,93.0,93.0,95.0,between,between,0.01,0,98.06,no,0,350,0.0,0.01
2024-09-16,HIGHAUS-24SEP16-T93,HIGHAUS-24SEP16,Below 93F,93.0,,93.0,below,less,0.01,0,98.06,no,0,50,0.0,0.01
2024-09-16,HIGHAUS-24SEP16-B95.5,HIGHAUS-24SEP16,95-97F,95.0,95.0,97.0,between,between,0.01,0,98.06,no,0,5085,0.0,0.01
2024-09-16,HIGHAUS-24SEP16-B97.5,HIGHAUS-24SEP16,97-99F,97.0,97.0,99.0,between,between,0.99,1,98.06,yes,100,4720,0.99,1.0
2024-09-16,HIGHAUS-24SEP16-B99.5,HIGHAUS-24SEP16,99-101F,99.0,99.0,101.0,between,between,0.01,0,98.06,no,0,1879,0.0,0.01
2024-09-16,HIGHAUS-24SEP16-T100,HIGHAUS-24SEP16,Above 100F,100.0,100.0,,above,greater,0.01,0,98.06,no,0,334,0.0,0.01
2024-09-17,HIGHAUS-24SEP17-B93.5,HIGHAUS-24SEP17,93-95F,93.0,93.0,95.0,between,between,0.01,0,96.98,no,0,262,0.0,0.01
2024-09-17,HIGHAUS-24SEP17-T93,HIGHAUS-24SEP17,Below 93F,93.0,,93.0,below,less,0.01,0,96.98,no,0,50,0.0,0.01
2024-09-17,HIGHAUS-24SEP17-B95.5,HIGHAUS-24SEP17,95-97F,95.0,95.0,97.0,between,between,0.01,0,96.98,no,0,4171,0.0,0.01
2024-09-17,HIGHAUS-24SEP17-B97.5,HIGHAUS-24SEP17,97-99F,97.0,97.0,99.0,between,between,0.99,1,96.98,yes,100,4973,0.99,1.0
2024-09-17,HIGHAUS-24SEP17-B99.5,HIGHAUS-24SEP17,99-101F,99.0,99.0,101.0,between,between,0.01,0,96.98,no,0,2157,0.0,0.01
2024-09-17,HIGHAUS-24SEP17-T100,HIGHAUS-24SEP17,Above 100F,100.0,100.0,,above,greater,0.01,0,96.98,no,0,67,0.0,0.01
2024-09-18,HIGHAUS-24SEP18-B94.5,HIGHAUS-24SEP18,94-96F,94.0,94.0,96.0,between,between,0.01,0,98.96,no,0,232,0.0,0.01
2024-09-18,HIGHAUS-24SEP18-T94,HIGHAUS-24SEP18,Below 94F,94.0,,94.0,below,less,0.01,0,98.96,no,0,50,0.0,0.01
2024-09-18,HIGHAUS-24SEP18-B96.5,HIGHAUS-24SEP18,96-98F,96.0,96.0,98.0,between,between,0.01,0,98.96,no,0,12005,0.0,0.01
2024-09-18,HIGHAUS-24SEP18-B98.5,HIGHAUS-24SEP18,98-100F,98.0,98.0,100.0,between,between,0.99,1,98.96,yes,100,5060,0.98,1.0
2024-09-18,HIGHAUS-24SEP18-B100.5,HIGHAUS-24SEP18,100-102F,100.0,100.0,102.0,between,between,0.01,0,98.96,no,0,1231,0.0,0.01
2024-09-18,HIGHAUS-24SEP18-T101,HIGHAUS-24SEP18,Above 101F,101.0,101.0,,above,greater,0.01,0,98.96,no,0,50,0.0,0.01
2024-09-19,HIGHAUS-24SEP19-B94.5,HIGHAUS-24SEP19,94-96F,94.0,94.0,96.0,between,between,0.03,0,98.96,no,0,90,0.0,0.01
2024-09-19,HIGHAUS-24SEP19-T94,HIGHAUS-24SEP19,Below 94F,94.0,,94.0,below,less,0.01,0,98.96,no,0,50,0.0,0.01
2024-09-19,HIGHAUS-24SEP19-B96.5,HIGHAUS-24SEP19,96-98F,96.0,96.0,98.0,between,between,0.01,0,98.96,no,0,2723,0.0,0.01
2024-09-19,HIGHAUS-24SEP19-B98.5,HIGHAUS-24SEP19,98-100F,98.0,98.0,100.0,between,between,0.99,1,98.96,yes,100,5080,0.99,1.0
2024-09-19,HIGHAUS-24SEP19-B100.5,HIGHAUS-24SEP19,100-102F,100.0,100.0,102.0,between,between,0.02,0,98.96,no,0,3884,0.0,0.01
2024-09-19,HIGHAUS-24SEP19-T101,HIGHAUS-24SEP19,Above 101F,101.0,101.0,,above,greater,0.01,0,98.96,no,0,1052,0.0,0.01
2024-09-20,HIGHAUS-24SEP20-T94,HIGHAUS-24SEP20,Below 94F,94.0,,94.0,below,less,0.01,0,100.04,no,0,50,0.0,0.01
2024-09-20,HIGHAUS-24SEP20-B94.5,HIGHAUS-24SEP20,94-96F,94.0,94.0,96.0,between,between,0.06,0,100.04,no,0,141,0.0,0.01
2024-09-20,HIGHAUS-24SEP20-B96.5,HIGHAUS-24SEP20,96-98F,96.0,96.0,98.0,between,between,0.01,0,100.04,no,0,2768,0.0,0.01
2024-09-20,HIGHAUS-24SEP20-B98.5,HIGHAUS-24SEP20,98-100F,98.0,98.0,100.0,between,between,0.01,0,100.04,no,0,7070,0.0,0.01
2024-09-20,HIGHAUS-24SEP20-B100.5,HIGHAUS-24SEP20,100-102F,100.0,100.0,102.0,between,between,0.99,1,100.04,yes,100,4060,0.99,1.0
2024-09-20,HIGHAUS-24SEP20-T101,HIGHAUS-24SEP20,Above 101F,101.0,101.0,,above,greater,0.01,0,100.04,no,0,2006,0.0,0.01
2024-09-21,HIGHAUS-24SEP21-T92,HIGHAUS-24SEP21,Below 92F,92.0,,92.0,below,less,0.01,0,96.98,no,0,50,0.0,0.01
2024-09-21,HIGHAUS-24SEP21-B92.5,HIGHAUS-24SEP21,92-94F,92.0,92.0,94.0,between,between,0.01,0,96.98,no,0,154,0.0,0.01
2024-09-21,HIGHAUS-24SEP21-B94.5,HIGHAUS-24SEP21,94-96F,94.0,94.0,96.0,between,between,0.01,0,96.98,no,0,3836,0.0,0.01
2024-09-21,HIGHAUS-24SEP21-B96.5,HIGHAUS-24SEP21,96-98F,96.0,96.0,98.0,between,between,0.99,1,96.98,yes,100,4814,0.98,1.0
2024-09-21,HIGHAUS-24SEP21-B98.5,HIGHAUS-24SEP21,98-100F,98.0,98.0,100.0,between,between,0.01,0,96.98,no,0,3363,0.0,0.02
2024-09-21,HIGHAUS-24SEP21-T99,HIGHAUS-24SEP21,Above 99F,99.0,99.0,,above,greater,0.01,0,96.98,no,0,443,0.0,0.01
2024-09-22,HIGHAUS-24SEP22-T91,HIGHAUS-24SEP22,Below 91F,91.0,,91.0,below,less,0.01,0,96.98,no,0,52,0.0,0.01
2024-09-22,HIGHAUS-24SEP22-B91.5,HIGHAUS-24SEP22,91-93F,91.0,91.0,93.0,between,between,0.01,0,96.98,no,0,86,0.0,0.01
2024-09-22,HIGHAUS-24SEP22-B93.5,HIGHAUS-24SEP22,93-95F,93.0,93.0,95.0,between,between,0.01,0,96.98,no,0,5073,0.0,0.01
2024-09-22,HIGHAUS-24SEP22-B95.5,HIGHAUS-24SEP22,95-97F,95.0,95.0,97.0,between,between,0.01,0,96.98,no,0,7245,0.0,0.01
2024-09-22,HIGHAUS-24SEP22-B97.5,HIGHAUS-24SEP22,97-99F,97.0,97.0,99.0,between,between,0.99,1,96.98,yes,100,1769,0.99,1.0
2024-09-22,HIGHAUS-24SEP22-T98,HIGHAUS-24SEP22,Above 98F,98.0,98.0,,above,greater,0.01,0,96.98,no,0,909,0.0,0.01
2024-09-23,HIGHAUS-24SEP23-B89.5,HIGHAUS-24SEP23,89-91F,89.0,89.0,91.0,between,between,0.01,0,95.0,no,0,128,0.0,0.01
2024-09-23,HIGHAUS-24SEP23-T89,HIGHAUS-24SEP23,Below 89F,89.0,,89.0,below,less,0.01,0,95.0,no,0,50,0.0,0.01
2024-09-23,HIGHAUS-24SEP23-B91.5,HIGHAUS-24SEP23,91-93F,91.0,91.0,93.0,between,between,0.01,0,95.0,no,0,342,0.0,0.01
2024-09-23,HIGHAUS-24SEP23-B93.5,HIGHAUS-24SEP23,93-95F,93.0,93.0,95.0,between,between,0.01,0,95.0,no,0,3623,0.0,0.01
2024-09-23,HIGHAUS-24SEP23-B95.5,HIGHAUS-24SEP23,95-97F,95.0,95.0,97.0,between,between,0.99,1,95.0,yes,100,2494,0.97,1.0
2024-09-23,HIGHAUS-24SEP23-T96,HIGHAUS-24SEP23,Above 96F,96.0,96.0,,above,greater,0.01,0,95.0,no,0,2802,0.0,0.03
2024-09-24,HIGHAUS-24SEP24-T89,HIGHAUS-24SEP24,Below 89F,89.0,,89.0,below,less,0.01,0,95.0,no,0,200,0.0,0.01
2024-09-24,HIGHAUS-24SEP24-B89.5,HIGHAUS-24SEP24,89-91F,89.0,89.0,91.0,between,between,0.01,0,95.0,no,0,946,0.0,0.01
2024-09-24,HIGHAUS-24SEP24-B91.5,HIGHAUS-24SEP24,91-93F,91.0,91.0,93.0,between,between,0.01,0,95.0,no,0,2990,0.0,0.01
2024-09-24,HIGHAUS-24SEP24-B93.5,HIGHAUS-24SEP24,93-95F,93.0,93.0,95.0,between,between,0.01,0,95.0,no,0,3651,0.0,0.01
2024-09-24,HIGHAUS-24SEP24-B95.5,HIGHAUS-24SEP24,95-97F,95.0,95.0,97.0,between,between,0.99,1,95.0,yes,100,3854,0.98,1.0
2024-09-24,HIGHAUS-24SEP24-T96,HIGHAUS-24SEP24,Above 96F,96.0,96.0,,above,greater,0.01,0,95.0,no,0,2039,0.0,0.02
2024-09-25,HIGHAUS-24SEP25-B86.5,HIGHAUS-24SEP25,86-88F,86.0,86.0,88.0,between,between,0.01,0,98.06,no,0,50,0.0,0.01
2024-09-25,HIGHAUS-24SEP25-T86,HIGHAUS-24SEP25,Below 86F,86.0,,86.0,below,less,0.01,0,98.06,no,0,53,0.0,0.01
2024-09-25,HIGHAUS-24SEP25-B88.5,HIGHAUS-24SEP25,88-90F,88.0,88.0,90.0,between,between,0.01,0,98.06,no,0,1076,0.0,0.01
2024-09-25,HIGHAUS-24SEP25-B90.5,HIGHAUS-24SEP25,90-92F,90.0,90.0,92.0,between,between,0.01,0,98.06,no,0,1912,0.0,0.01
2024-09-25,HIGHAUS-24SEP25-B92.5,HIGHAUS-24SEP25,92-94F,92.0,92.0,94.0,between,between,0.01,0,98.06,no,0,4574,0.0,0.01
2024-09-25,HIGHAUS-24SEP25-T93,HIGHAUS-24SEP25,Above 93F,93.0,93.0,,above,greater,0.99,1,98.06,yes,100,7343,0.99,1.0
2024-09-26,HIGHAUS-24SEP26-T84,HIGHAUS-24SEP26,Below 84F,84.0,,84.0,below,less,0.0,0,89.06,no,0,0,0.0,0.01
2024-09-26,HIGHAUS-24SEP26-B84.5,HIGHAUS-24SEP26,84-86F,84.0,84.0,86.0,between,between,0.0,0,89.06,no,0,0,0.0,0.01
2024-09-26,HIGHAUS-24SEP26-B86.5,HIGHAUS-24SEP26,86-88F,86.0,86.0,88.0,between,between,0.18,0,89.06,no,0,1239,0.0,0.01
2024-09-26,HIGHAUS-24SEP26-B88.5,HIGHAUS-24SEP26,88-90F,88.0,88.0,90.0,between,between,0.98,1,89.06,yes,100,3312,0.97,1.0
2024-09-26,HIGHAUS-24SEP26-B90.5,HIGHAUS-24SEP26,90-92F,90.0,90.0,92.0,between,between,0.01,0,89.06,no,0,1859,0.0,0.01
2024-09-26,HIGHAUS-24SEP26-T91,HIGHAUS-24SEP26,Above 91F,91.0,91.0,,above,greater,0.01,0,89.06,no,0,5389,0.0,0.01
2024-09-27,HIGHAUS-24SEP27-T88,HIGHAUS-24SEP27,Below 88F,88.0,,88.0,below,less,0.0,0,93.92,no,0,0,0.0,0.01
2024-09-27,HIGHAUS-24SEP27-B88.5,HIGHAUS-24SEP27,88-90F,88.0,88.0,90.0,between,between,0.0,0,93.92,no,0,0,0.0,0.01
2024-09-27,HIGHAUS-24SEP27-B90.5,HIGHAUS-24SEP27,90-92F,90.0,90.0,92.0,between,between,0.01,0,93.92,no,0,504,0.0,0.01
2024-09-27,HIGHAUS-24SEP27-B92.5,HIGHAUS-24SEP27,92-94F,92.0,92.0,94.0,between,between,0.01,0,93.92,no,0,2938,0.0,0.01
2024-09-27,HIGHAUS-24SEP27-B94.5,HIGHAUS-24SEP27,94-96F,94.0,94.0,96.0,between,between,0.98,1,93.92,yes,100,1595,0.97,1.0
2024-09-27,HIGHAUS-24SEP27-T95,HIGHAUS-24SEP27,Above 95F,95.0,95.0,,above,greater,0.01,0,93.92,no,0,2111,0.0,0.03
2024-09-28,HIGHAUS-24SEP28-T91,HIGHAUS-24SEP28,Below 91F,91.0,,91.0,below,less,0.0,0,95.0,no,0,0,0.0,0.01
2024-09-28,HIGHAUS-24SEP28-B91.5,HIGHAUS-24SEP28,91-93F,91.0,91.0,93.0,between,between,0.01,0,95.0,no,0,233,0.0,0.01
2024-09-28,HIGHAUS-24SEP28-B93.5,HIGHAUS-24SEP28,93-95F,93.0,93.0,95.0,between,between,0.01,0,95.0,no,0,5602,0.0,0.01
2024-09-28,HIGHAUS-24SEP28-B95.5,HIGHAUS-24SEP28,95-97F,95.0,95.0,97.0,between,between,0.98,1,95.0,yes,100,4111,0.99,1.0
2024-09-28,HIGHAUS-24SEP28-B97.5,HIGHAUS-24SEP28,97-99F,97.0,97.0,99.0,between,between,0.01,0,95.0,no,0,1441,0.0,0.01
2024-09-28,HIGHAUS-24SEP28-T98,HIGHAUS-24SEP28,Above 98F,98.0,98.0,,above,greater,0.0,0,95.0,no,0,0,0.0,0.01
2024-09-29,HIGHAUS-24SEP29-T90,HIGHAUS-24SEP29,Below 90F,90.0,,90.0,below,less,0.0,0,95.0,no,0,0,0.0,0.01
2024-09-29,HIGHAUS-24SEP29-B90.5,HIGHAUS-24SEP29,90-92F,90.0,90.0,92.0,between,between,0.0,0,95.0,no,0,0,0.0,0.01
2024-09-29,HIGHAUS-24SEP29-B92.5,HIGHAUS-24SEP29,92-94F,92.0,92.0,94.0,between,between,0.01,0,95.0,no,0,3406,0.0,0.01
2024-09-29,HIGHAUS-24SEP29-B94.5,HIGHAUS-24SEP29,94-96F,94.0,94.0,96.0,between,between,0.99,1,95.0,yes,100,4254,0.98,1.0
2024-09-29,HIGHAUS-24SEP29-B96.5,HIGHAUS-24SEP29,96-98F,96.0,96.0,98.0,between,between,0.1,0,95.0,no,0,2042,0.0,0.02
2024-09-29,HIGHAUS-24SEP29-T97,HIGHAUS-24SEP29,Above 97F,97.0,97.0,,above,greater,0.03,0,95.0,no,0,390,0.0,0.02
2024-09-30,HIGHAUS-24SEP30-B91.5,HIGHAUS-24SEP30,91-93F,91.0,91.0,93.0,between,between,0.01,0,96.98,no,0,102,0.0,0.01
2024-09-30,HIGHAUS-24SEP30-T91,HIGHAUS-24SEP30,Below 91F,91.0,,91.0,below,less,0.0,0,96.98,no,0,0,0.0,0.01
2024-09-30,HIGHAUS-24SEP30-B93.5,HIGHAUS-24SEP30,93-95F,93.0,93.0,95.0,between,between,0.01,0,96.98,no,0,1650,0.0,0.01
2024-09-30,HIGHAUS-24SEP30-B95.5,HIGHAUS-24SEP30,95-97F,95.0,95.0,97.0,between,between,0.01,0,96.98,no,0,3826,0.0,0.01
2024-09-30,HIGHAUS-24SEP30-B97.5,HIGHAUS-24SEP30,97-99F,97.0,97.0,99.0,between,between,0.98,1,96.98,yes,100,3200,0.99,1.0
2024-09-30,HIGHAUS-24SEP30-T98,HIGHAUS-24SEP30,Above 98F,98.0,98.0,,above,greater,0.14,0,96.98,no,0,147,0.0,0.01
2024-10-01,HIGHAUS-24OCT01-B92.5,HIGHAUS-24OCT01,92-94F,92.0,92.0,94.0,between,between,0.01,0,96.98,no,0,166,0.0,0.01
2024-10-01,HIGHAUS-24OCT01-T92,HIGHAUS-24OCT01,Below 92F,92.0,,92.0,below,less,0.01,0,96.98,no,0,50,0.0,0.01
2024-10-01,HIGHAUS-24OCT01-B94.5,HIGHAUS-24OCT01,94-96F,94.0,94.0,96.0,between,between,0.01,0,96.98,no,0,1445,0.0,0.01
2024-10-01,HIGHAUS-24OCT01-B96.5,HIGHAUS-24OCT01,96-98F,96.0,96.0,98.0,between,between,0.99,1,96.98,yes,100,5361,0.98,1.0
2024-10-01,HIGHAUS-24OCT01-B98.5,HIGHAUS-24OCT01,98-100F,98.0,98.0,100.0,between,between,0.03,0,96.98,no,0,1589,0.0,0.02
2024-10-01,HIGHAUS-24OCT01-T99,HIGHAUS-24OCT01,Above 99F,99.0,99.0,,above,greater,0.01,0,96.98,no,0,608,0.0,0.02
2024-10-02,HIGHAUS-24OCT02-B90.5,HIGHAUS-24OCT02,90-92F,90.0,90.0,92.0,between,between,0.01,0,93.92,no,0,50,0.0,0.01
2024-10-02,HIGHAUS-24OCT02-T90,HIGHAUS-24OCT02,Below 90F,90.0,,90.0,below,less,0.01,0,93.92,no,0,50,0.0,0.01
2024-10-02,HIGHAUS-24OCT02-B92.5,HIGHAUS-24OCT02,92-94F,92.0,92.0,94.0,between,between,0.01,0,93.92,no,0,13529,0.0,0.01
2024-10-02,HIGHAUS-24OCT02-B94.5,HIGHAUS-24OCT02,94-96F,94.0,94.0,96.0,between,between,0.99,1,93.92,yes,100,1619,0.98,1.0
2024-10-02,HIGHAUS-24OCT02-B96.5,HIGHAUS-24OCT02,96-98F,96.0,96.0,98.0,between,between,0.01,0,93.92,no,0,813,0.0,0.02
2024-10-02,HIGHAUS-24OCT02-T97,HIGHAUS-24OCT02,Above 97F,97.0,97.0,,above,greater,0.01,0,93.92,no,0,221,0.0,0.01
2024-10-03,HIGHAUS-24OCT03-B91.5,HIGHAUS-24OCT03,91-93F,91.0,91.0,93.0,between,between,0.01,0,95.0,no,0,175,0.0,0.01
2024-10-03,HIGHAUS-24OCT03-T91,HIGHAUS-24OCT03,Below 91F,91.0,,91.0,below,less,0.01,0,95.0,no,0,50,0.0,0.01
2024-10-03,HIGHAUS-24OCT03-B93.5,HIGHAUS-24OCT03,93-95F,93.0,93.0,95.0,between,between,0.01,0,95.0,no,0,4648,0.0,0.01
2024-10-03,HIGHAUS-24OCT03-B95.5,HIGHAUS-24OCT03,95-97F,95.0,95.0,97.0,between,between,0.5,1,95.0,yes,100,2068,0.98,1.0
2024-10-03,HIGHAUS-24OCT03-B97.5,HIGHAUS-24OCT03,97-99F,97.0,97.0,99.0,between,between,0.01,0,95.0,no,0,581,0.0,0.02
2024-10-03,HIGHAUS-24OCT03-T98,HIGHAUS-24OCT03,Above 98F,98.0,98.0,,above,greater,0.01,0,95.0,no,0,50,0.0,0.01
2024-10-04,HIGHAUS-24OCT04-T91,HIGHAUS-24OCT04,Below 91F,91.0,,91.0,below,less,0.11,0,95.0,no,0,58,0.0,0.01
2024-10-04,HIGHAUS-24OCT04-B91.5,HIGHAUS-24OCT04,91-93F,91.0,91.0,93.0,between,between,0.06,0,95.0,no,0,299,0.0,0.01
2024-10-04,HIGHAUS-24OCT04-B93.5,HIGHAUS-24OCT04,93-95F,93.0,93.0,95.0,between,between,0.01,0,95.0,no,0,3084,0.0,0.01
2024-10-04,HIGHAUS-24OCT04-B95.5,HIGHAUS-24OCT04,95-97F,95.0,95.0,97.0,between,between,0.98,1,95.0,yes,100,2477,0.98,1.0
2024-10-04,HIGHAUS-24OCT04-B97.5,HIGHAUS-24OCT04,97-99F,97.0,97.0,99.0,between,between,0.01,0,95.0,no,0,820,0.0,0.02
2024-10-04,HIGHAUS-24OCT04-T98,HIGHAUS-24OCT04,Above 98F,98.0,98.0,,above,greater,0.12,0,95.0,no,0,207,0.0,0.01
2024-10-05,HIGHAUS-24OCT05-T89,HIGHAUS-24OCT05,Below 89F,89.0,,89.0,below,less,0.01,0,93.92,no,0,50,0.0,0.01
2024-10-05,HIGHAUS-24OCT05-B89.5,HIGHAUS-24OCT05,89-91F,89.0,89.0,91.0,between,between,0.01,0,93.92,no,0,155,0.0,0.01
2024-10-05,HIGHAUS-24OCT05-B91.5,HIGHAUS-24OCT05,91-93F,91.0,91.0,93.0,between,between,0.01,0,93.92,no,0,3189,0.0,0.01
2024-10-05,HIGHAUS-24OCT05-B93.5,HIGHAUS-24OCT05,93-95F,93.0,93.0,95.0,between,between,0.97,1,93.92,yes,100,758,0.98,0.99
2024-10-05,HIGHAUS-24OCT05-B95.5,HIGHAUS-24OCT05,95-97F,95.0,95.0,97.0,between,between,0.01,0,93.92,no,0,702,0.0,0.02
2024-10-05,HIGHAUS-24OCT05-T96,HIGHAUS-24OCT05,Above 96F,96.0,96.0,,above,greater,0.01,0,93.92,no,0,53,0.0,0.01
2024-10-06,HIGHAUS-24OCT06-B91.5,HIGHAUS-24OCT06,91-93F,91.0,91.0,93.0,between,between,0.01,0,95.0,no,0,882,0.0,0.01
2024-10-06,HIGHAUS-24OCT06-T91,HIGHAUS-24OCT06,Below 91F,91.0,,91.0,below,less,0.01,0,95.0,no,0,51,0.0,0.01
2024-10-06,HIGHAUS-24OCT06-B93.5,HIGHAUS-24OCT06,93-95F,93.0,93.0,95.0,between,between,0.01,0,95.0,no,0,1809,0.0,0.01
2024-10-06,HIGHAUS-24OCT06-B95.5,HIGHAUS-24OCT06,95-97F,95.0,95.0,97.0,between,between,0.99,1,95.0,yes,100,1372,0.99,1.0
2024-10-06,HIGHAUS-24OCT06-B97.5,HIGHAUS-24OCT06,97-99F,97.0,97.0,99.0,between,between,0.2,0,95.0,no,0,166,0.0,0.01
2024-10-06,HIGHAUS-24OCT06-T98,HIGHAUS-24OCT06,Above 98F,98.0,98.0,,above,greater,0.08,0,95.0,no,0,286,0.0,0.01
2024-10-07,HIGHAUS-24OCT07-T91,HIGHAUS-24OCT07,Below 91F,91.0,,91.0,below,less,0.01,0,95.0,no,0,984,0.0,0.01
2024-10-07,HIGHAUS-24OCT07-B91.5,HIGHAUS-24OCT07,91-93F,91.0,91.0,93.0,between,between,0.01,0,95.0,no,0,468,0.0,0.01
2024-10-07,HIGHAUS-24OCT07-B93.5,HIGHAUS-24OCT07,93-95F,93.0,93.0,95.0,between,between,0.01,0,95.0,no,0,1347,0.0,0.01
2024-10-07,HIGHAUS-24OCT07-B95.5,HIGHAUS-24OCT07,95-97F,95.0,95.0,97.0,between,between,0.99,1,95.0,yes,100,1836,0.98,1.0
2024-10-07,HIGHAUS-24OCT07-B97.5,HIGHAUS-24OCT07,97-99F,97.0,97.0,99.0,between,between,0.01,0,95.0,no,0,378,0.0,0.02
2024-10-07,HIGHAUS-24OCT07-T98,HIGHAUS-24OCT07,Above 98F,98.0,98.0,,above,greater,0.01,0,95.0,no,0,50,0.0,0.01
2024-10-08,HIGHAUS-24OCT08-T89,HIGHAUS-24OCT08,Below 89F,89.0,,89.0,below,less,0.01,0,93.92,no,0,50,0.0,0.01
2024-10-08,HIGHAUS-24OCT08-B89.5,HIGHAUS-24OCT08,89-91F,89.0,89.0,91.0,between,between,0.01,0,93.92,no,0,50,0.0,0.01
2024-10-08,HIGHAUS-24OCT08-B91.5,HIGHAUS-24OCT08,91-93F,91.0,91.0,93.0,between,between,0.01,0,93.92,no,0,1159,0.0,0.01
2024-10-08,HIGHAUS-24OCT08-B93.5,HIGHAUS-24OCT08,93-95F,93.0,93.0,95.0,between,between,0.99,1,93.92,yes,100,2193,0.99,1.0
2024-10-08,HIGHAUS-24OCT08-B95.5,HIGHAUS-24OCT08,95-97F,95.0,95.0,97.0,between,between,0.1,0,93.92,no,0,873,0.0,0.01
2024-10-08,HIGHAUS-24OCT08-T96,HIGHAUS-24OCT08,Above 96F,96.0,96.0,,above,greater,0.02,0,93.92,no,0,352,0.0,0.01
2024-10-09,HIGHAUS-24OCT09-B90.5,HIGHAUS-24OCT09,90-92F,90.0,90.0,92.0,between,between,0.01,0,93.02,no,0,1908,0.0,0.01
2024-10-09,HIGHAUS-24OCT09-T90,HIGHAUS-24OCT09,Below 90F,90.0,,90.0,below,less,0.01,0,93.02,no,0,51,0.0,0.01
2024-10-09,HIGHAUS-24OCT09-B92.5,HIGHAUS-24OCT09,92-94F,92.0,92.0,94.0,between,between,0.98,1,93.02,yes,100,2771,0.98,1.0
2024-10-09,HIGHAUS-24OCT09-B94.5,HIGHAUS-24OCT09,94-96F,94.0,94.0,96.0,between,between,0.01,0,93.02,no,0,2891,0.0,0.25
2024-10-09,HIGHAUS-24OCT09-B96.5,HIGHAUS-24OCT09,96-98F,96.0,96.0,98.0,between,between,0.01,0,93.02,no,0,50,0.0,0.1
2024-10-09,HIGHAUS-24OCT09-T97,HIGHAUS-24OCT09,Above 97F,97.0,97.0,,above,greater,0.01,0,93.02,no,0,50,0.0,0.02
2024-10-10,HIGHAUS-24OCT10-T91,HIGHAUS-24OCT10,Below 91F,91.0,,91.0,below,less,0.01,0,96.08,no,0,50,0.0,0.01
2024-10-10,HIGHAUS-24OCT10-B91.5,HIGHAUS-24OCT10,91-93F,91.0,91.0,93.0,between,between,0.01,0,96.08,no,0,50,0.0,0.01
2024-10-10,HIGHAUS-24OCT10-B93.5,HIGHAUS-24OCT10,93-95F,93.0,93.0,95.0,between,between,0.01,0,96.08,no,0,3706,0.0,0.4
2024-10-10,HIGHAUS-24OCT10-B95.5,HIGHAUS-24OCT10,95-97F,95.0,95.0,97.0,between,between,0.98,1,96.08,yes,100,2082,0.98,1.0
2024-10-10,HIGHAUS-24OCT10-B97.5,HIGHAUS-24OCT10,97-99F,97.0,97.0,99.0,between,between,0.02,0,96.08,no,0,1305,0.0,0.02
2024-10-10,HIGHAUS-24OCT10-T98,HIGHAUS-24OCT10,Above 98F,98.0,98.0,,above,greater,0.01,0,96.08,no,0,50,0.0,0.01
2024-10-11,HIGHAUS-24OCT11-B90.5,HIGHAUS-24OCT11,90-92F,90.0,90.0,92.0,between,between,0.08,0,93.02,no,0,167,0.0,0.01
2024-10-11,HIGHAUS-24OCT11-T90,HIGHAUS-24OCT11,Below 90F,90.0,,90.0,below,less,0.01,0,93.02,no,0,50,0.0,0.01
2024-10-11,HIGHAUS-24OCT11-B92.5,HIGHAUS-24OCT11,92-94F,92.0,92.0,94.0,between,between,0.99,1,93.02,yes,100,3689,0.99,1.0
2024-10-11,HIGHAUS-24OCT11-B94.5,HIGHAUS-24OCT11,94-96F,94.0,94.0,96.0,between,between,0.08,0,93.02,no,0,1311,0.0,0.01
2024-10-11,HIGHAUS-24OCT11-B96.5,HIGHAUS-24OCT11,96-98F,96.0,96.0,98.0,between,between,0.1,0,93.02,no,0,1120,0.0,0.01
2024-10-11,HIGHAUS-24OCT11-T97,HIGHAUS-24OCT11,Above 97F,97.0,97.0,,above,greater,0.01,0,93.02,no,0,360,0.0,0.01
2024-10-12,HIGHAUS-24OCT12-B91.5,HIGHAUS-24OCT12,91-93F,91.0,91.0,93.0,between,between,0.01,0,95.0,no,0,1163,0.0,0.01
2024-10-12,HIGHAUS-24OCT12-T91,HIGHAUS-24OCT12,Below 91F,91.0,,91.0,below,less,0.01,0,95.0,no,0,250,0.0,0.01
2024-10-12,HIGHAUS-24OCT12-B93.5,HIGHAUS-24OCT12,93-95F,93.0,93.0,95.0,between,between,0.01,0,95.0,no,0,2868,0.0,0.01
2024-10-12,HIGHAUS-24OCT12-B95.5,HIGHAUS-24OCT12,95-97F,95.0,95.0,97.0,between,between,0.8,1,95.0,yes,100,1454,0.83,0.99
2024-10-12,HIGHAUS-24OCT12-B97.5,HIGHAUS-24OCT12,97-99F,97.0,97.0,99.0,between,between,0.01,0,95.0,no,0,1118,0.0,0.27
2024-10-12,HIGHAUS-24OCT12-T98,HIGHAUS-24OCT12,Above 98F,98.0,98.0,,above,greater,0.01,0,95.0,no,0,60,0.0,0.01
2024-10-13,HIGHAUS-24OCT13-B93.5,HIGHAUS-24OCT13,93-95F,93.0,93.0,95.0,between,between,0.01,0,98.96,no,0,60,0.0,0.01
2024-10-13,HIGHAUS-24OCT13-T93,HIGHAUS-24OCT13,Below 93F,93.0,,93.0,below,less,0.01,0,98.96,no,0,50,0.0,0.01
2024-10-13,HIGHAUS-24OCT13-B95.5,HIGHAUS-24OCT13,95-97F,95.0,95.0,97.0,between,between,0.01,0,98.96,no,0,379,0.0,0.01
2024-10-13,HIGHAUS-24OCT13-B97.5,HIGHAUS-24OCT13,97-99F,97.0,97.0,99.0,between,between,0.01,0,98.96,no,0,11036,0.0,0.01
2024-10-13,HIGHAUS-24OCT13-B99.5,HIGHAUS-24OCT13,99-101F,99.0,99.0,101.0,between,between,0.99,1,98.96,yes,100,2046,0.9,1.0
2024-10-13,HIGHAUS-24OCT13-T100,HIGHAUS-24OCT13,Above 100F,100.0,100.0,,above,greater,0.01,0,98.96,no,0,1916,0.0,0.1
2024-10-14,HIGHAUS-24OCT14-T92,HIGHAUS-24OCT14,Below 92F,92.0,,92.0,below,less,0.01,0,98.06,no,0,60,0.0,0.01
2024-10-14,HIGHAUS-24OCT14-B92.5,HIGHAUS-24OCT14,92-94F,92.0,92.0,94.0,between,between,0.01,0,98.06,no,0,4086,0.0,0.01
2024-10-14,HIGHAUS-24OCT14-B94.5,HIGHAUS-24OCT14,94-96F,94.0,94.0,96.0,between,between,0.01,0,98.06,no,0,5209,0.0,0.01
2024-10-14,HIGHAUS-24OCT14-B96.5,HIGHAUS-24OCT14,96-98F,96.0,96.0,98.0,between,between,0.01,0,98.06,no,0,2176,0.0,0.01
2024-10-14,HIGHAUS-24OCT14-B98.5,HIGHAUS-24OCT14,98-100F,98.0,98.0,100.0,between,between,0.94,1,98.06,yes,100,717,0.99,1.0
2024-10-14,HIGHAUS-24OCT14-T99,HIGHAUS-24OCT14,Above 99F,99.0,99.0,,above,greater,0.01,0,98.06,no,0,60,0.0,0.01
2024-10-15,HIGHAUS-24OCT15-B94.5,HIGHAUS-24OCT15,94-96F,94.0,94.0,96.0,between,between,0.01,0,98.06,no,0,70,0.0,0.01
2024-10-15,HIGHAUS-24OCT15-T94,HIGHAUS-24OCT15,Below 94F,94.0,,94.0,below,less,0.01,0,98.06,no,0,50,0.0,0.01
2024-10-15,HIGHAUS-24OCT15-B96.5,HIGHAUS-24OCT15,96-98F,96.0,96.0,98.0,between,between,0.01,0,98.06,no,0,4727,0.0,0.01
2024-10-15,HIGHAUS-24OCT15-B98.5,HIGHAUS-24OCT15,98-100F,98.0,98.0,100.0,between,between,0.97,1,98.06,yes,100,2174,0.95,1.0
2024-10-15,HIGHAUS-24OCT15-B100.5,HIGHAUS-24OCT15,100-102F,100.0,100.0,102.0,between,between,0.01,0,98.06,no,0,3263,0.0,0.04
2024-10-15,HIGHAUS-24OCT15-T101,HIGHAUS-24OCT15,Above 101F,101.0,101.0,,above,greater,0.01,0,98.06,no,0,65,0.0,0.01
2024-10-16,HIGHAUS-24OCT16-B70.5,HIGHAUS-24OCT16,70-72F,70.0,70.0,72.0,between,between,0.05,0,73.94,no,0,69,0.0,0.01
2024-10-16,HIGHAUS-24OCT16-T70,HIGHAUS-24OCT16,Below 70F,70.0,,70.0,below,less,0.05,0,73.94,no,0,69,0.0,0.01
2024-10-16,HIGHAUS-24OCT16-B72.5,HIGHAUS-24OCT16,72-74F,72.0,72.0,74.0,between,between,0.01,0,73.94,no,0,1699,0.0,0.01
2024-10-16,HIGHAUS-24OCT16-B74.5,HIGHAUS-24OCT16,74-76F,74.0,74.0,76.0,between,between,0.9,1,73.94,yes,100,2299,0.98,1.0
2024-10-16,HIGHAUS-24OCT16-B76.5,HIGHAUS-24OCT16,76-78F,76.0,76.0,78.0,between,between,0.03,0,73.94,no,0,3123,0.0,0.02
2024-10-16,HIGHAUS-24OCT16-T77,HIGHAUS-24OCT16,Above 77F,77.0,77.0,,above,greater,0.01,0,73.94,no,0,4051,0.0,0.01
2024-10-17,HIGHAUS-24OCT17-B76.5,HIGHAUS-24OCT17,76-78F,76.0,76.0,78.0,between,between,0.99,1,76.0,yes,100,2569,0.92,1.0
2024-10-17,HIGHAUS-24OCT17-T76,HIGHAUS-24OCT17,Below 76F,76.0,,76.0,below,less,0.2,0,76.0,no,0,252,0.0,0.01
2024-10-17,HIGHAUS-24OCT17-B78.5,HIGHAUS-24OCT17,78-80F,78.0,78.0,80.0,between,between,0.24,0,76.0,no,0,2178,0.0,0.08
2024-10-17,HIGHAUS-24OCT17-B80.5,HIGHAUS-24OCT17,80-82F,80.0,80.0,82.0,between,between,0.01,0,76.0,no,0,2682,0.0,0.01
2024-10-17,HIGHAUS-24OCT17-B82.5,HIGHAUS-24OCT17,82-84F,82.0,82.0,84.0,between,between,0.01,0,76.0,no,0,355,0.0,0.01
2024-10-17,HIGHAUS-24OCT17-T83,HIGHAUS-24OCT17,Above 83F,83.0,83.0,,above,greater,0.01,0,76.0,no,0,68,0.0,0.01
2024-10-18,HIGHAUS-24OCT18-T80,HIGHAUS-24OCT18,Below 80F,80.0,,80.0,below,less,0.01,0,84.02,no,0,265,0.0,0.01
2024-10-18,HIGHAUS-24OCT18-B80.5,HIGHAUS-24OCT18,80-82F,80.0,80.0,82.0,between,between,0.01,0,84.02,no,0,5982,0.0,0.01
2024-10-18,HIGHAUS-24OCT18-B82.5,HIGHAUS-24OCT18,82-84F,82.0,82.0,84.0,between,between,0.01,0,84.02,no,0,13968,0.0,0.01
2024-10-18,HIGHAUS-24OCT18-B84.5,HIGHAUS-24OCT18,84-86F,84.0,84.0,86.0,between,between,0.99,1,84.02,yes,100,2486,0.99,1.0
2024-10-18,HIGHAUS-24OCT18-B86.5,HIGHAUS-24OCT18,86-88F,86.0,86.0,88.0,between,between,0.12,0,84.02,no,0,268,0.0,0.01
2024-10-18,HIGHAUS-24OCT18-T87,HIGHAUS-24OCT18,Above 87F,87.0,87.0,,above,greater,0.01,0,84.02,no,0,50,0.0,0.01
2024-10-19,HIGHAUS-24OCT19-T80,HIGHAUS-24OCT19,Below 80F,80.0,,80.0,below,less,0.01,0,87.08000000000001,no,0,301,0.0,0.01
2024-10-19,HIGHAUS-24OCT19-B80.5,HIGHAUS-24OCT19,80-82F,80.0,80.0,82.0,between,between,0.12,0,87.08000000000001,no,0,110,0.0,0.01
2024-10-19,HIGHAUS-24OCT19-B82.5,HIGHAUS-24OCT19,82-84F,82.0,82.0,84.0,between,between,0.01,0,87.08000000000001,no,0,4057,0.0,0.01
2024-10-19,HIGHAUS-24OCT19-B84.5,HIGHAUS-24OCT19,84-86F,84.0,84.0,86.0,between,between,0.01,0,87.08000000000001,no,0,13357,0.0,0.01
2024-10-19,HIGHAUS-24OCT19-B86.5,HIGHAUS-24OCT19,86-88F,86.0,86.0,88.0,between,between,0.98,1,87.08000000000001,yes,100,2814,0.96,1.0
2024-10-19,HIGHAUS-24OCT19-T87,HIGHAUS-24OCT19,Above 87F,87.0,87.0,,above,greater,0.07,0,87.08000000000001,no,0,617,0.0,0.04
2024-10-20,HIGHAUS-24OCT20-T83,HIGHAUS-24OCT20,Below 83F,83.0,,83.0,below,less,0.01,0,86.0,no,0,985,0.0,0.01
2024-10-20,HIGHAUS-24OCT20-B83.5,HIGHAUS-24OCT20,83-85F,83.0,83.0,85.0,between,between,0.01,0,86.0,no,0,2042,0.0,0.01
2024-10-20,HIGHAUS-24OCT20-B85.5,HIGHAUS-24OCT20,85-87F,85.0,85.0,87.0,between,between,0.99,1,86.0,yes,100,2907,0.99,1.0
2024-10-20,HIGHAUS-24OCT20-B87.5,HIGHAUS-24OCT20,87-89F,87.0,87.0,89.0,between,between,0.03,0,86.0,no,0,2318,0.0,0.01
2024-10-20,HIGHAUS-24OCT20-B89.5,HIGHAUS-24OCT20,89-91F,89.0,89.0,91.0,between,between,0.01,0,86.0,no,0,510,0.0,0.01
2024-10-20,HIGHAUS-24OCT20-T90,HIGHAUS-24OCT20,Above 90F,90.0,90.0,,above,greater,0.1,0,86.0,no,0,51,0.0,0.01
2024-10-21,HIGHAUS-24OCT21-T83,HIGHAUS-24OCT21,Below 83F,83.0,,83.0,below,less,0.01,0,87.08000000000001,no,0,50,0.0,0.01
2024-10-21,HIGHAUS-24OCT21-B83.5,HIGHAUS-24OCT21,83-85F,83.0,83.0,85.0,between,between,0.52,0,87.08000000000001,no,0,67,0.0,0.01
2024-10-21,HIGHAUS-24OCT21-B85.5,HIGHAUS-24OCT21,85-87F,85.0,85.0,87.0,between,between,0.01,0,87.08000000000001,no,0,10633,0.0,0.01
2024-10-21,HIGHAUS-24OCT21-B87.5,HIGHAUS-24OCT21,87-89F,87.0,87.0,89.0,between,between,0.99,1,87.08000000000001,yes,100,1206,0.99,1.0
2024-10-21,HIGHAUS-24OCT21-B89.5,HIGHAUS-24OCT21,89-91F,89.0,89.0,91.0,between,between,0.01,0,87.08000000000001,no,0,1061,0.0,0.01
2024-10-21,HIGHAUS-24OCT21-T90,HIGHAUS-24OCT21,Above 90F,90.0,90.0,,above,greater,0.01,0,87.08000000000001,no,0,50,0.0,0.01
2024-10-22,HIGHAUS-24OCT22-B85.5,HIGHAUS-24OCT22,85-87F,85.0,85.0,87.0,between,between,0.01,0,89.06,no,0,908,0.0,0.01
2024-10-22,HIGHAUS-24OCT22-T85,HIGHAUS-24OCT22,Below 85F,85.0,,85.0,below,less,0.01,0,89.06,no,0,50,0.0,0.01
2024-10-22,HIGHAUS-24OCT22-B87.5,HIGHAUS-24OCT22,87-89F,87.0,87.0,89.0,between,between,0.01,0,89.06,no,0,5879,0.0,0.01
2024-10-22,HIGHAUS-24OCT22-B89.5,HIGHAUS-24OCT22,89-91F,89.0,89.0,91.0,between,between,0.99,1,89.06,yes,100,1945,0.99,1.0
2024-10-22,HIGHAUS-24OCT22-B91.5,HIGHAUS-24OCT22,91-93F,91.0,91.0,93.0,between,between,0.01,0,89.06,no,0,1480,0.0,0.01
2024-10-22,HIGHAUS-24OCT22-T92,HIGHAUS-24OCT22,Above 92F,92.0,92.0,,above,greater,0.01,0,89.06,no,0,50,0.0,0.01
2024-10-23,HIGHAUS-24OCT23-T87,HIGHAUS-24OCT23,Below 87F,87.0,,87.0,below,less,0.01,0,89.96000000000001,no,0,50,0.0,0.01
2024-10-23,HIGHAUS-24OCT23-B87.5,HIGHAUS-24OCT23,87-89F,87.0,87.0,89.0,between,between,0.01,0,89.96000000000001,no,0,111,0.0,0.01
2024-10-23,HIGHAUS-24OCT23-B89.5,HIGHAUS-24OCT23,89-91F,89.0,89.0,91.0,between,between,0.95,1,89.96000000000001,yes,100,1439,0.99,1.0
2024-10-23,HIGHAUS-24OCT23-B91.5,HIGHAUS-24OCT23,91-93F,91.0,91.0,93.0,between,between,0.01,0,89.96000000000001,no,0,2668,0.0,0.01
2024-10-23,HIGHAUS-24OCT23-B93.5,HIGHAUS-24OCT23,93-95F,93.0,93.0,95.0,between,between,0.01,0,89.96000000000001,no,0,244,0.0,0.01
2024-10-23,HIGHAUS-24OCT23-T94,HIGHAUS-24OCT23,Above 94F,94.0,94.0,,above,greater,0.01,0,89.96000000000001,no,0,50,0.0,0.01
2024-10-24,KXHIGHAUS-24OCT24-T86,KXHIGHAUS-24OCT24,Below 86F,86.0,,86.0,below,less,0.0,0,89.96000000000001,no,0,0,0.0,0.01
2024-10-24,KXHIGHAUS-24OCT24-B86.5,KXHIGHAUS-24OCT24,86-88F,86.0,86.0,88.0,between,between,0.01,0,89.96000000000001,no,0,932,0.0,0.01
2024-10-24,KXHIGHAUS-24OCT24-B88.5,KXHIGHAUS-24OCT24,88-90F,88.0,88.0,90.0,between,between,0.01,0,89.96000000000001,no,0,25662,0.0,0.01
2024-10-24,KXHIGHAUS-24OCT24-B90.5,KXHIGHAUS-24OCT24,90-92F,90.0,90.0,92.0,between,between,0.92,1,89.96000000000001,yes,100,6546,0.99,1.0
2024-10-24,KXHIGHAUS-24OCT24-B92.5,KXHIGHAUS-24OCT24,92-94F,92.0,92.0,94.0,between,between,0.01,0,89.96000000000001,no,0,1970,0.0,0.01
2024-10-24,KXHIGHAUS-24OCT24-T93,KXHIGHAUS-24OCT24,Above 93F,93.0,93.0,,above,greater,0.01,0,89.96000000000001,no,0,528,0.0,0.01
2024-10-25,KXHIGHAUS-24OCT25-B86.5,KXHIGHAUS-24OCT25,86-88F,86.0,86.0,88.0,between,between,0.01,0,89.96000000000001,no,0,76,0.0,0.01
2024-10-25,KXHIGHAUS-24OCT25-T86,KXHIGHAUS-24OCT25,Below 86F,86.0,,86.0,below,less,0.06,0,89.96000000000001,no,0,80,0.0,0.01
2024-10-25,KXHIGHAUS-24OCT25-B88.5,KXHIGHAUS-24OCT25,88-90F,88.0,88.0,90.0,between,between,0.01,0,89.96000000000001,no,0,3239,0.0,0.01
2024-10-25,KXHIGHAUS-24OCT25-B90.5,KXHIGHAUS-24OCT25,90-92F,90.0,90.0,92.0,between,between,0.99,1,89.96000000000001,yes,100,5372,0.99,1.0
2024-10-25,KXHIGHAUS-24OCT25-B92.5,KXHIGHAUS-24OCT25,92-94F,92.0,92.0,94.0,between,between,0.01,0,89.96000000000001,no,0,3727,0.0,0.01
2024-10-25,KXHIGHAUS-24OCT25-T93,KXHIGHAUS-24OCT25,Above 93F,93.0,93.0,,above,greater,0.0,0,89.96000000000001,no,0,0,0.0,0.01
2024-10-26,KXHIGHAUS-24OCT26-T86,KXHIGHAUS-24OCT26,Below 86F,86.0,,86.0,below,less,0.01,0,91.94,no,0,1826,0.0,0.01
2024-10-26,KXHIGHAUS-24OCT26-B86.5,KXHIGHAUS-24OCT26,86-88F,86.0,86.0,88.0,between,between,0.01,0,91.94,no,0,1,0.0,0.01
2024-10-26,KXHIGHAUS-24OCT26-B88.5,KXHIGHAUS-24OCT26,88-90F,88.0,88.0,90.0,between,between,0.01,0,91.94,no,0,1436,0.0,0.01
2024-10-26,KXHIGHAUS-24OCT26-B90.5,KXHIGHAUS-24OCT26,90-92F,90.0,90.0,92.0,between,between,0.03,0,91.94,no,0,21241,0.0,0.03
2024-10-26,KXHIGHAUS-24OCT26-B92.5,KXHIGHAUS-24OCT26,92-94F,92.0,92.0,94.0,between,between,0.99,1,91.94,yes,100,4446,0.99,1.0
2024-10-26,KXHIGHAUS-24OCT26-T93,KXHIGHAUS-24OCT26,Above 93F,93.0,93.0,,above,greater,0.01,0,91.94,no,0,1043,0.0,0.01
2024-10-27,KXHIGHAUS-24OCT27-T87,KXHIGHAUS-24OCT27,Below 87F,87.0,,87.0,below,less,0.0,0,91.94,no,0,0,0.0,0.01
2024-10-27,KXHIGHAUS-24OCT27-B87.5,KXHIGHAUS-24OCT27,87-89F,87.0,87.0,89.0,between,between,0.01,0,91.94,no,0,9395,0.0,0.01
2024-10-27,KXHIGHAUS-24OCT27-B89.5,KXHIGHAUS-24OCT27,89-91F,89.0,89.0,91.0,between,between,0.01,0,91.94,no,0,27063,0.0,0.01
2024-10-27,KXHIGHAUS-24OCT27-B91.5,KXHIGHAUS-24OCT27,91-93F,91.0,91.0,93.0,between,between,0.98,1,91.94,yes,100,3025,0.99,1.0
2024-10-27,KXHIGHAUS-24OCT27-B93.5,KXHIGHAUS-24OCT27,93-95F,93.0,93.0,95.0,between,between,0.01,0,91.94,no,0,2265,0.0,0.01
2024-10-27,KXHIGHAUS-24OCT27-T94,KXHIGHAUS-24OCT27,Above 94F,94.0,94.0,,above,greater,0.01,0,91.94,no,0,62,0.0,0.01
2024-10-28,KXHIGHAUS-24OCT28-B85.5,KXHIGHAUS-24OCT28,85-87F,85.0,85.0,87.0,between,between,0.01,0,91.04,no,0,211,0.0,0.01
2024-10-28,KXHIGHAUS-24OCT28-T85,KXHIGHAUS-24OCT28,Below 85F,85.0,,85.0,below,less,0.01,0,91.04,no,0,480,0.0,0.01
2024-10-28,KXHIGHAUS-24OCT28-B87.5,KXHIGHAUS-24OCT28,87-89F,87.0,87.0,89.0,between,between,0.01,0,91.04,no,0,6897,0.0,0.01
2024-10-28,KXHIGHAUS-24OCT28-B89.5,KXHIGHAUS-24OCT28,89-91F,89.0,89.0,91.0,between,between,0.01,0,91.04,no,0,20180,0.0,0.01
2024-10-28,KXHIGHAUS-24OCT28-B91.5,KXHIGHAUS-24OCT28,91-93F,91.0,91.0,93.0,between,between,0.94,1,91.04,yes,100,6286,0.99,1.0
2024-10-28,KXHIGHAUS-24OCT28-T92,KXHIGHAUS-24OCT28,Above 92F,92.0,92.0,,above,greater,0.01,0,91.04,no,0,872,0.0,0.01
2024-10-29,KXHIGHAUS-24OCT29-B82.5,KXHIGHAUS-24OCT29,82-84F,82.0,82.0,84.0,between,between,0.01,0,89.96000000000001,no,0,446,0.0,0.01
2024-10-29,KXHIGHAUS-24OCT29-T82,KXHIGHAUS-24OCT29,Below 82F,82.0,,82.0,below,less,0.01,0,89.96000000000001,no,0,297,0.0,0.01
2024-10-29,KXHIGHAUS-24OCT29-B84.5,KXHIGHAUS-24OCT29,84-86F,84.0,84.0,86.0,between,between,0.01,0,89.96000000000001,no,0,6131,0.0,0.01
2024-10-29,KXHIGHAUS-24OCT29-B86.5,KXHIGHAUS-24OCT29,86-88F,86.0,86.0,88.0,between,between,0.01,0,89.96000000000001,no,0,21455,0.0,0.01
2024-10-29,KXHIGHAUS-24OCT29-B88.5,KXHIGHAUS-24OCT29,88-90F,88.0,88.0,90.0,between,between,0.01,0,89.96000000000001,no,0,46831,0.0,0.01
2024-10-29,KXHIGHAUS-24OCT29-T89,KXHIGHAUS-24OCT29,Above 89F,89.0,89.0,,above,greater,0.99,1,89.96000000000001,yes,100,26573,0.99,1.0
2024-10-30,KXHIGHAUS-24OCT30-B86.5,KXHIGHAUS-24OCT30,86-88F,86.0,86.0,88.0,between,between,0.0,0,91.94,no,0,0,0.0,0.01
2024-10-30,KXHIGHAUS-24OCT30-T86,KXHIGHAUS-24OCT30,Below 86F,86.0,,86.0,below,less,0.01,0,91.94,no,0,1130,0.0,0.01
2024-10-30,KXHIGHAUS-24OCT30-B88.5,KXHIGHAUS-24OCT30,88-90F,88.0,88.0,90.0,between,between,0.01,0,91.94,no,0,5246,0.0,0.01
2024-10-30,KXHIGHAUS-24OCT30-B90.5,KXHIGHAUS-24OCT30,90-92F,90.0,90.0,92.0,between,between,0.01,0,91.94,no,0,27478,0.0,0.01
2024-10-30,KXHIGHAUS-24OCT30-B92.5,KXHIGHAUS-24OCT30,92-94F,92.0,92.0,94.0,between,between,0.99,1,91.94,yes,100,7680,0.99,1.0
2024-10-30,KXHIGHAUS-24OCT30-T93,KXHIGHAUS-24OCT30,Above 93F,93.0,93.0,,above,greater,0.01,0,91.94,no,0,2874,0.0,0.01
2024-10-31,KXHIGHAUS-24OCT31-B82.5,KXHIGHAUS-24OCT31,82-84F,82.0,82.0,84.0,between,between,0.01,0,86.0,no,0,24680,0.0,0.01
2024-10-31,KXHIGHAUS-24OCT31-T82,KXHIGHAUS-24OCT31,Below 82F,82.0,,82.0,below,less,0.01,0,86.0,no,0,5722,0.0,0.01
2024-10-31,KXHIGHAUS-24OCT31-B84.5,KXHIGHAUS-24OCT31,84-86F,84.0,84.0,86.0,between,between,0.01,0,86.0,no,0,23407,0.0,0.01
2024-10-31,KXHIGHAUS-24OCT31-B86.5,KXHIGHAUS-24OCT31,86-88F,86.0,86.0,88.0,between,between,0.99,1,86.0,yes,100,22983,0.99,1.0
2024-10-31,KXHIGHAUS-24OCT31-B88.5,KXHIGHAUS-24OCT31,88-90F,88.0,88.0,90.0,between,between,0.03,0,86.0,no,0,6719,0.0,0.01
2024-10-31,KXHIGHAUS-24OCT31-T89,KXHIGHAUS-24OCT31,Above 89F,89.0,89.0,,above,greater,0.49,0,86.0,no,0,2136,0.0,0.01
2024-11-01,KXHIGHAUS-24NOV01-B81.5,KXHIGHAUS-24NOV01,81-83F,81.0,81.0,83.0,between,between,0.01,0,78.08,no,0,6803,0.0,0.01
2024-11-01,KXHIGHAUS-24NOV01-T81,KXHIGHAUS-24NOV01,Below 81F,81.0,,81.0,below,less,0.99,1,78.08,yes,100,10546,0.99,1.0
2024-11-01,KXHIGHAUS-24NOV01-B83.5,KXHIGHAUS-24NOV01,83-85F,83.0,83.0,85.0,between,between,0.01,0,78.08,no,0,7090,0.0,0.01
2024-11-01,KXHIGHAUS-24NOV01-B85.5,KXHIGHAUS-24NOV01,85-87F,85.0,85.0,87.0,between,between,0.01,0,78.08,no,0,3530,0.0,0.01
2024-11-01,KXHIGHAUS-24NOV01-B87.5,KXHIGHAUS-24NOV01,87-89F,87.0,87.0,89.0,between,between,0.01,0,78.08,no,0,1475,0.0,0.01
2024-11-01,KXHIGHAUS-24NOV01-T88,KXHIGHAUS-24NOV01,Above 88F,88.0,88.0,,above,greater,0.01,0,78.08,no,0,572,0.0,0.01
2024-11-02,KXHIGHAUS-24NOV02-B80.5,KXHIGHAUS-24NOV02,80-82F,80.0,80.0,82.0,between,between,0.01,0,82.94,no,0,47756,0.0,0.01
2024-11-02,KXHIGHAUS-24NOV02-T80,KXHIGHAUS-24NOV02,Below 80F,80.0,,80.0,below,less,0.01,0,82.94,no,0,10983,0.0,0.01
2024-11-02,KXHIGHAUS-24NOV02-B82.5,KXHIGHAUS-24NOV02,82-84F,82.0,82.0,84.0,between,between,0.98,1,82.94,yes,100,21374,0.98,1.0
2024-11-02,KXHIGHAUS-24NOV02-B84.5,KXHIGHAUS-24NOV02,84-86F,84.0,84.0,86.0,between,between,0.01,0,82.94,no,0,7177,0.0,0.01
2024-11-02,KXHIGHAUS-24NOV02-B86.5,KXHIGHAUS-24NOV02,86-88F,86.0,86.0,88.0,between,between,0.01,0,82.94,no,0,2207,0.0,0.01
2024-11-02,KXHIGHAUS-24NOV02-T87,KXHIGHAUS-24NOV02,Above 87F,87.0,87.0,,above,greater,0.01,0,82.94,no,0,459,0.0,0.01
2024-11-03,KXHIGHAUS-24NOV03-T84,KXHIGHAUS-24NOV03,Below 84F,84.0,,84.0,below,less,0.01,0,89.06,no,0,5685,0.0,0.01
2024-11-03,KXHIGHAUS-24NOV03-B84.5,KXHIGHAUS-24NOV03,84-86F,84.0,84.0,86.0,between,between,0.01,0,89.06,no,0,608,0.0,0.01
2024-11-03,KXHIGHAUS-24NOV03-B86.5,KXHIGHAUS-24NOV03,86-88F,86.0,86.0,88.0,between,between,0.01,0,89.06,no,0,38336,0.0,0.01
2024-11-03,KXHIGHAUS-24NOV03-B88.5,KXHIGHAUS-24NOV03,88-90F,88.0,88.0,90.0,between,between,0.97,1,89.06,yes,100,21371,0.97,0.99
2024-11-03,KXHIGHAUS-24NOV03-B90.5,KXHIGHAUS-24NOV03,90-92F,90.0,90.0,92.0,between,between,0.08,0,89.06,no,0,18467,0.01,0.08
2024-11-03,KXHIGHAUS-24NOV03-T91,KXHIGHAUS-24NOV03,Above 91F,91.0,91.0,,above,greater,0.01,0,89.06,no,0,1999,0.0,0.01
2024-11-04,KXHIGHAUS-24NOV04-T80,KXHIGHAUS-24NOV04,Below 80F,80.0,,80.0,below,less,0.01,0,87.98,no,0,475,0.0,0.01
2024-11-04,KXHIGHAUS-24NOV04-B80.5,KXHIGHAUS-24NOV04,80-82F,80.0,80.0,82.0,between,between,0.01,0,87.98,no,0,652,0.0,0.01
2024-11-04,KXHIGHAUS-24NOV04-B82.5,KXHIGHAUS-24NOV04,82-84F,82.0,82.0,84.0,between,between,0.01,0,87.98,no,0,4220,0.0,0.01
2024-11-04,KXHIGHAUS-24NOV04-B84.5,KXHIGHAUS-24NOV04,84-86F,84.0,84.0,86.0,between,between,0.01,0,87.98,no,0,26143,0.0,0.01
2024-11-04,KXHIGHAUS-24NOV04-B86.5,KXHIGHAUS-24NOV04,86-88F,86.0,86.0,88.0,between,between,0.02,0,87.98,no,0,42849,0.0,0.02
2024-11-04,KXHIGHAUS-24NOV04-T87,KXHIGHAUS-24NOV04,Above 87F,87.0,87.0,,above,greater,0.95,1,87.98,yes,100,43744,0.95,1.0
2024-11-05,KXHIGHAUS-24NOV05-T69,KXHIGHAUS-24NOV05,Below 69F,69.0,,69.0,below,less,0.01,0,73.94,no,0,16703,0.0,0.01
2024-11-05,KXHIGHAUS-24NOV05-B69.5,KXHIGHAUS-24NOV05,69-71F,69.0,69.0,71.0,between,between,0.01,0,73.94,no,0,9379,0.0,0.01
2024-11-05,KXHIGHAUS-24NOV05-B71.5,KXHIGHAUS-24NOV05,71-73F,71.0,71.0,73.0,between,between,0.01,0,73.94,no,0,29125,0.0,0.01
2024-11-05,KXHIGHAUS-24NOV05-B73.5,KXHIGHAUS-24NOV05,73-75F,73.0,73.0,75.0,between,between,0.85,1,73.94,yes,100,17701,0.85,1.0
2024-11-05,KXHIGHAUS-24NOV05-B75.5,KXHIGHAUS-24NOV05,75-77F,75.0,75.0,77.0,between,between,0.06,0,73.94,no,0,6291,0.0,0.06
2024-11-05,KXHIGHAUS-24NOV05-T76,KXHIGHAUS-24NOV05,Above 76F,76.0,76.0,,above,greater,0.08,0,73.94,no,0,18231,0.0,0.05
2024-11-06,KXHIGHAUS-24NOV06-T74,KXHIGHAUS-24NOV06,Below 74F,74.0,,74.0,below,less,0.01,0,80.96,no,0,7250,0.0,0.01
2024-11-06,KXHIGHAUS-24NOV06-B74.5,KXHIGHAUS-24NOV06,74-76F,74.0,74.0,76.0,between,between,0.01,0,80.96,no,0,3906,0.0,0.01
2024-11-06,KXHIGHAUS-24NOV06-B76.5,KXHIGHAUS-24NOV06,76-78F,76.0,76.0,78.0,between,between,0.01,0,80.96,no,0,33908,0.0,0.01
2024-11-06,KXHIGHAUS-24NOV06-B78.5,KXHIGHAUS-24NOV06,78-80F,78.0,78.0,80.0,between,between,0.04,0,80.96,no,0,51231,0.0,0.04
2024-11-06,KXHIGHAUS-24NOV06-B80.5,KXHIGHAUS-24NOV06,80-82F,80.0,80.0,82.0,between,between,0.99,1,80.96,yes,100,21331,0.98,1.0
2024-11-06,KXHIGHAUS-24NOV06-T81,KXHIGHAUS-24NOV06,Above 81F,81.0,81.0,,above,greater,0.03,0,80.96,no,0,5928,0.0,0.03
2024-11-07,KXHIGHAUS-24NOV07-T76,KXHIGHAUS-24NOV07,Below 76F,76.0,,76.0,below,less,0.01,0,89.06,no,0,1402,0.0,0.01
2024-11-07,KXHIGHAUS-24NOV07-B76.5,KXHIGHAUS-24NOV07,76-78F,76.0,76.0,78.0,between,between,0.01,0,89.06,no,0,2222,0.0,0.01
2024-11-07,KXHIGHAUS-24NOV07-B78.5,KXHIGHAUS-24NOV07,78-80F,78.0,78.0,80.0,between,between,0.01,0,89.06,no,0,21401,0.0,0.01
2024-11-07,KXHIGHAUS-24NOV07-B80.5,KXHIGHAUS-24NOV07,80-82F,80.0,80.0,82.0,between,between,0.01,0,89.06,no,0,57267,0.0,0.01
2024-11-07,KXHIGHAUS-24NOV07-B82.5,KXHIGHAUS-24NOV07,82-84F,82.0,82.0,84.0,between,between,0.01,0,89.06,no,0,71396,0.0,0.01
2024-11-07,KXHIGHAUS-24NOV07-T83,KXHIGHAUS-24NOV07,Above 83F,83.0,83.0,,above,greater,0.99,1,89.06,yes,100,71351,0.99,1.0
2024-11-08,KXHIGHAUS-24NOV08-T77,KXHIGHAUS-24NOV08,Below 77F,77.0,,77.0,below,less,0.01,0,89.06,no,0,193,0.0,0.01
2024-11-08,KXHIGHAUS-24NOV08-B77.5,KXHIGHAUS-24NOV08,77-79F,77.0,77.0,79.0,between,between,0.04,0,89.06,no,0,126,0.0,0.01
2024-11-08,KXHIGHAUS-24NOV08-B79.5,KXHIGHAUS-24NOV08,79-81F,79.0,79.0,81.0,between,between,0.01,0,89.06,no,0,509,0.0,0.01
2024-11-08,KXHIGHAUS-24NOV08-B81.5,KXHIGHAUS-24NOV08,81-83F,81.0,81.0,83.0,between,between,0.01,0,89.06,no,0,3283,0.0,0.01
2024-11-08,KXHIGHAUS-24NOV08-B83.5,KXHIGHAUS-24NOV08,83-85F,83.0,83.0,85.0,between,between,0.01,0,89.06,no,0,18043,0.0,0.01
2024-11-08,KXHIGHAUS-24NOV08-T84,KXHIGHAUS-24NOV08,Above 84F,84.0,84.0,,above,greater,0.99,1,89.06,yes,100,38545,0.99,1.0
2024-11-09,KXHIGHAUS-24NOV09-T71,KXHIGHAUS-24NOV09,Below 71F,71.0,,71.0,below,less,0.01,0,80.06,no,0,2056,0.0,0.01
2024-11-09,KXHIGHAUS-24NOV09-B71.5,KXHIGHAUS-24NOV09,71-73F,71.0,71.0,73.0,between,between,0.01,0,80.06,no,0,1678,0.0,0.01
2024-11-09,KXHIGHAUS-24NOV09-B73.5,KXHIGHAUS-24NOV09,73-75F,73.0,73.0,75.0,between,between,0.01,0,80.06,no,0,2683,0.0,0.01
2024-11-09,KXHIGHAUS-24NOV09-B75.5,KXHIGHAUS-24NOV09,75-77F,75.0,75.0,77.0,between,between,0.01,0,80.06,no,0,44284,0.0,0.01
2024-11-09,KXHIGHAUS-24NOV09-B77.5,KXHIGHAUS-24NOV09,77-79F,77.0,77.0,79.0,between,between,0.01,0,80.06,no,0,42015,0.0,0.01
2024-11-09,KXHIGHAUS-24NOV09-T78,KXHIGHAUS-24NOV09,Above 78F,78.0,78.0,,above,greater,0.99,1,80.06,yes,100,84289,0.99,1.0
2024-11-10,KXHIGHAUS-24NOV10-T78,KXHIGHAUS-24NOV10,Below 78F,78.0,,78.0,below,less,0.95,0,87.08000000000001,no,0,121,0.0,0.01
2024-11-10,KXHIGHAUS-24NOV10-B78.5,KXHIGHAUS-24NOV10,78-80F,78.0,78.0,80.0,between,between,0.01,0,87.08000000000001,no,0,224,0.0,0.01
2024-11-10,KXHIGHAUS-24NOV10-B80.5,KXHIGHAUS-24NOV10,80-82F,80.0,80.0,82.0,between,between,0.01,0,87.08000000000001,no,0,6716,0.0,0.01
2024-11-10,KXHIGHAUS-24NOV10-B82.5,KXHIGHAUS-24NOV10,82-84F,82.0,82.0,84.0,between,between,0.01,0,87.08000000000001,no,0,11701,0.0,0.01
2024-11-10,KXHIGHAUS-24NOV10-B84.5,KXHIGHAUS-24NOV10,84-86F,84.0,84.0,86.0,between,between,0.01,0,87.08000000000001,no,0,32048,0.0,0.01
2024-11-10,KXHIGHAUS-24NOV10-T85,KXHIGHAUS-24NOV10,Above 85F,85.0,85.0,,above,greater,0.99,1,87.08000000000001,yes,100,51248,0.99,1.0
2024-11-11,KXHIGHAUS-24NOV11-T77,KXHIGHAUS-24NOV11,Below 77F,77.0,,77.0,below,less,0.01,0,84.91999999999999,no,0,263,0.0,0.01
2024-11-11,KXHIGHAUS-24NOV11-B77.5,KXHIGHAUS-24NOV11,77-79F,77.0,77.0,79.0,between,between,0.01,0,84.91999999999999,no,0,321,0.0,0.01
2024-11-11,KXHIGHAUS-24NOV11-B79.5,KXHIGHAUS-24NOV11,79-81F,79.0,79.0,81.0,between,between,0.01,0,84.91999999999999,no,0,1175,0.0,0.01
2024-11-11,KXHIGHAUS-24NOV11-B81.5,KXHIGHAUS-24NOV11,81-83F,81.0,81.0,83.0,between,between,0.01,0,84.91999999999999,no,0,52788,0.0,0.01
2024-11-11,KXHIGHAUS-24NOV11-B83.5,KXHIGHAUS-24NOV11,83-85F,83.0,83.0,85.0,between,between,0.02,0,84.91999999999999,no,0,317823,0.01,0.02
2024-11-11,KXHIGHAUS-24NOV11-T84,KXHIGHAUS-24NOV11,Above 84F,84.0,84.0,,above,greater,0.99,1,84.91999999999999,yes,100,247936,0.99,1.0
2024-11-12,KXHIGHAUS-24NOV12-B80.5,KXHIGHAUS-24NOV12,80-82F,80.0,80.0,82.0,between,between,0.01,0,82.94,no,0,11087,0.0,0.01
2024-11-12,KXHIGHAUS-24NOV12-T80,KXHIGHAUS-24NOV12,Below 80F,80.0,,80.0,below,less,0.01,0,82.94,no,0,2228,0.0,0.01
2024-11-12,KXHIGHAUS-24NOV12-B82.5,KXHIGHAUS-24NOV12,82-84F,82.0,82.0,84.0,between,between,0.99,1,82.94,yes,100,79703,0.99,1.0
2024-11-12,KXHIGHAUS-24NOV12-B84.5,KXHIGHAUS-24NOV12,84-86F,84.0,84.0,86.0,between,between,0.01,0,82.94,no,0,92219,0.0,0.01
2024-11-12,KXHIGHAUS-24NOV12-B86.5,KXHIGHAUS-24NOV12,86-88F,86.0,86.0,88.0,between,between,0.01,0,82.94,no,0,33165,0.0,0.01
2024-11-12,KXHIGHAUS-24NOV12-T87,KXHIGHAUS-24NOV12,Above 87F,87.0,87.0,,above,greater,0.02,0,82.94,no,0,4888,0.0,0.01
2024-11-13,KXHIGHAUS-24NOV13-T81,KXHIGHAUS-24NOV13,Below 81F,81.0,,81.0,below,less,0.01,0,87.98,no,0,3113,0.0,0.01
2024-11-13,KXHIGHAUS-24NOV13-B81.5,KXHIGHAUS-24NOV13,81-83F,81.0,81.0,83.0,between,between,0.01,0,87.98,no,0,9529,0.0,0.01
2024-11-13,KXHIGHAUS-24NOV13-B83.5,KXHIGHAUS-24NOV13,83-85F,83.0,83.0,85.0,between,between,0.01,0,87.98,no,0,26193,0.0,0.01
2024-11-13,KXHIGHAUS-24NOV13-B85.5,KXHIGHAUS-24NOV13,85-87F,85.0,85.0,87.0,between,between,0.01,0,87.98,no,0,67552,0.0,0.01
2024-11-13,KXHIGHAUS-24NOV13-B87.5,KXHIGHAUS-24NOV13,87-89F,87.0,87.0,89.0,between,between,0.99,1,87.98,yes,100,52283,0.99,1.0
2024-11-13,KXHIGHAUS-24NOV13-T88,KXHIGHAUS-24NOV13,Above 88F,88.0,88.0,,above,greater,0.01,0,87.98,no,0,31652,0.0,0.01
2024-11-14,KXHIGHAUS-24NOV14-B72.5,KXHIGHAUS-24NOV14,72-74F,72.0,72.0,74.0,between,between,0.01,0,77.0,no,0,2467,0.0,0.01
2024-11-14,KXHIGHAUS-24NOV14-T72,KXHIGHAUS-24NOV14,Below 72F,72.0,,72.0,below,less,0.01,0,77.0,no,0,120,0.0,0.01
2024-11-14,KXHIGHAUS-24NOV14-B74.5,KXHIGHAUS-24NOV14,74-76F,74.0,74.0,76.0,between,between,0.01,0,77.0,no,0,35327,0.0,0.01
2024-11-14,KXHIGHAUS-24NOV14-B76.5,KXHIGHAUS-24NOV14,76-78F,76.0,76.0,78.0,between,between,0.99,1,77.0,yes,100,59970,0.99,1.0
2024-11-14,KXHIGHAUS-24NOV14-B78.5,KXHIGHAUS-24NOV14,78-80F,78.0,78.0,80.0,between,between,0.01,0,77.0,no,0,33091,0.0,0.01
2024-11-14,KXHIGHAUS-24NOV14-T79,KXHIGHAUS-24NOV14,Above 79F,79.0,79.0,,above,greater,0.01,0,77.0,no,0,21493,0.0,0.01
2024-11-15,KXHIGHAUS-24NOV15-B73.5,KXHIGHAUS-24NOV15,73-75F,73.0,73.0,75.0,between,between,0.01,0,77.0,no,0,18468,0.0,0.01
2024-11-15,KXHIGHAUS-24NOV15-T73,KXHIGHAUS-24NOV15,Below 73F,73.0,,73.0,below,less,0.01,0,77.0,no,0,7641,0.0,0.01
2024-11-15,KXHIGHAUS-24NOV15-B75.5,KXHIGHAUS-24NOV15,75-77F,75.0,75.0,77.0,between,between,0.01,0,77.0,no,0,127730,0.0,0.01
2024-11-15,KXHIGHAUS-24NOV15-B77.5,KXHIGHAUS-24NOV15,77-79F,77.0,77.0,79.0,between,between,0.99,1,77.0,yes,100,57430,0.99,1.0
2024-11-15,KXHIGHAUS-24NOV15-B79.5,KXHIGHAUS-24NOV15,79-81F,79.0,79.0,81.0,between,between,0.01,0,77.0,no,0,20205,0.0,0.01
2024-11-15,KXHIGHAUS-24NOV15-T80,KXHIGHAUS-24NOV15,Above 80F,80.0,80.0,,above,greater,0.01,0,77.0,no,0,6410,0.0,0.01
2024-11-16,KXHIGHAUS-24NOV16-T76,KXHIGHAUS-24NOV16,Below 76F,76.0,,76.0,below,less,0.01,0,82.94,no,0,14291,0.0,0.01
2024-11-16,KXHIGHAUS-24NOV16-B76.5,KXHIGHAUS-24NOV16,76-78F,76.0,76.0,78.0,between,between,0.01,0,82.94,no,0,2154,0.0,0.01
2024-11-16,KXHIGHAUS-24NOV16-B78.5,KXHIGHAUS-24NOV16,78-80F,78.0,78.0,80.0,between,between,0.01,0,82.94,no,0,9933,0.0,0.01
2024-11-16,KXHIGHAUS-24NOV16-B80.5,KXHIGHAUS-24NOV16,80-82F,80.0,80.0,82.0,between,between,0.01,0,82.94,no,0,74263,0.0,0.01
2024-11-16,KXHIGHAUS-24NOV16-B82.5,KXHIGHAUS-24NOV16,82-84F,82.0,82.0,84.0,between,between,0.99,1,82.94,yes,100,47609,0.99,1.0
2024-11-16,KXHIGHAUS-24NOV16-T83,KXHIGHAUS-24NOV16,Above 83F,83.0,83.0,,above,greater,0.01,0,82.94,no,0,66886,0.0,0.01
2024-11-17,KXHIGHAUS-24NOV17-B80.5,KXHIGHAUS-24NOV17,80-82F,80.0,80.0,82.0,between,between,0.01,0,86.0,no,0,3436,0.0,0.01
2024-11-17,KXHIGHAUS-24NOV17-T80,KXHIGHAUS-24NOV17,Below 80F,80.0,,80.0,below,less,0.01,0,86.0,no,0,11942,0.0,0.01
2024-11-17,KXHIGHAUS-24NOV17-B82.5,KXHIGHAUS-24NOV17,82-84F,82.0,82.0,84.0,between,between,0.01,0,86.0,no,0,34146,0.0,0.01
2024-11-17,KXHIGHAUS-24NOV17-B84.5,KXHIGHAUS-24NOV17,84-86F,84.0,84.0,86.0,between,between,0.01,0,86.0,no,0,216718,0.0,0.01
2024-11-17,KXHIGHAUS-24NOV17-B86.5,KXHIGHAUS-24NOV17,86-88F,86.0,86.0,88.0,between,between,0.99,1,86.0,yes,100,99132,0.99,1.0
2024-11-17,KXHIGHAUS-24NOV17-T87,KXHIGHAUS-24NOV17,Above 87F,87.0,87.0,,above,greater,0.01,0,86.0,no,0,49274,0.0,0.01
2024-11-18,KXHIGHAUS-24NOV18-B75.5,KXHIGHAUS-24NOV18,75-77F,75.0,75.0,77.0,between,between,0.01,0,80.06,no,0,401254,0.0,0.01
2024-11-18,KXHIGHAUS-24NOV18-T75,KXHIGHAUS-24NOV18,Below 75F,75.0,,75.0,below,less,0.01,0,80.06,no,0,99814,0.0,0.01
2024-11-18,KXHIGHAUS-24NOV18-B77.5,KXHIGHAUS-24NOV18,77-79F,77.0,77.0,79.0,between,between,0.01,0,80.06,no,0,281051,0.0,0.01
2024-11-18,KXHIGHAUS-24NOV18-B79.5,KXHIGHAUS-24NOV18,79-81F,79.0,79.0,81.0,between,between,0.99,1,80.06,yes,100,176977,0.99,1.0
2024-11-18,KXHIGHAUS-24NOV18-B81.5,KXHIGHAUS-24NOV18,81-83F,81.0,81.0,83.0,between,between,0.01,0,80.06,no,0,200052,0.0,0.01
2024-11-18,KXHIGHAUS-24NOV18-T82,KXHIGHAUS-24NOV18,Above 82F,82.0,82.0,,above,greater,0.01,0,80.06,no,0,65255,0.0,0.01
2024-11-19,KXHIGHAUS-24NOV19-B77.5,KXHIGHAUS-24NOV19,77-79F,77.0,77.0,79.0,between,between,0.01,0,84.91999999999999,no,0,7496,0.0,0.01
2024-11-19,KXHIGHAUS-24NOV19-T77,KXHIGHAUS-24NOV19,Below 77F,77.0,,77.0,below,less,0.01,0,84.91999999999999,no,0,8835,0.0,0.01
2024-11-19,KXHIGHAUS-24NOV19-B79.5,KXHIGHAUS-24NOV19,79-81F,79.0,79.0,81.0,between,between,0.01,0,84.91999999999999,no,0,29029,0.0,0.01
2024-11-19,KXHIGHAUS-24NOV19-B81.5,KXHIGHAUS-24NOV19,81-83F,81.0,81.0,83.0,between,between,0.01,0,84.91999999999999,no,0,146920,0.0,0.01
2024-11-19,KXHIGHAUS-24NOV19-B83.5,KXHIGHAUS-24NOV19,83-85F,83.0,83.0,85.0,between,between,0.01,0,84.91999999999999,no,0,140683,0.0,0.01
2024-11-19,KXHIGHAUS-24NOV19-T84,KXHIGHAUS-24NOV19,Above 84F,84.0,84.0,,above,greater,0.99,1,84.91999999999999,yes,100,194594,0.99,1.0
2024-11-20,KXHIGHAUS-24NOV20-T65,KXHIGHAUS-24NOV20,Below 65F,65.0,,65.0,below,less,0.01,0,69.08,no,0,10259,0.0,0.01
2024-11-20,KXHIGHAUS-24NOV20-B65.5,KXHIGHAUS-24NOV20,65-67F,65.0,65.0,67.0,between,between,0.01,0,69.08,no,0,16143,0.0,0.01
2024-11-20,KXHIGHAUS-24NOV20-B67.5,KXHIGHAUS-24NOV20,67-69F,67.0,67.0,69.0,between,between,0.01,0,69.08,no,0,261348,0.0,0.01
2024-11-20,KXHIGHAUS-24NOV20-B69.5,KXHIGHAUS-24NOV20,69-71F,69.0,69.0,71.0,between,between,0.99,1,69.08,yes,100,39521,0.99,1.0
2024-11-20,KXHIGHAUS-24NOV20-B71.5,KXHIGHAUS-24NOV20,71-73F,71.0,71.0,73.0,between,between,0.01,0,69.08,no,0,37809,0.0,0.01
2024-11-20,KXHIGHAUS-24NOV20-T72,KXHIGHAUS-24NOV20,Above 72F,72.0,72.0,,above,greater,0.01,0,69.08,no,0,22370,0.0,0.01
2024-11-21,KXHIGHAUS-24NOV21-T69,KXHIGHAUS-24NOV21,Below 69F,69.0,,69.0,below,less,0.01,0,73.04,no,0,322,0.0,0.01
2024-11-21,KXHIGHAUS-24NOV21-B69.5,KXHIGHAUS-24NOV21,69-71F,69.0,69.0,71.0,between,between,0.01,0,73.04,no,0,7948,0.0,0.01
2024-11-21,KXHIGHAUS-24NOV21-B71.5,KXHIGHAUS-24NOV21,71-73F,71.0,71.0,73.0,between,between,0.01,0,73.04,no,0,107492,0.0,0.01
2024-11-21,KXHIGHAUS-24NOV21-B73.5,KXHIGHAUS-24NOV21,73-75F,73.0,73.0,75.0,between,between,0.99,1,73.04,yes,100,30858,0.99,1.0
2024-11-21,KXHIGHAUS-24NOV21-B75.5,KXHIGHAUS-24NOV21,75-77F,75.0,75.0,77.0,between,between,0.01,0,73.04,no,0,23383,0.0,0.01
2024-11-21,KXHIGHAUS-24NOV21-T76,KXHIGHAUS-24NOV21,Above 76F,76.0,76.0,,above,greater,0.02,0,73.04,no,0,7568,0.0,0.01
2024-11-22,KXHIGHAUS-24NOV22-T70,KXHIGHAUS-24NOV22,Below 70F,70.0,,70.0,below,less,0.01,0,78.08,no,0,296,0.0,0.01
2024-11-22,KXHIGHAUS-24NOV22-B70.5,KXHIGHAUS-24NOV22,70-72F,70.0,70.0,72.0,between,between,0.01,0,78.08,no,0,4746,0.0,0.01
2024-11-22,KXHIGHAUS-24NOV22-B72.5,KXHIGHAUS-24NOV22,72-74F,72.0,72.0,74.0,between,between,0.01,0,78.08,no,0,21208,0.0,0.01
2024-11-22,KXHIGHAUS-24NOV22-B74.5,KXHIGHAUS-24NOV22,74-76F,74.0,74.0,76.0,between,between,0.01,0,78.08,no,0,56499,0.0,0.01
2024-11-22,KXHIGHAUS-24NOV22-B76.5,KXHIGHAUS-24NOV22,76-78F,76.0,76.0,78.0,between,between,0.01,0,78.08,no,0,58869,0.0,0.01
2024-11-22,KXHIGHAUS-24NOV22-T77,KXHIGHAUS-24NOV22,Above 77F,77.0,77.0,,above,greater,0.99,1,78.08,yes,100,84540,0.99,1.0
2024-11-23,KXHIGHAUS-24NOV23-T74,KXHIGHAUS-24NOV23,Below 74F,74.0,,74.0,below,less,0.01,0,78.98,no,0,472,0.0,0.01
2024-11-23,KXHIGHAUS-24NOV23-B74.5,KXHIGHAUS-24NOV23,74-76F,74.0,74.0,76.0,between,between,0.01,0,78.98,no,0,4486,0.0,0.01
2024-11-23,KXHIGHAUS-24NOV23-B76.5,KXHIGHAUS-24NOV23,76-78F,76.0,76.0,78.0,between,between,0.01,0,78.98,no,0,82993,0.0,0.01
2024-11-23,KXHIGHAUS-24NOV23-B78.5,KXHIGHAUS-24NOV23,78-80F,78.0,78.0,80.0,between,between,0.99,1,78.98,yes,100,84699,0.99,1.0
2024-11-23,KXHIGHAUS-24NOV23-B80.5,KXHIGHAUS-24NOV23,80-82F,80.0,80.0,82.0,between,between,0.01,0,78.98,no,0,79039,0.0,0.01
2024-11-23,KXHIGHAUS-24NOV23-T81,KXHIGHAUS-24NOV23,Above 81F,81.0,81.0,,above,greater,0.01,0,78.98,no,0,53265,0.0,0.01
2024-11-24,KXHIGHAUS-24NOV24-T79,KXHIGHAUS-24NOV24,Below 79F,79.0,,79.0,below,less,0.01,0,82.94,no,0,835,0.0,0.01
2024-11-24,KXHIGHAUS-24NOV24-B79.5,KXHIGHAUS-24NOV24,79-81F,79.0,79.0,81.0,between,between,0.01,0,82.94,no,0,16376,0.0,0.01
2024-11-24,KXHIGHAUS-24NOV24-B81.5,KXHIGHAUS-24NOV24,81-83F,81.0,81.0,83.0,between,between,0.01,0,82.94,no,0,65395,0.0,0.01
2024-11-24,KXHIGHAUS-24NOV24-B83.5,KXHIGHAUS-24NOV24,83-85F,83.0,83.0,85.0,between,between,0.99,1,82.94,yes,100,20149,0.99,1.0
2024-11-24,KXHIGHAUS-24NOV24-B85.5,KXHIGHAUS-24NOV24,85-87F,85.0,85.0,87.0,between,between,0.03,0,82.94,no,0,37693,0.0,0.01
2024-11-24,KXHIGHAUS-24NOV24-T86,KXHIGHAUS-24NOV24,Above 86F,86.0,86.0,,above,greater,0.01,0,82.94,no,0,7247,0.0,0.01
2024-11-25,KXHIGHAUS-24NOV25-T81,KXHIGHAUS-24NOV25,Below 81F,81.0,,81.0,below,less,0.01,0,86.0,no,0,41037,0.0,0.01
2024-11-25,KXHIGHAUS-24NOV25-B81.5,KXHIGHAUS-24NOV25,81-83F,81.0,81.0,83.0,between,between,0.01,0,86.0,no,0,47041,0.0,0.01
2024-11-25,KXHIGHAUS-24NOV25-B83.5,KXHIGHAUS-24NOV25,83-85F,83.0,83.0,85.0,between,between,0.01,0,86.0,no,0,67488,0.0,0.01
2024-11-25,KXHIGHAUS-24NOV25-B85.5,KXHIGHAUS-24NOV25,85-87F,85.0,85.0,87.0,between,between,0.99,1,86.0,yes,100,83460,0.99,1.0
2024-11-25,KXHIGHAUS-24NOV25-B87.5,KXHIGHAUS-24NOV25,87-89F,87.0,87.0,89.0,between,between,0.01,0,86.0,no,0,58727,0.0,0.01
2024-11-25,KXHIGHAUS-24NOV25-T88,KXHIGHAUS-24NOV25,Above 88F,88.0,88.0,,above,greater,0.01,0,86.0,no,0,10550,0.0,0.01
2024-11-26,KXHIGHAUS-24NOV26-T65,KXHIGHAUS-24NOV26,Below 65F,65.0,,65.0,below,less,0.01,0,66.02,no,0,10408,0.0,0.01
2024-11-26,KXHIGHAUS-24NOV26-B65.5,KXHIGHAUS-24NOV26,65-67F,65.0,65.0,67.0,between,between,0.99,1,66.02,yes,100,134605,0.99,1.0
2024-11-26,KXHIGHAUS-24NOV26-B67.5,KXHIGHAUS-24NOV26,67-69F,67.0,67.0,69.0,between,between,0.01,0,66.02,no,0,129708,0.0,0.01
2024-11-26,KXHIGHAUS-24NOV26-B69.5,KXHIGHAUS-24NOV26,69-71F,69.0,69.0,71.0,between,between,0.01,0,66.02,no,0,35567,0.0,0.01
2024-11-26,KXHIGHAUS-24NOV26-B71.5,KXHIGHAUS-24NOV26,71-73F,71.0,71.0,73.0,between,between,0.01,0,66.02,no,0,13082,0.0,0.01
2024-11-26,KXHIGHAUS-24NOV26-T72,KXHIGHAUS-24NOV26,Above 72F,72.0,72.0,,above,greater,0.01,0,66.02,no,0,19377,0.0,0.01
2024-11-27,KXHIGHAUS-24NOV27-B78.5,KXHIGHAUS-24NOV27,78-80F,78.0,78.0,80.0,between,between,0.01,0,80.96,no,0,41713,0.0,0.01
2024-11-27,KXHIGHAUS-24NOV27-T78,KXHIGHAUS-24NOV27,Below 78F,78.0,,78.0,below,less,0.05,0,80.96,no,0,6006,0.0,0.01
2024-11-27,KXHIGHAUS-24NOV27-B80.5,KXHIGHAUS-24NOV27,80-82F,80.0,80.0,82.0,between,between,0.99,1,80.96,yes,100,46627,0.99,1.0
2024-11-27,KXHIGHAUS-24NOV27-B82.5,KXHIGHAUS-24NOV27,82-84F,82.0,82.0,84.0,between,between,0.01,0,80.96,no,0,39467,0.0,0.01
2024-11-27,KXHIGHAUS-24NOV27-B84.5,KXHIGHAUS-24NOV27,84-86F,84.0,84.0,86.0,between,between,0.01,0,80.96,no,0,17178,0.0,0.01
2024-11-27,KXHIGHAUS-24NOV27-T85,KXHIGHAUS-24NOV27,Above 85F,85.0,85.0,,above,greater,0.01,0,80.96,no,0,16561,0.0,0.01
2024-11-28,KXHIGHAUS-24NOV28-B58.5,KXHIGHAUS-24NOV28,58-60F,58.0,58.0,60.0,between,between,0.01,0,62.06,no,0,38987,0.0,0.01
2024-11-28,KXHIGHAUS-24NOV28-T58,KXHIGHAUS-24NOV28,Below 58F,58.0,,58.0,below,less,0.01,0,62.06,no,0,6347,0.0,0.01
2024-11-28,KXHIGHAUS-24NOV28-B60.5,KXHIGHAUS-24NOV28,60-62F,60.0,60.0,62.0,between,between,0.01,0,62.06,no,0,93825,0.0,0.01
2024-11-28,KXHIGHAUS-24NOV28-B62.5,KXHIGHAUS-24NOV28,62-64F,62.0,62.0,64.0,between,between,0.99,1,62.06,yes,100,28219,0.99,1.0
2024-11-28,KXHIGHAUS-24NOV28-B64.5,KXHIGHAUS-24NOV28,64-66F,64.0,64.0,66.0,between,between,0.01,0,62.06,no,0,34413,0.0,0.01
2024-11-28,KXHIGHAUS-24NOV28-T65,KXHIGHAUS-24NOV28,Above 65F,65.0,65.0,,above,greater,0.03,0,62.06,no,0,41740,0.0,0.01
2024-11-29,KXHIGHAUS-24NOV29-T58,KXHIGHAUS-24NOV29,Below 58F,58.0,,58.0,below,less,0.01,0,60.08,no,0,12090,0.0,0.01
2024-11-29,KXHIGHAUS-24NOV29-B58.5,KXHIGHAUS-24NOV29,58-60F,58.0,58.0,60.0,between,between,0.01,0,60.08,no,0,36999,0.0,0.01
2024-11-29,KXHIGHAUS-24NOV29-B60.5,KXHIGHAUS-24NOV29,60-62F,60.0,60.0,62.0,between,between,0.99,1,60.08,yes,100,16795,0.99,1.0
2024-11-29,KXHIGHAUS-24NOV29-B62.5,KXHIGHAUS-24NOV29,62-64F,62.0,62.0,64.0,between,between,0.01,0,60.08,no,0,17653,0.0,0.01
2024-11-29,KXHIGHAUS-24NOV29-B64.5,KXHIGHAUS-24NOV29,64-66F,64.0,64.0,66.0,between,between,0.01,0,60.08,no,0,3163,0.0,0.01
2024-11-29,KXHIGHAUS-24NOV29-T65,KXHIGHAUS-24NOV29,Above 65F,65.0,65.0,,above,greater,0.01,0,60.08,no,0,1756,0.0,0.01
2024-11-30,KXHIGHAUS-24NOV30-B61.5,KXHIGHAUS-24NOV30,61-63F,61.0,61.0,63.0,between,between,0.01,0,66.02,no,0,27846,0.0,0.01
2024-11-30,KXHIGHAUS-24NOV30-T61,KXHIGHAUS-24NOV30,Below 61F,61.0,,61.0,below,less,0.01,0,66.02,no,0,411,0.0,0.01
2024-11-30,KXHIGHAUS-24NOV30-B63.5,KXHIGHAUS-24NOV30,63-65F,63.0,63.0,65.0,between,between,0.01,0,66.02,no,0,58878,0.0,0.01
2024-11-30,KXHIGHAUS-24NOV30-B65.5,KXHIGHAUS-24NOV30,65-67F,65.0,65.0,67.0,between,between,0.99,1,66.02,yes,100,33624,0.99,1.0
2024-11-30,KXHIGHAUS-24NOV30-B67.5,KXHIGHAUS-24NOV30,67-69F,67.0,67.0,69.0,between,between,0.01,0,66.02,no,0,36937,0.0,0.01
2024-11-30,KXHIGHAUS-24NOV30-T68,KXHIGHAUS-24NOV30,Above 68F,68.0,68.0,,above,greater,0.01,0,66.02,no,0,11205,0.0,0.01
2024-12-01,KXHIGHAUS-24DEC01-B64.5,KXHIGHAUS-24DEC01,64-66F,64.0,64.0,66.0,between,between,0.01,0,71.06,no,0,626,0.0,0.01
2024-12-01,KXHIGHAUS-24DEC01-T64,KXHIGHAUS-24DEC01,Below 64F,64.0,,64.0,below,less,0.01,0,71.06,no,0,680,0.0,0.01
2024-12-01,KXHIGHAUS-24DEC01-B66.5,KXHIGHAUS-24DEC01,66-68F,66.0,66.0,68.0,between,between,0.01,0,71.06,no,0,13515,0.0,0.01
2024-12-01,KXHIGHAUS-24DEC01-B68.5,KXHIGHAUS-24DEC01,68-70F,68.0,68.0,70.0,between,between,0.01,0,71.06,no,0,35722,0.0,0.01
2024-12-01,KXHIGHAUS-24DEC01-B70.5,KXHIGHAUS-24DEC01,70-72F,70.0,70.0,72.0,between,between,0.99,1,71.06,yes,100,53953,0.99,1.0
2024-12-01,KXHIGHAUS-24DEC01-T71,KXHIGHAUS-24DEC01,Above 71F,71.0,71.0,,above,greater,0.01,0,71.06,no,0,76126,0.0,0.01
2024-12-02,KXHIGHAUS-24DEC02-T64,KXHIGHAUS-24DEC02,Below 64F,64.0,,64.0,below,less,0.01,0,69.08,no,0,187,0.0,0.01
2024-12-02,KXHIGHAUS-24DEC02-B64.5,KXHIGHAUS-24DEC02,64-66F,64.0,64.0,66.0,between,between,0.01,0,69.08,no,0,2100,0.0,0.01
2024-12-02,KXHIGHAUS-24DEC02-B66.5,KXHIGHAUS-24DEC02,66-68F,66.0,66.0,68.0,between,between,0.01,0,69.08,no,0,20496,0.0,0.01
2024-12-02,KXHIGHAUS-24DEC02-B68.5,KXHIGHAUS-24DEC02,68-70F,68.0,68.0,70.0,between,between,0.99,1,69.08,yes,100,62568,0.99,1.0
2024-12-02,KXHIGHAUS-24DEC02-B70.5,KXHIGHAUS-24DEC02,70-72F,70.0,70.0,72.0,between,between,0.01,0,69.08,no,0,45040,0.0,0.01
2024-12-02,KXHIGHAUS-24DEC02-T71,KXHIGHAUS-24DEC02,Above 71F,71.0,71.0,,above,greater,0.01,0,69.08,no,0,20028,0.0,0.01
2024-12-03,KXHIGHAUS-24DEC03-T61,KXHIGHAUS-24DEC03,Below 61F,61.0,,61.0,below,less,0.01,0,64.94,no,0,235,0.0,0.01
2024-12-03,KXHIGHAUS-24DEC03-B61.5,KXHIGHAUS-24DEC03,61-63F,61.0,61.0,63.0,between,between,0.01,0,64.94,no,0,13616,0.0,0.01
2024-12-03,KXHIGHAUS-24DEC03-B63.5,KXHIGHAUS-24DEC03,63-65F,63.0,63.0,65.0,between,between,0.01,0,64.94,no,0,166960,0.0,0.01
2024-12-03,KXHIGHAUS-24DEC03-B65.5,KXHIGHAUS-24DEC03,65-67F,65.0,65.0,67.0,between,between,0.99,1,64.94,yes,100,95355,0.99,1.0
2024-12-03,KXHIGHAUS-24DEC03-B67.5,KXHIGHAUS-24DEC03,67-69F,67.0,67.0,69.0,between,between,0.01,0,64.94,no,0,31622,0.0,0.01
2024-12-03,KXHIGHAUS-24DEC03-T68,KXHIGHAUS-24DEC03,Above 68F,68.0,68.0,,above,greater,0.01,0,64.94,no,0,6676,0.0,0.01
2024-12-04,KXHIGHAUS-24DEC04-T60,KXHIGHAUS-24DEC04,Below 60F,60.0,,60.0,below,less,0.99,1,59.0,yes,100,82784,0.99,1.0
2024-12-04,KXHIGHAUS-24DEC04-B60.5,KXHIGHAUS-24DEC04,60-62F,60.0,60.0,62.0,between,between,0.01,0,59.0,no,0,111202,0.0,0.02
2024-12-04,KXHIGHAUS-24DEC04-B62.5,KXHIGHAUS-24DEC04,62-64F,62.0,62.0,64.0,between,between,0.01,0,59.0,no,0,30508,0.0,0.01
2024-12-04,KXHIGHAUS-24DEC04-B64.5,KXHIGHAUS-24DEC04,64-66F,64.0,64.0,66.0,between,between,0.01,0,59.0,no,0,30418,0.0,0.01
2024-12-04,KXHIGHAUS-24DEC04-B66.5,KXHIGHAUS-24DEC04,66-68F,66.0,66.0,68.0,between,between,0.01,0,59.0,no,0,22646,0.0,0.01
2024-12-04,KXHIGHAUS-24DEC04-T67,KXHIGHAUS-24DEC04,Above 67F,67.0,67.0,,above,greater,0.01,0,59.0,no,0,20723,0.0,0.01
2024-12-05,KXHIGHAUS-24DEC05-B61.5,KXHIGHAUS-24DEC05,61-63F,61.0,61.0,63.0,between,between,0.99,1,61.0,yes,100,42166,0.99,1.0
2024-12-05,KXHIGHAUS-24DEC05-T61,KXHIGHAUS-24DEC05,Below 61F,61.0,,61.0,below,less,0.01,0,61.0,no,0,91481,0.0,0.01
2024-12-05,KXHIGHAUS-24DEC05-B63.5,KXHIGHAUS-24DEC05,63-65F,63.0,63.0,65.0,between,between,0.01,0,61.0,no,0,40217,0.0,0.01
2024-12-05,KXHIGHAUS-24DEC05-B65.5,KXHIGHAUS-24DEC05,65-67F,65.0,65.0,67.0,between,between,0.01,0,61.0,no,0,9274,0.0,0.01
2024-12-05,KXHIGHAUS-24DEC05-B67.5,KXHIGHAUS-24DEC05,67-69F,67.0,67.0,69.0,between,between,0.01,0,61.0,no,0,1633,0.0,0.01
2024-12-05,KXHIGHAUS-24DEC05-T68,KXHIGHAUS-24DEC05,Above 68F,68.0,68.0,,above,greater,0.01,0,61.0,no,0,1051,0.0,0.01
2024-12-06,KXHIGHAUS-24DEC06-B49.5,KXHIGHAUS-24DEC06,49-51F,49.0,49.0,51.0,between,between,0.01,0,53.06,no,0,34975,0.0,0.01
2024-12-06,KXHIGHAUS-24DEC06-T49,KXHIGHAUS-24DEC06,Below 49F,49.0,,49.0,below,less,0.01,0,53.06,no,0,2887,0.0,0.01
2024-12-06,KXHIGHAUS-24DEC06-B51.5,KXHIGHAUS-24DEC06,51-53F,51.0,51.0,53.0,between,between,0.01,0,53.06,no,0,47272,0.0,0.01
2024-12-06,KXHIGHAUS-24DEC06-B53.5,KXHIGHAUS-24DEC06,53-55F,53.0,53.0,55.0,between,between,0.99,1,53.06,yes,100,29545,0.99,1.0
2024-12-06,KXHIGHAUS-24DEC06-B55.5,KXHIGHAUS-24DEC06,55-57F,55.0,55.0,57.0,between,between,0.01,0,53.06,no,0,53026,0.0,0.01
2024-12-06,KXHIGHAUS-24DEC06-T56,KXHIGHAUS-24DEC06,Above 56F,56.0,56.0,,above,greater,0.01,0,53.06,no,0,39516,0.0,0.01
2024-12-07,KXHIGHAUS-24DEC07-B47.5,KXHIGHAUS-24DEC07,47-49F,47.0,47.0,49.0,between,between,0.99,1,48.0,yes,100,104501,0.99,1.0
2024-12-07,KXHIGHAUS-24DEC07-T47,KXHIGHAUS-24DEC07,Below 47F,47.0,,47.0,below,less,0.01,0,48.0,no,0,7591,0.0,0.01
2024-12-07,KXHIGHAUS-24DEC07-B49.5,KXHIGHAUS-24DEC07,49-51F,49.0,49.0,51.0,between,between,0.01,0,48.0,no,0,69190,0.0,0.01
2024-12-07,KXHIGHAUS-24DEC07-B51.5,KXHIGHAUS-24DEC07,51-53F,51.0,51.0,53.0,between,between,0.01,0,48.0,no,0,80415,0.0,0.01
2024-12-07,KXHIGHAUS-24DEC07-B53.5,KXHIGHAUS-24DEC07,53-55F,53.0,53.0,55.0,between,between,0.01,0,48.0,no,0,10511,0.0,0.01
2024-12-07,KXHIGHAUS-24DEC07-T54,KXHIGHAUS-24DEC07,Above 54F,54.0,54.0,,above,greater,0.01,0,48.0,no,0,4814,0.0,0.01
2024-12-08,KXHIGHAUS-24DEC08-T61,KXHIGHAUS-24DEC08,Below 61F,61.0,,61.0,below,less,0.01,0,60.98,no,0,104170,0.0,0.01
2024-12-08,KXHIGHAUS-24DEC08-B61.5,KXHIGHAUS-24DEC08,61-63F,61.0,61.0,63.0,between,between,0.99,1,60.98,yes,100,38481,0.99,1.0
2024-12-08,KXHIGHAUS-24DEC08-B63.5,KXHIGHAUS-24DEC08,63-65F,63.0,63.0,65.0,between,between,0.01,0,60.98,no,0,26352,0.0,0.01
2024-12-08,KXHIGHAUS-24DEC08-B65.5,KXHIGHAUS-24DEC08,65-67F,65.0,65.0,67.0,between,between,0.01,0,60.98,no,0,12138,0.0,0.01
2024-12-08,KXHIGHAUS-24DEC08-B67.5,KXHIGHAUS-24DEC08,67-69F,67.0,67.0,69.0,between,between,0.01,0,60.98,no,0,4072,0.0,0.01
2024-12-08,KXHIGHAUS-24DEC08-T68,KXHIGHAUS-24DEC08,Above 68F,68.0,68.0,,above,greater,0.01,0,60.98,no,0,2803,0.0,0.01
2024-12-09,KXHIGHAUS-24DEC09-T78,KXHIGHAUS-24DEC09,Below 78F,78.0,,78.0,below,less,0.01,0,84.91999999999999,no,0,25635,0.0,0.01
2024-12-09,KXHIGHAUS-24DEC09-B78.5,KXHIGHAUS-24DEC09,78-80F,78.0,78.0,80.0,between,between,0.01,0,84.91999999999999,no,0,44393,0.0,0.01
2024-12-09,KXHIGHAUS-24DEC09-B80.5,KXHIGHAUS-24DEC09,80-82F,80.0,80.0,82.0,between,between,0.01,0,84.91999999999999,no,0,47424,0.0,0.01
2024-12-09,KXHIGHAUS-24DEC09-B82.5,KXHIGHAUS-24DEC09,82-84F,82.0,82.0,84.0,between,between,0.01,0,84.91999999999999,no,0,170479,0.0,0.01
2024-12-09,KXHIGHAUS-24DEC09-B84.5,KXHIGHAUS-24DEC09,84-86F,84.0,84.0,86.0,between,between,0.99,1,84.91999999999999,yes,100,94683,0.99,1.0
2024-12-09,KXHIGHAUS-24DEC09-T85,KXHIGHAUS-24DEC09,Above 85F,85.0,85.0,,above,greater,0.01,0,84.91999999999999,no,0,69970,0.0,0.01
2024-12-10,KXHIGHAUS-24DEC10-T56,KXHIGHAUS-24DEC10,Below 56F,56.0,,56.0,below,less,0.01,0,62.06,no,0,17256,0.0,0.01
2024-12-10,KXHIGHAUS-24DEC10-B56.5,KXHIGHAUS-24DEC10,56-58F,56.0,56.0,58.0,between,between,0.01,0,62.06,no,0,42758,0.0,0.01
2024-12-10,KXHIGHAUS-24DEC10-B58.5,KXHIGHAUS-24DEC10,58-60F,58.0,58.0,60.0,between,between,0.01,0,62.06,no,0,64764,0.0,0.01
2024-12-10,KXHIGHAUS-24DEC10-B60.5,KXHIGHAUS-24DEC10,60-62F,60.0,60.0,62.0,between,between,0.01,0,62.06,no,0,255580,0.0,0.01
2024-12-10,KXHIGHAUS-24DEC10-B62.5,KXHIGHAUS-24DEC10,62-64F,62.0,62.0,64.0,between,between,0.99,1,62.06,yes,100,130889,0.99,1.0
2024-12-10,KXHIGHAUS-24DEC10-T63,KXHIGHAUS-24DEC10,Above 63F,63.0,63.0,,above,greater,0.01,0,62.06,no,0,93827,0.0,0.01
2024-12-11,KXHIGHAUS-24DEC11-B59.5,KXHIGHAUS-24DEC11,59-61F,59.0,59.0,61.0,between,between,0.01,0,64.04,no,0,2788,0.0,0.01
2024-12-11,KXHIGHAUS-24DEC11-T59,KXHIGHAUS-24DEC11,Below 59F,59.0,,59.0,below,less,0.01,0,64.04,no,0,2113,0.0,0.01
2024-12-11,KXHIGHAUS-24DEC11-B61.5,KXHIGHAUS-24DEC11,61-63F,61.0,61.0,63.0,between,between,0.01,0,64.04,no,0,34103,0.0,0.01
2024-12-11,KXHIGHAUS-24DEC11-B63.5,KXHIGHAUS-24DEC11,63-65F,63.0,63.0,65.0,between,between,0.99,1,64.04,yes,100,56213,0.99,1.0
2024-12-11,KXHIGHAUS-24DEC11-B65.5,KXHIGHAUS-24DEC11,65-67F,65.0,65.0,67.0,between,between,0.01,0,64.04,no,0,56106,0.0,0.01
2024-12-11,KXHIGHAUS-24DEC11-T66,KXHIGHAUS-24DEC11,Above 66F,66.0,66.0,,above,greater,0.01,0,64.04,no,0,31036,0.0,0.01
2024-12-12,KXHIGHAUS-24DEC12-B62.5,KXHIGHAUS-24DEC12,62-64F,62.0,62.0,64.0,between,between,0.01,0,66.92,no,0,6280,0.0,0.01
2024-12-12,KXHIGHAUS-24DEC12-T62,KXHIGHAUS-24DEC12,Below 62F,62.0,,62.0,below,less,0.01,0,66.92,no,0,5882,0.0,0.01
2024-12-12,KXHIGHAUS-24DEC12-B64.5,KXHIGHAUS-24DEC12,64-66F,64.0,64.0,66.0,between,between,0.01,0,66.92,no,0,26474,0.0,0.01
2024-12-12,KXHIGHAUS-24DEC12-B66.5,KXHIGHAUS-24DEC12,66-68F,66.0,66.0,68.0,between,between,0.99,1,66.92,yes,100,31202,0.99,1.0
2024-12-12,KXHIGHAUS-24DEC12-B68.5,KXHIGHAUS-24DEC12,68-70F,68.0,68.0,70.0,between,between,0.01,0,66.92,no,0,29944,0.0,0.01
2024-12-12,KXHIGHAUS-24DEC12-T69,KXHIGHAUS-24DEC12,Above 69F,69.0,69.0,,above,greater,0.01,0,66.92,no,0,27047,0.0,0.01
2024-12-13,KXHIGHAUS-24DEC13-T65,KXHIGHAUS-24DEC13,Below 65F,65.0,,65.0,below,less,0.01,0,66.92,no,0,39713,0.0,0.01
2024-12-13,KXHIGHAUS-24DEC13-B65.5,KXHIGHAUS-24DEC13,65-67F,65.0,65.0,67.0,between,between,0.01,0,66.92,no,0,76427,0.0,0.01
2024-12-13,KXHIGHAUS-24DEC13-B67.5,KXHIGHAUS-24DEC13,67-69F,67.0,67.0,69.0,between,between,0.99,1,66.92,yes,100,58824,0.99,1.0
2024-12-13,KXHIGHAUS-24DEC13-B69.5,KXHIGHAUS-24DEC13,69-71F,69.0,69.0,71.0,between,between,0.01,0,66.92,no,0,14217,0.0,0.01
2024-12-13,KXHIGHAUS-24DEC13-B71.5,KXHIGHAUS-24DEC13,71-73F,71.0,71.0,73.0,between,between,0.01,0,66.92,no,0,10045,0.0,0.01
2024-12-13,KXHIGHAUS-24DEC13-T72,KXHIGHAUS-24DEC13,Above 72F,72.0,72.0,,above,greater,0.01,0,66.92,no,0,5476,0.0,0.01
2024-12-14,KXHIGHAUS-24DEC14-B72.5,KXHIGHAUS-24DEC14,72-74F,72.0,72.0,74.0,between,between,0.01,0,80.06,no,0,21281,0.0,0.01
2024-12-14,KXHIGHAUS-24DEC14-T72,KXHIGHAUS-24DEC14,Below 72F,72.0,,72.0,below,less,0.01,0,80.06,no,0,1028,0.0,0.01
2024-12-14,KXHIGHAUS-24DEC14-B74.5,KXHIGHAUS-24DEC14,74-76F,74.0,74.0,76.0,between,between,0.01,0,80.06,no,0,18147,0.0,0.01
2024-12-14,KXHIGHAUS-24DEC14-B76.5,KXHIGHAUS-24DEC14,76-78F,76.0,76.0,78.0,between,between,0.01,0,80.06,no,0,41711,0.0,0.01
2024-12-14,KXHIGHAUS-24DEC14-B78.5,KXHIGHAUS-24DEC14,78-80F,78.0,78.0,80.0,between,between,0.01,0,80.06,no,0,161283,0.0,0.01
2024-12-14,KXHIGHAUS-24DEC14-T79,KXHIGHAUS-24DEC14,Above 79F,79.0,79.0,,above,greater,0.99,1,80.06,yes,100,228121,0.99,1.0
2024-12-15,KXHIGHAUS-24DEC15-T73,KXHIGHAUS-24DEC15,Below 73F,73.0,,73.0,below,less,0.01,0,80.96,no,0,870,0.0,0.01
2024-12-15,KXHIGHAUS-24DEC15-B73.5,KXHIGHAUS-24DEC15,73-75F,73.0,73.0,75.0,between,between,0.01,0,80.96,no,0,3073,0.0,0.01
2024-12-15,KXHIGHAUS-24DEC15-B75.5,KXHIGHAUS-24DEC15,75-77F,75.0,75.0,77.0,between,between,0.01,0,80.96,no,0,11227,0.0,0.01
2024-12-15,KXHIGHAUS-24DEC15-B77.5,KXHIGHAUS-24DEC15,77-79F,77.0,77.0,79.0,between,between,0.01,0,80.96,no,0,93844,0.0,0.01
2024-12-15,KXHIGHAUS-24DEC15-B79.5,KXHIGHAUS-24DEC15,79-81F,79.0,79.0,81.0,between,between,0.01,0,80.96,no,0,37966,0.0,0.01
2024-12-15,KXHIGHAUS-24DEC15-T80,KXHIGHAUS-24DEC15,Above 80F,80.0,80.0,,above,greater,0.99,1,80.96,yes,100,55856,0.99,1.0
2024-12-16,KXHIGHAUS-24DEC16-T73,KXHIGHAUS-24DEC16,Below 73F,73.0,,73.0,below,less,0.01,0,80.96,no,0,1665,0.0,0.01
2024-12-16,KXHIGHAUS-24DEC16-B73.5,KXHIGHAUS-24DEC16,73-75F,73.0,73.0,75.0,between,between,0.01,0,80.96,no,0,636,0.0,0.01
2024-12-16,KXHIGHAUS-24DEC16-B75.5,KXHIGHAUS-24DEC16,75-77F,75.0,75.0,77.0,between,between,0.01,0,80.96,no,0,15931,0.0,0.01
2024-12-16,KXHIGHAUS-24DEC16-B77.5,KXHIGHAUS-24DEC16,77-79F,77.0,77.0,79.0,between,between,0.01,0,80.96,no,0,19433,0.0,0.01
2024-12-16,KXHIGHAUS-24DEC16-B79.5,KXHIGHAUS-24DEC16,79-81F,79.0,79.0,81.0,between,between,0.01,0,80.96,no,0,56773,0.0,0.01
2024-12-16,KXHIGHAUS-24DEC16-T80,KXHIGHAUS-24DEC16,Above 80F,80.0,80.0,,above,greater,0.99,1,80.96,yes,100,81693,0.99,1.0
2024-12-17,KXHIGHAUS-24DEC17-T74,KXHIGHAUS-24DEC17,Below 74F,74.0,,74.0,below,less,0.01,0,80.06,no,0,2243,0.0,0.01
2024-12-17,KXHIGHAUS-24DEC17-B74.5,KXHIGHAUS-24DEC17,74-76F,74.0,74.0,76.0,between,between,0.01,0,80.06,no,0,4757,0.0,0.01
2024-12-17,KXHIGHAUS-24DEC17-B76.5,KXHIGHAUS-24DEC17,76-78F,76.0,76.0,78.0,between,between,0.01,0,80.06,no,0,17287,0.0,0.01
2024-12-17,KXHIGHAUS-24DEC17-B78.5,KXHIGHAUS-24DEC17,78-80F,78.0,78.0,80.0,between,between,0.01,0,80.06,no,0,106253,0.0,0.01
2024-12-17,KXHIGHAUS-24DEC17-B80.5,KXHIGHAUS-24DEC17,80-82F,80.0,80.0,82.0,between,between,0.99,1,80.06,yes,100,51115,0.99,1.0
2024-12-17,KXHIGHAUS-24DEC17-T81,KXHIGHAUS-24DEC17,Above 81F,81.0,81.0,,above,greater,0.01,0,80.06,no,0,77366,0.0,0.01
2024-12-18,KXHIGHAUS-24DEC18-T64,KXHIGHAUS-24DEC18,Below 64F,64.0,,64.0,below,less,0.01,0,71.06,no,0,112,0.0,0.01
2024-12-18,KXHIGHAUS-24DEC18-B64.5,KXHIGHAUS-24DEC18,64-66F,64.0,64.0,66.0,between,between,0.01,0,71.06,no,0,18728,0.0,0.01
2024-12-18,KXHIGHAUS-24DEC18-B66.5,KXHIGHAUS-24DEC18,66-68F,66.0,66.0,68.0,between,between,0.01,0,71.06,no,0,17243,0.0,0.01
2024-12-18,KXHIGHAUS-24DEC18-B68.5,KXHIGHAUS-24DEC18,68-70F,68.0,68.0,70.0,between,between,0.01,0,71.06,no,0,63763,0.0,0.01
2024-12-18,KXHIGHAUS-24DEC18-B70.5,KXHIGHAUS-24DEC18,70-72F,70.0,70.0,72.0,between,between,0.99,1,71.06,yes,100,66908,0.99,1.0
2024-12-18,KXHIGHAUS-24DEC18-T71,KXHIGHAUS-24DEC18,Above 71F,71.0,71.0,,above,greater,0.01,0,71.06,no,0,66030,0.0,0.01
2024-12-19,KXHIGHAUS-24DEC19-B62.5,KXHIGHAUS-24DEC19,62-64F,62.0,62.0,64.0,between,between,0.01,0,69.08,no,0,3549,0.0,0.01
2024-12-19,KXHIGHAUS-24DEC19-T62,KXHIGHAUS-24DEC19,Below 62F,62.0,,62.0,below,less,0.01,0,69.08,no,0,187,0.0,0.01
2024-12-19,KXHIGHAUS-24DEC19-B64.5,KXHIGHAUS-24DEC19,64-66F,64.0,64.0,66.0,between,between,0.01,0,69.08,no,0,18040,0.0,0.01
2024-12-19,KXHIGHAUS-24DEC19-B66.5,KXHIGHAUS-24DEC19,66-68F,66.0,66.0,68.0,between,between,0.01,0,69.08,no,0,23014,0.0,0.01
2024-12-19,KXHIGHAUS-24DEC19-B68.5,KXHIGHAUS-24DEC19,68-70F,68.0,68.0,70.0,between,between,0.99,1,69.08,yes,100,42837,0.99,1.0
2024-12-19,KXHIGHAUS-24DEC19-T69,KXHIGHAUS-24DEC19,Above 69F,69.0,69.0,,above,greater,0.01,0,69.08,no,0,53201,0.0,0.01
2024-12-20,KXHIGHAUS-24DEC20-T62,KXHIGHAUS-24DEC20,Below 62F,62.0,,62.0,below,less,0.01,0,68.0,no,0,2883,0.0,0.01
2024-12-20,KXHIGHAUS-24DEC20-B62.5,KXHIGHAUS-24DEC20,62-64F,62.0,62.0,64.0,between,between,0.01,0,68.0,no,0,290,0.0,0.01
2024-12-20,KXHIGHAUS-24DEC20-B64.5,KXHIGHAUS-24DEC20,64-66F,64.0,64.0,66.0,between,between,0.01,0,68.0,no,0,23415,0.0,0.01
2024-12-20,KXHIGHAUS-24DEC20-B66.5,KXHIGHAUS-24DEC20,66-68F,66.0,66.0,68.0,between,between,0.01,0,68.0,no,0,56531,0.0,0.01
2024-12-20,KXHIGHAUS-24DEC20-B68.5,KXHIGHAUS-24DEC20,68-70F,68.0,68.0,70.0,between,between,0.99,1,68.0,yes,100,30656,0.99,1.0
2024-12-20,KXHIGHAUS-24DEC20-T69,KXHIGHAUS-24DEC20,Above 69F,69.0,69.0,,above,greater,0.01,0,68.0,no,0,49410,0.0,0.01
2024-12-21,KXHIGHAUS-24DEC21-T59,KXHIGHAUS-24DEC21,Below 59F,59.0,,59.0,below,less,0.01,0,62.96,no,0,2389,0.0,0.01
2024-12-21,KXHIGHAUS-24DEC21-B59.5,KXHIGHAUS-24DEC21,59-61F,59.0,59.0,61.0,between,between,0.01,0,62.96,no,0,8291,0.0,0.01
2024-12-21,KXHIGHAUS-24DEC21-B61.5,KXHIGHAUS-24DEC21,61-63F,61.0,61.0,63.0,between,between,0.01,0,62.96,no,0,16561,0.0,0.01
2024-12-21,KXHIGHAUS-24DEC21-B63.5,KXHIGHAUS-24DEC21,63-65F,63.0,63.0,65.0,between,between,0.99,1,62.96,yes,100,28010,0.99,1.0
2024-12-21,KXHIGHAUS-24DEC21-B65.5,KXHIGHAUS-24DEC21,65-67F,65.0,65.0,67.0,between,between,0.01,0,62.96,no,0,31658,0.0,0.01
2024-12-21,KXHIGHAUS-24DEC21-T66,KXHIGHAUS-24DEC21,Above 66F,66.0,66.0,,above,greater,0.01,0,62.96,no,0,14525,0.0,0.01
2024-12-22,KXHIGHAUS-24DEC22-T62,KXHIGHAUS-24DEC22,Below 62F,62.0,,62.0,below,less,0.01,0,71.06,no,0,11,0.0,0.01
2024-12-22,KXHIGHAUS-24DEC22-B62.5,KXHIGHAUS-24DEC22,62-64F,62.0,62.0,64.0,between,between,0.01,0,71.06,no,0,476,0.0,0.01
2024-12-22,KXHIGHAUS-24DEC22-B64.5,KXHIGHAUS-24DEC22,64-66F,64.0,64.0,66.0,between,between,0.01,0,71.06,no,0,19275,0.0,0.01
2024-12-22,KXHIGHAUS-24DEC22-B66.5,KXHIGHAUS-24DEC22,66-68F,66.0,66.0,68.0,between,between,0.01,0,71.06,no,0,17248,0.0,0.01
2024-12-22,KXHIGHAUS-24DEC22-B68.5,KXHIGHAUS-24DEC22,68-70F,68.0,68.0,70.0,between,between,0.01,0,71.06,no,0,12450,0.0,0.01
2024-12-22,KXHIGHAUS-24DEC22-T69,KXHIGHAUS-24DEC22,Above 69F,69.0,69.0,,above,greater,0.99,1,71.06,yes,100,17165,0.99,1.0
2024-12-23,KXHIGHAUS-24DEC23-T71,KXHIGHAUS-24DEC23,Below 71F,71.0,,71.0,below,less,0.0,0,78.08,no,0,0,0.0,0.01
2024-12-23,KXHIGHAUS-24DEC23-B71.5,KXHIGHAUS-24DEC23,71-73F,71.0,71.0,73.0,between,between,0.01,0,78.08,no,0,3363,0.0,0.01
2024-12-23,KXHIGHAUS-24DEC23-B73.5,KXHIGHAUS-24DEC23,73-75F,73.0,73.0,75.0,between,between,0.01,0,78.08,no,0,22681,0.0,0.01
2024-12-23,KXHIGHAUS-24DEC23-B75.5,KXHIGHAUS-24DEC23,75-77F,75.0,75.0,77.0,between,between,0.01,0,78.08,no,0,50350,0.0,0.01
2024-12-23,KXHIGHAUS-24DEC23-B77.5,KXHIGHAUS-24DEC23,77-79F,77.0,77.0,79.0,between,between,0.99,1,78.08,yes,100,28598,0.99,1.0
2024-12-23,KXHIGHAUS-24DEC23-T78,KXHIGHAUS-24DEC23,Above 78F,78.0,78.0,,above,greater,0.01,0,78.08,no,0,33889,0.0,0.01
2024-12-24,KXHIGHAUS-24DEC24-B73.5,KXHIGHAUS-24DEC24,73-75F,73.0,73.0,75.0,between,between,0.01,0,78.08,no,0,12101,0.0,0.01
2024-12-24,KXHIGHAUS-24DEC24-T73,KXHIGHAUS-24DEC24,Below 73F,73.0,,73.0,below,less,0.03,0,78.08,no,0,8828,0.0,0.01
2024-12-24,KXHIGHAUS-24DEC24-B75.5,KXHIGHAUS-24DEC24,75-77F,75.0,75.0,77.0,between,between,0.01,0,78.08,no,0,17485,0.0,0.01
2024-12-24,KXHIGHAUS-24DEC24-B77.5,KXHIGHAUS-24DEC24,77-79F,77.0,77.0,79.0,between,between,0.99,1,78.08,yes,100,16336,0.99,1.0
2024-12-24,KXHIGHAUS-24DEC24-B79.5,KXHIGHAUS-24DEC24,79-81F,79.0,79.0,81.0,between,between,0.01,0,78.08,no,0,20407,0.0,0.01
2024-12-24,KXHIGHAUS-24DEC24-T80,KXHIGHAUS-24DEC24,Above 80F,80.0,80.0,,above,greater,0.01,0,78.08,no,0,12686,0.0,0.01
2024-12-25,KXHIGHAUS-24DEC25-B64.5,KXHIGHAUS-24DEC25,64-66F,64.0,64.0,66.0,between,between,0.01,0,60.98,no,0,23566,0.0,0.01
2024-12-25,KXHIGHAUS-24DEC25-T64,KXHIGHAUS-24DEC25,Below 64F,64.0,,64.0,below,less,0.99,1,60.98,yes,100,25590,0.99,1.0
2024-12-25,KXHIGHAUS-24DEC25-B66.5,KXHIGHAUS-24DEC25,66-68F,66.0,66.0,68.0,between,between,0.01,0,60.98,no,0,13701,0.0,0.01
2024-12-25,KXHIGHAUS-24DEC25-B68.5,KXHIGHAUS-24DEC25,68-70F,68.0,68.0,70.0,between,between,0.01,0,60.98,no,0,8162,0.0,0.01
2024-12-25,KXHIGHAUS-24DEC25-B70.5,KXHIGHAUS-24DEC25,70-72F,70.0,70.0,72.0,between,between,0.01,0,60.98,no,0,7811,0.0,0.01
2024-12-25,KXHIGHAUS-24DEC25-T71,KXHIGHAUS-24DEC25,Above 71F,71.0,71.0,,above,greater,0.01,0,60.98,no,0,2790,0.0,0.01
2024-12-26,KXHIGHAUS-24DEC26-T71,KXHIGHAUS-24DEC26,Below 71F,71.0,,71.0,below,less,0.01,0,78.98,no,0,20759,0.0,0.01
2024-12-26,KXHIGHAUS-24DEC26-B71.5,KXHIGHAUS-24DEC26,71-73F,71.0,71.0,73.0,between,between,0.01,0,78.98,no,0,13314,0.0,0.01
2024-12-26,KXHIGHAUS-24DEC26-B73.5,KXHIGHAUS-24DEC26,73-75F,73.0,73.0,75.0,between,between,0.01,0,78.98,no,0,15375,0.0,0.01
2024-12-26,KXHIGHAUS-24DEC26-B75.5,KXHIGHAUS-24DEC26,75-77F,75.0,75.0,77.0,between,between,0.01,0,78.98,no,0,39883,0.0,0.01
2024-12-26,KXHIGHAUS-24DEC26-B77.5,KXHIGHAUS-24DEC26,77-79F,77.0,77.0,79.0,between,between,0.01,0,78.98,no,0,48349,0.0,0.01
2024-12-26,KXHIGHAUS-24DEC26-T78,KXHIGHAUS-24DEC26,Above 78F,78.0,78.0,,above,greater,0.99,1,78.98,yes,100,58132,0.99,1.0
2024-12-27,KXHIGHAUS-24DEC27-T73,KXHIGHAUS-24DEC27,Below 73F,73.0,,73.0,below,less,0.01,0,82.04,no,0,1966,0.0,0.01
2024-12-27,KXHIGHAUS-24DEC27-B73.5,KXHIGHAUS-24DEC27,73-75F,73.0,73.0,75.0,between,between,0.01,0,82.04,no,0,5294,0.0,0.01
2024-12-27,KXHIGHAUS-24DEC27-B75.5,KXHIGHAUS-24DEC27,75-77F,75.0,75.0,77.0,between,between,0.01,0,82.04,no,0,8009,0.0,0.01
2024-12-27,KXHIGHAUS-24DEC27-B77.5,KXHIGHAUS-24DEC27,77-79F,77.0,77.0,79.0,between,between,0.01,0,82.04,no,0,13768,0.0,0.01
2024-12-27,KXHIGHAUS-24DEC27-B79.5,KXHIGHAUS-24DEC27,79-81F,79.0,79.0,81.0,between,between,0.01,0,82.04,no,0,23620,0.0,0.01
2024-12-27,KXHIGHAUS-24DEC27-T80,KXHIGHAUS-24DEC27,Above 80F,80.0,80.0,,above,greater,0.99,1,82.04,yes,100,30982,0.99,1.0
2024-12-28,KXHIGHAUS-24DEC28-B76.5,KXHIGHAUS-24DEC28,76-78F,76.0,76.0,78.0,between,between,0.01,0,82.94,no,0,13889,0.0,0.01
2024-12-28,KXHIGHAUS-24DEC28-T76,KXHIGHAUS-24DEC28,Below 76F,76.0,,76.0,below,less,0.01,0,82.94,no,0,8422,0.0,0.01
2024-12-28,KXHIGHAUS-24DEC28-B78.5,KXHIGHAUS-24DEC28,78-80F,78.0,78.0,80.0,between,between,0.01,0,82.94,no,0,27466,0.0,0.01
2024-12-28,KXHIGHAUS-24DEC28-B80.5,KXHIGHAUS-24DEC28,80-82F,80.0,80.0,82.0,between,between,0.01,0,82.94,no,0,19169,0.0,0.01
2024-12-28,KXHIGHAUS-24DEC28-B82.5,KXHIGHAUS-24DEC28,82-84F,82.0,82.0,84.0,between,between,0.99,1,82.94,yes,100,31542,0.99,1.0
2024-12-28,KXHIGHAUS-24DEC28-T83,KXHIGHAUS-24DEC28,Above 83F,83.0,83.0,,above,greater,0.01,0,82.94,no,0,61014,0.0,0.01
2024-12-29,KXHIGHAUS-24DEC29-T70,KXHIGHAUS-24DEC29,Below 70F,70.0,,70.0,below,less,0.01,0,77.0,no,0,1701,0.0,0.01
2024-12-29,KXHIGHAUS-24DEC29-B70.5,KXHIGHAUS-24DEC29,70-72F,70.0,70.0,72.0,between,between,0.01,0,77.0,no,0,816,0.0,0.01
2024-12-29,KXHIGHAUS-24DEC29-B72.5,KXHIGHAUS-24DEC29,72-74F,72.0,72.0,74.0,between,between,0.01,0,77.0,no,0,5076,0.0,0.01
2024-12-29,KXHIGHAUS-24DEC29-B74.5,KXHIGHAUS-24DEC29,74-76F,74.0,74.0,76.0,between,between,0.01,0,77.0,no,0,30238,0.0,0.01
2024-12-29,KXHIGHAUS-24DEC29-B76.5,KXHIGHAUS-24DEC29,76-78F,76.0,76.0,78.0,between,between,0.99,1,77.0,yes,100,31375,0.99,1.0
2024-12-29,KXHIGHAUS-24DEC29-T77,KXHIGHAUS-24DEC29,Above 77F,77.0,77.0,,above,greater,0.01,0,77.0,no,0,56924,0.0,0.01
2024-12-30,KXHIGHAUS-24DEC30-B77.5,KXHIGHAUS-24DEC30,77-79F,77.0,77.0,79.0,between,between,0.05,0,86.0,no,0,1160,0.0,0.01
2024-12-30,KXHIGHAUS-24DEC30-T77,KXHIGHAUS-24DEC30,Below 77F,77.0,,77.0,below,less,0.01,0,86.0,no,0,1616,0.0,0.01
2024-12-30,KXHIGHAUS-24DEC30-B79.5,KXHIGHAUS-24DEC30,79-81F,79.0,79.0,81.0,between,between,0.05,0,86.0,no,0,1492,0.0,0.01
2024-12-30,KXHIGHAUS-24DEC30-B81.5,KXHIGHAUS-24DEC30,81-83F,81.0,81.0,83.0,between,between,0.01,0,86.0,no,0,9312,0.0,0.01
2024-12-30,KXHIGHAUS-24DEC30-B83.5,KXHIGHAUS-24DEC30,83-85F,83.0,83.0,85.0,between,between,0.01,0,86.0,no,0,20427,0.0,0.01
2024-12-30,KXHIGHAUS-24DEC30-T84,KXHIGHAUS-24DEC30,Above 84F,84.0,84.0,,above,greater,0.99,1,86.0,yes,100,70725,0.99,1.0
2024-12-31,KXHIGHAUS-24DEC31-B62.5,KXHIGHAUS-24DEC31,62-64F,62.0,62.0,64.0,between,between,0.09,0,69.08,no,0,82,0.0,0.01
2024-12-31,KXHIGHAUS-24DEC31-T62,KXHIGHAUS-24DEC31,Below 62F,62.0,,62.0,below,less,0.01,0,69.08,no,0,50,0.0,0.01
2024-12-31,KXHIGHAUS-24DEC31-B64.5,KXHIGHAUS-24DEC31,64-66F,64.0,64.0,66.0,between,between,0.01,0,69.08,no,0,18024,0.0,0.01
2024-12-31,KXHIGHAUS-24DEC31-B66.5,KXHIGHAUS-24DEC31,66-68F,66.0,66.0,68.0,between,between,0.01,0,69.08,no,0,32142,0.0,0.01
2024-12-31,KXHIGHAUS-24DEC31-B68.5,KXHIGHAUS-24DEC31,68-70F,68.0,68.0,70.0,between,between,0.99,1,69.08,yes,100,37046,0.99,1.0
2024-12-31,KXHIGHAUS-24DEC31-T69,KXHIGHAUS-24DEC31,Above 69F,69.0,69.0,,above,greater,0.01,0,69.08,no,0,85003,0.0,0.01
2025-01-01,KXHIGHAUS-25JAN01-T57,KXHIGHAUS-25JAN01,Below 57F,57.0,,57.0,below,less,0.01,0,60.0,no,0,350,0.0,0.01
2025-01-01,KXHIGHAUS-25JAN01-B57.5,KXHIGHAUS-25JAN01,57-59F,57.0,57.0,59.0,between,between,0.01,0,60.0,no,0,10152,0.0,0.01
2025-01-01,KXHIGHAUS-25JAN01-B59.5,KXHIGHAUS-25JAN01,59-61F,59.0,59.0,61.0,between,between,0.99,1,60.0,yes,100,44787,0.99,1.0
2025-01-01,KXHIGHAUS-25JAN01-B61.5,KXHIGHAUS-25JAN01,61-63F,61.0,61.0,63.0,between,between,0.01,0,60.0,no,0,49713,0.0,0.01
2025-01-01,KXHIGHAUS-25JAN01-B63.5,KXHIGHAUS-25JAN01,63-65F,63.0,63.0,65.0,between,between,0.01,0,60.0,no,0,16806,0.0,0.01
2025-01-01,KXHIGHAUS-25JAN01-T64,KXHIGHAUS-25JAN01,Above 64F,64.0,64.0,,above,greater,0.01,0,60.0,no,0,6654,0.0,0.01
2025-01-02,KXHIGHAUS-25JAN02-B62.5,KXHIGHAUS-25JAN02,62-64F,62.0,62.0,64.0,between,between,0.99,1,63.0,yes,100,46509,0.99,1.0
2025-01-02,KXHIGHAUS-25JAN02-T62,KXHIGHAUS-25JAN02,Below 62F,62.0,,62.0,below,less,0.01,0,63.0,no,0,12612,0.0,0.01
2025-01-02,KXHIGHAUS-25JAN02-B64.5,KXHIGHAUS-25JAN02,64-66F,64.0,64.0,66.0,between,between,0.01,0,63.0,no,0,27262,0.0,0.01
2025-01-02,KXHIGHAUS-25JAN02-B66.5,KXHIGHAUS-25JAN02,66-68F,66.0,66.0,68.0,between,between,0.01,0,63.0,no,0,13605,0.0,0.01
2025-01-02,KXHIGHAUS-25JAN02-B68.5,KXHIGHAUS-25JAN02,68-70F,68.0,68.0,70.0,between,between,0.01,0,63.0,no,0,11693,0.0,0.01
2025-01-02,KXHIGHAUS-25JAN02-T69,KXHIGHAUS-25JAN02,Above 69F,69.0,69.0,,above,greater,0.01,0,63.0,no,0,3329,0.0,0.01
2025-01-03,KXHIGHAUS-25JAN03-B64.5,KXHIGHAUS-25JAN03,64-66F,64.0,64.0,66.0,between,between,0.01,0,68.0,no,0,39118,0.0,0.01
2025-01-03,KXHIGHAUS-25JAN03-T64,KXHIGHAUS-25JAN03,Below 64F,64.0,,64.0,below,less,0.01,0,68.0,no,0,20268,0.0,0.01
2025-01-03,KXHIGHAUS-25JAN03-B66.5,KXHIGHAUS-25JAN03,66-68F,66.0,66.0,68.0,between,between,0.01,0,68.0,no,0,23104,0.0,0.01
2025-01-03,KXHIGHAUS-25JAN03-B68.5,KXHIGHAUS-25JAN03,68-70F,68.0,68.0,70.0,between,between,0.99,1,68.0,yes,100,30636,0.99,1.0
2025-01-03,KXHIGHAUS-25JAN03-B70.5,KXHIGHAUS-25JAN03,70-72F,70.0,70.0,72.0,between,between,0.01,0,68.0,no,0,23681,0.0,0.01
2025-01-03,KXHIGHAUS-25JAN03-T71,KXHIGHAUS-25JAN03,Above 71F,71.0,71.0,,above,greater,0.01,0,68.0,no,0,7915,0.0,0.01
2025-01-04,KXHIGHAUS-25JAN04-B71.5,KXHIGHAUS-25JAN04,71-73F,71.0,71.0,73.0,between,between,0.01,0,73.0,no,0,32817,0.0,0.01
2025-01-04,KXHIGHAUS-25JAN04-T71,KXHIGHAUS-25JAN04,Below 71F,71.0,,71.0,below,less,0.01,0,73.0,no,0,56705,0.0,0.01
2025-01-04,KXHIGHAUS-25JAN04-B73.5,KXHIGHAUS-25JAN04,73-75F,73.0,73.0,75.0,between,between,0.99,1,73.0,yes,100,49241,0.99,1.0
2025-01-04,KXHIGHAUS-25JAN04-B75.5,KXHIGHAUS-25JAN04,75-77F,75.0,75.0,77.0,between,between,0.01,0,73.0,no,0,35600,0.0,0.01
2025-01-04,KXHIGHAUS-25JAN04-B77.5,KXHIGHAUS-25JAN04,77-79F,77.0,77.0,79.0,between,between,0.01,0,73.0,no,0,11012,0.0,0.01
2025-01-04,KXHIGHAUS-25JAN04-T78,KXHIGHAUS-25JAN04,Above 78F,78.0,78.0,,above,greater,0.01,0,73.0,no,0,2962,0.0,0.01
2025-01-05,KXHIGHAUS-25JAN05-T68,KXHIGHAUS-25JAN05,Below 68F,68.0,,68.0,below,less,0.01,0,77.0,no,0,15316,0.0,0.01
2025-01-05,KXHIGHAUS-25JAN05-B68.5,KXHIGHAUS-25JAN05,68-70F,68.0,68.0,70.0,between,between,0.01,0,77.0,no,0,25450,0.0,0.01
2025-01-05,KXHIGHAUS-25JAN05-B70.5,KXHIGHAUS-25JAN05,70-72F,70.0,70.0,72.0,between,between,0.01,0,77.0,no,0,15389,0.0,0.01
2025-01-05,KXHIGHAUS-25JAN05-B72.5,KXHIGHAUS-25JAN05,72-74F,72.0,72.0,74.0,between,between,0.01,0,77.0,no,0,20495,0.0,0.01
2025-01-05,KXHIGHAUS-25JAN05-B74.5,KXHIGHAUS-25JAN05,74-76F,74.0,74.0,76.0,between,between,0.01,0,77.0,no,0,21597,0.0,0.01
2025-01-05,KXHIGHAUS-25JAN05-T75,KXHIGHAUS-25JAN05,Above 75F,75.0,75.0,,above,greater,0.99,1,77.0,yes,100,64117,0.99,1.0
2025-01-06,KXHIGHAUS-25JAN06-T44,KXHIGHAUS-25JAN06,Below 44F,44.0,,44.0,below,less,0.01,0,47.0,no,0,2906,0.0,0.01
2025-01-06,KXHIGHAUS-25JAN06-B44.5,KXHIGHAUS-25JAN06,44-46F,44.0,44.0,46.0,between,between,0.01,0,47.0,no,0,16949,0.0,0.01
2025-01-06,KXHIGHAUS-25JAN06-B46.5,KXHIGHAUS-25JAN06,46-48F,46.0,46.0,48.0,between,between,0.99,1,47.0,yes,100,20819,0.99,1.0
2025-01-06,KXHIGHAUS-25JAN06-B48.5,KXHIGHAUS-25JAN06,48-50F,48.0,48.0,50.0,between,between,0.01,0,47.0,no,0,9830,0.0,0.01
2025-01-06,KXHIGHAUS-25JAN06-B50.5,KXHIGHAUS-25JAN06,50-52F,50.0,50.0,52.0,between,between,0.01,0,47.0,no,0,7620,0.0,0.01
2025-01-06,KXHIGHAUS-25JAN06-T51,KXHIGHAUS-25JAN06,Above 51F,51.0,51.0,,above,greater,0.01,0,47.0,no,0,4413,0.0,0.01
2025-01-07,KXHIGHAUS-25JAN07-T44,KXHIGHAUS-25JAN07,Below 44F,44.0,,44.0,below,less,0.01,0,48.0,no,0,5167,0.0,0.01
2025-01-07,KXHIGHAUS-25JAN07-B44.5,KXHIGHAUS-25JAN07,44-46F,44.0,44.0,46.0,between,between,0.01,0,48.0,no,0,16217,0.0,0.01
2025-01-07,KXHIGHAUS-25JAN07-B46.5,KXHIGHAUS-25JAN07,46-48F,46.0,46.0,48.0,between,between,0.01,0,48.0,no,0,37313,0.0,0.01
2025-01-07,KXHIGHAUS-25JAN07-B48.5,KXHIGHAUS-25JAN07,48-50F,48.0,48.0,50.0,between,between,0.99,1,48.0,yes,100,22549,0.99,1.0
2025-01-07,KXHIGHAUS-25JAN07-B50.5,KXHIGHAUS-25JAN07,50-52F,50.0,50.0,52.0,between,between,0.01,0,48.0,no,0,18642,0.0,0.01
2025-01-07,KXHIGHAUS-25JAN07-T51,KXHIGHAUS-25JAN07,Above 51F,51.0,51.0,,above,greater,0.01,0,48.0,no,0,5037,0.0,0.01
2025-01-08,KXHIGHAUS-25JAN08-B37.5,KXHIGHAUS-25JAN08,37-39F,37.0,37.0,39.0,between,between,0.01,0,42.0,no,0,4305,0.0,0.01
2025-01-08,KXHIGHAUS-25JAN08-T37,KXHIGHAUS-25JAN08,Below 37F,37.0,,37.0,below,less,0.01,0,42.0,no,0,60,0.0,0.01
2025-01-08,KXHIGHAUS-25JAN08-B39.5,KXHIGHAUS-25JAN08,39-41F,39.0,39.0,41.0,between,between,0.01,0,42.0,no,0,32054,0.0,0.01
2025-01-08,KXHIGHAUS-25JAN08-B41.5,KXHIGHAUS-25JAN08,41-43F,41.0,41.0,43.0,between,between,0.99,1,42.0,yes,100,69492,0.99,1.0
2025-01-08,KXHIGHAUS-25JAN08-B43.5,KXHIGHAUS-25JAN08,43-45F,43.0,43.0,45.0,between,between,0.01,0,42.0,no,0,30754,0.0,0.01
2025-01-08,KXHIGHAUS-25JAN08-T44,KXHIGHAUS-25JAN08,Above 44F,44.0,44.0,,above,greater,0.01,0,42.0,no,0,41759,0.0,0.01
2025-01-09,KXHIGHAUS-25JAN09-T36,KXHIGHAUS-25JAN09,Below 36F,36.0,,36.0,below,less,0.0,0,41.0,no,0,0,0.0,0.01
2025-01-09,KXHIGHAUS-25JAN09-B36.5,KXHIGHAUS-25JAN09,36-38F,36.0,36.0,38.0,between,between,0.01,0,41.0,no,0,7217,0.0,0.01
2025-01-09,KXHIGHAUS-25JAN09-B38.5,KXHIGHAUS-25JAN09,38-40F,38.0,38.0,40.0,between,between,0.01,0,41.0,no,0,17073,0.0,0.01
2025-01-09,KXHIGHAUS-25JAN09-B40.5,KXHIGHAUS-25JAN09,40-42F,40.0,40.0,42.0,between,between,0.99,1,41.0,yes,100,27043,0.99,1.0
2025-01-09,KXHIGHAUS-25JAN09-B42.5,KXHIGHAUS-25JAN09,42-44F,42.0,42.0,44.0,between,between,0.01,0,41.0,no,0,9310,0.0,0.01
2025-01-09,KXHIGHAUS-25JAN09-T43,KXHIGHAUS-25JAN09,Above 43F,43.0,43.0,,above,greater,0.01,0,41.0,no,0,5900,0.0,0.01
2025-01-10,KXHIGHAUS-25JAN10-B40.5,KXHIGHAUS-25JAN10,40-42F,40.0,40.0,42.0,between,between,0.01,0,45.0,no,0,4771,0.0,0.01
2025-01-10,KXHIGHAUS-25JAN10-T40,KXHIGHAUS-25JAN10,Below 40F,40.0,,40.0,below,less,0.05,0,45.0,no,0,6,0.0,0.01
2025-01-10,KXHIGHAUS-25JAN10-B42.5,KXHIGHAUS-25JAN10,42-44F,42.0,42.0,44.0,between,between,0.01,0,45.0,no,0,39952,0.0,0.01
2025-01-10,KXHIGHAUS-25JAN10-B44.5,KXHIGHAUS-25JAN10,44-46F,44.0,44.0,46.0,between,between,0.99,1,45.0,yes,100,33955,0.99,1.0
2025-01-10,KXHIGHAUS-25JAN10-B46.5,KXHIGHAUS-25JAN10,46-48F,46.0,46.0,48.0,between,between,0.01,0,45.0,no,0,17137,0.0,0.01
2025-01-10,KXHIGHAUS-25JAN10-T47,KXHIGHAUS-25JAN10,Above 47F,47.0,47.0,,above,greater,0.01,0,45.0,no,0,2318,0.0,0.01
2025-01-11,KXHIGHAUS-25JAN11-B51.5,KXHIGHAUS-25JAN11,51-53F,51.0,51.0,53.0,between,between,0.01,0,59.0,no,0,187,0.0,0.01
2025-01-11,KXHIGHAUS-25JAN11-T51,KXHIGHAUS-25JAN11,Below 51F,51.0,,51.0,below,less,0.01,0,59.0,no,0,210,0.0,0.01
2025-01-11,KXHIGHAUS-25JAN11-B53.5,KXHIGHAUS-25JAN11,53-55F,53.0,53.0,55.0,between,between,0.01,0,59.0,no,0,3754,0.0,0.01
2025-01-11,KXHIGHAUS-25JAN11-B55.5,KXHIGHAUS-25JAN11,55-57F,55.0,55.0,57.0,between,between,0.01,0,59.0,no,0,23378,0.0,0.01
2025-01-11,KXHIGHAUS-25JAN11-B57.5,KXHIGHAUS-25JAN11,57-59F,57.0,57.0,59.0,between,between,0.01,0,59.0,no,0,21642,0.0,0.01
2025-01-11,KXHIGHAUS-25JAN11-T58,KXHIGHAUS-25JAN11,Above 58F,58.0,58.0,,above,greater,0.99,1,59.0,yes,100,37190,0.99,1.0
2025-01-12,KXHIGHAUS-25JAN12-B55.5,KXHIGHAUS-25JAN12,55-57F,55.0,55.0,57.0,between,between,0.01,0,64.0,no,0,3,0.0,0.01
2025-01-12,KXHIGHAUS-25JAN12-T55,KXHIGHAUS-25JAN12,Below 55F,55.0,,55.0,below,less,0.05,0,64.0,no,0,22,0.0,0.01
2025-01-12,KXHIGHAUS-25JAN12-B57.5,KXHIGHAUS-25JAN12,57-59F,57.0,57.0,59.0,between,between,0.01,0,64.0,no,0,475,0.0,0.01
2025-01-12,KXHIGHAUS-25JAN12-B59.5,KXHIGHAUS-25JAN12,59-61F,59.0,59.0,61.0,between,between,0.01,0,64.0,no,0,12361,0.0,0.01
2025-01-12,KXHIGHAUS-25JAN12-B61.5,KXHIGHAUS-25JAN12,61-63F,61.0,61.0,63.0,between,between,0.01,0,64.0,no,0,13416,0.0,0.01
2025-01-12,KXHIGHAUS-25JAN12-T62,KXHIGHAUS-25JAN12,Above 62F,62.0,62.0,,above,greater,0.99,1,64.0,yes,100,29938,0.99,1.0
2025-01-13,KXHIGHAUS-25JAN13-B50.5,KXHIGHAUS-25JAN13,50-52F,50.0,50.0,52.0,between,between,0.01,0,58.0,no,0,275,0.0,0.01
2025-01-13,KXHIGHAUS-25JAN13-T50,KXHIGHAUS-25JAN13,Below 50F,50.0,,50.0,below,less,0.01,0,58.0,no,0,250,0.0,0.01
2025-01-13,KXHIGHAUS-25JAN13-B52.5,KXHIGHAUS-25JAN13,52-54F,52.0,52.0,54.0,between,between,0.01,0,58.0,no,0,3851,0.0,0.01
2025-01-13,KXHIGHAUS-25JAN13-B54.5,KXHIGHAUS-25JAN13,54-56F,54.0,54.0,56.0,between,between,0.01,0,58.0,no,0,21787,0.0,0.01
2025-01-13,KXHIGHAUS-25JAN13-B56.5,KXHIGHAUS-25JAN13,56-58F,56.0,56.0,58.0,between,between,0.01,0,58.0,no,0,24842,0.0,0.01
2025-01-13,KXHIGHAUS-25JAN13-T57,KXHIGHAUS-25JAN13,Above 57F,57.0,57.0,,above,greater,0.99,1,58.0,yes,100,36804,0.99,1.0
2025-01-14,KXHIGHAUS-25JAN14-B53.5,KXHIGHAUS-25JAN14,53-55F,53.0,53.0,55.0,between,between,0.01,0,55.0,no,0,29392,0.0,0.01
2025-01-14,KXHIGHAUS-25JAN14-T53,KXHIGHAUS-25JAN14,Below 53F,53.0,,53.0,below,less,0.01,0,55.0,no,0,20407,0.0,0.01
2025-01-14,KXHIGHAUS-25JAN14-B55.5,KXHIGHAUS-25JAN14,55-57F,55.0,55.0,57.0,between,between,0.99,1,55.0,yes,100,20883,0.99,1.0
2025-01-14,KXHIGHAUS-25JAN14-B57.5,KXHIGHAUS-25JAN14,57-59F,57.0,57.0,59.0,between,between,0.06,0,55.0,no,0,27934,0.0,0.05
2025-01-14,KXHIGHAUS-25JAN14-B59.5,KXHIGHAUS-25JAN14,59-61F,59.0,59.0,61.0,between,between,0.01,0,55.0,no,0,15600,0.0,0.01
2025-01-14,KXHIGHAUS-25JAN14-T60,KXHIGHAUS-25JAN14,Above 60F,60.0,60.0,,above,greater,0.2,0,55.0,no,0,14687,0.0,0.01
2025-01-15,KXHIGHAUS-25JAN15-B51.5,KXHIGHAUS-25JAN15,51-53F,51.0,51.0,53.0,between,between,0.01,0,63.0,no,0,653,0.0,0.01
2025-01-15,KXHIGHAUS-25JAN15-T51,KXHIGHAUS-25JAN15,Below 51F,51.0,,51.0,below,less,0.01,0,63.0,no,0,30,0.0,0.01
2025-01-15,KXHIGHAUS-25JAN15-B53.5,KXHIGHAUS-25JAN15,53-55F,53.0,53.0,55.0,between,between,0.02,0,63.0,no,0,3094,0.0,0.01
2025-01-15,KXHIGHAUS-25JAN15-B55.5,KXHIGHAUS-25JAN15,55-57F,55.0,55.0,57.0,between,between,0.01,0,63.0,no,0,11403,0.0,0.01
2025-01-15,KXHIGHAUS-25JAN15-B57.5,KXHIGHAUS-25JAN15,57-59F,57.0,57.0,59.0,between,between,0.01,0,63.0,no,0,16554,0.0,0.01
2025-01-15,KXHIGHAUS-25JAN15-T58,KXHIGHAUS-25JAN15,Above 58F,58.0,58.0,,above,greater,0.99,1,63.0,yes,100,20608,0.99,1.0
2025-01-16,KXHIGHAUS-25JAN16-T61,KXHIGHAUS-25JAN16,Below 61F,61.0,,61.0,below,less,0.01,0,,no,0,500,0.0,0.01
2025-01-16,KXHIGHAUS-25JAN16-B61.5,KXHIGHAUS-25JAN16,61-63F,61.0,61.0,63.0,between,between,0.01,0,,no,0,8253,0.0,0.01
2025-01-16,KXHIGHAUS-25JAN16-B63.5,KXHIGHAUS-25JAN16,63-65F,63.0,63.0,65.0,between,between,0.01,0,,no,0,11448,0.0,0.01
2025-01-16,KXHIGHAUS-25JAN16-B67.5,KXHIGHAUS-25JAN16,67-69F,67.0,67.0,69.0,between,between,0.01,0,,no,0,17858,0.0,0.01
2025-01-16,KXHIGHAUS-25JAN16-T68,KXHIGHAUS-25JAN16,Above 68F,68.0,68.0,,above,greater,0.06,0,,no,0,8447,0.0,0.01
2025-01-17,KXHIGHAUS-25JAN17-B63.5,KXHIGHAUS-25JAN17,63-65F,63.0,63.0,65.0,between,between,0.01,0,,no,0,12978,0.0,0.01
2025-01-17,KXHIGHAUS-25JAN17-B65.5,KXHIGHAUS-25JAN17,65-67F,65.0,65.0,67.0,between,between,0.01,0,,no,0,19642,0.0,0.01
2025-01-17,KXHIGHAUS-25JAN17-B67.5,KXHIGHAUS-25JAN17,67-69F,67.0,67.0,69.0,between,between,0.01,0,,no,0,14068,0.0,0.01
2025-01-17,KXHIGHAUS-25JAN17-B69.5,KXHIGHAUS-25JAN17,69-71F,69.0,69.0,71.0,between,between,0.01,0,,no,0,15941,0.0,0.01
2025-01-17,KXHIGHAUS-25JAN17-T70,KXHIGHAUS-25JAN17,Above 70F,70.0,70.0,,above,greater,0.01,0,,no,0,13484,0.0,0.01
2025-01-18,KXHIGHAUS-25JAN18-T57,KXHIGHAUS-25JAN18,Below 57F,57.0,,57.0,below,less,0.01,0,,no,0,1820,0.0,0.01
2025-01-18,KXHIGHAUS-25JAN18-B57.5,KXHIGHAUS-25JAN18,57-59F,57.0,57.0,59.0,between,between,0.01,0,,no,0,6823,0.0,0.01
2025-01-18,KXHIGHAUS-25JAN18-B59.5,KXHIGHAUS-25JAN18,59-61F,59.0,59.0,61.0,between,between,0.01,0,,no,0,19049,0.0,0.01
2025-01-18,KXHIGHAUS-25JAN18-B63.5,KXHIGHAUS-25JAN18,63-65F,63.0,63.0,65.0,between,between,0.01,0,,no,0,29066,0.0,0.01
2025-01-18,KXHIGHAUS-25JAN18-T64,KXHIGHAUS-25JAN18,Above 64F,64.0,64.0,,above,greater,0.01,0,,no,0,14170,0.0,0.01
2025-01-19,KXHIGHAUS-25JAN19-T40,KXHIGHAUS-25JAN19,Below 40F,40.0,,40.0,below,less,0.01,0,,no,0,350,0.0,0.01
2025-01-19,KXHIGHAUS-25JAN19-B40.5,KXHIGHAUS-25JAN19,40-42F,40.0,40.0,42.0,between,between,0.01,0,,no,0,9370,0.0,0.01
2025-01-19,KXHIGHAUS-25JAN19-B44.5,KXHIGHAUS-25JAN19,44-46F,44.0,44.0,46.0,between,between,0.01,0,,no,0,11526,0.0,0.01
2025-01-19,KXHIGHAUS-25JAN19-B46.5,KXHIGHAUS-25JAN19,46-48F,46.0,46.0,48.0,between,between,0.01,0,,no,0,2391,0.0,0.01
2025-01-19,KXHIGHAUS-25JAN19-T47,KXHIGHAUS-25JAN19,Above 47F,47.0,47.0,,above,greater,0.01,0,,no,0,1248,0.0,0.01
2025-01-20,KXHIGHAUS-25JAN20-B35.5,KXHIGHAUS-25JAN20,35-37F,35.0,35.0,37.0,between,between,0.01,0,,no,0,30385,0.0,0.1
2025-01-20,KXHIGHAUS-25JAN20-B37.5,KXHIGHAUS-25JAN20,37-39F,37.0,37.0,39.0,between,between,0.01,0,,no,0,18057,0.0,0.01
2025-01-20,KXHIGHAUS-25JAN20-B39.5,KXHIGHAUS-25JAN20,39-41F,39.0,39.0,41.0,between,between,0.01,0,,no,0,11669,0.0,0.01
2025-01-20,KXHIGHAUS-25JAN20-B41.5,KXHIGHAUS-25JAN20,41-43F,41.0,41.0,43.0,between,between,0.01,0,,no,0,9102,0.0,0.01
2025-01-20,KXHIGHAUS-25JAN20-T42,KXHIGHAUS-25JAN20,Above 42F,42.0,42.0,,above,greater,0.01,0,,no,0,2584,0.0,0.01
2025-01-21,KXHIGHAUS-25JAN21-B33.5,KXHIGHAUS-25JAN21,33-35F,33.0,33.0,35.0,between,between,0.01,0,,no,0,7501,0.0,0.01
2025-01-21,KXHIGHAUS-25JAN21-T33,KXHIGHAUS-25JAN21,Below 33F,33.0,,33.0,below,less,0.01,0,,no,0,2021,0.0,0.01
2025-01-21,KXHIGHAUS-25JAN21-B35.5,KXHIGHAUS-25JAN21,35-37F,35.0,35.0,37.0,between,between,0.01,0,,no,0,24828,0.0,0.01
2025-01-21,KXHIGHAUS-25JAN21-B39.5,KXHIGHAUS-25JAN21,39-41F,39.0,39.0,41.0,between,between,0.01,0,,no,0,15166,0.0,0.01
2025-01-21,KXHIGHAUS-25JAN21-T40,KXHIGHAUS-25JAN21,Above 40F,40.0,40.0,,above,greater,0.01,0,,no,0,12374,0.0,0.01
2025-01-22,KXHIGHAUS-25JAN22-B45.5,KXHIGHAUS-25JAN22,45-47F,45.0,45.0,47.0,between,between,0.01,0,,no,0,1301,0.0,0.01
2025-01-22,KXHIGHAUS-25JAN22-T45,KXHIGHAUS-25JAN22,Below 45F,45.0,,45.0,below,less,0.01,0,,no,0,10480,0.0,0.01
2025-01-22,KXHIGHAUS-25JAN22-B47.5,KXHIGHAUS-25JAN22,47-49F,47.0,47.0,49.0,between,between,0.01,0,,no,0,5043,0.0,0.01
2025-01-22,KXHIGHAUS-25JAN22-B49.5,KXHIGHAUS-25JAN22,49-51F,49.0,49.0,51.0,between,between,0.01,0,,no,0,29939,0.0,0.01
2025-01-22,KXHIGHAUS-25JAN22-T52,KXHIGHAUS-25JAN22,Above 52F,52.0,52.0,,above,greater,0.01,0,,no,0,24586,0.0,0.01
2025-01-23,KXHIGHAUS-25JAN23-B49.5,KXHIGHAUS-25JAN23,49-51F,49.0,49.0,51.0,between,between,0.01,0,,no,0,777,0.0,0.01
2025-01-23,KXHIGHAUS-25JAN23-T49,KXHIGHAUS-25JAN23,Below 49F,49.0,,49.0,below,less,0.01,0,,no,0,300,0.0,0.01
2025-01-23,KXHIGHAUS-25JAN23-B51.5,KXHIGHAUS-25JAN23,51-53F,51.0,51.0,53.0,between,between,0.05,0,,no,0,2212,0.0,0.01
2025-01-23,KXHIGHAUS-25JAN23-B53.5,KXHIGHAUS-25JAN23,53-55F,53.0,53.0,55.0,between,between,0.01,0,,no,0,33525,0.0,0.01
2025-01-23,KXHIGHAUS-25JAN23-T56,KXHIGHAUS-25JAN23,Above 56F,56.0,56.0,,above,greater,0.01,0,,no,0,33096,0.0,0.01
2025-01-24,KXHIGHAUS-25JAN24-B53.5,KXHIGHAUS-25JAN24,53-55F,53.0,53.0,55.0,between,between,0.01,0,,no,0,1975,0.0,0.01
2025-01-24,KXHIGHAUS-25JAN24-T53,KXHIGHAUS-25JAN24,Below 53F,53.0,,53.0,below,less,0.02,0,,no,0,1068,0.0,0.01
2025-01-24,KXHIGHAUS-25JAN24-B55.5,KXHIGHAUS-25JAN24,55-57F,55.0,55.0,57.0,between,between,0.01,0,,no,0,4521,0.0,0.01
2025-01-24,KXHIGHAUS-25JAN24-B57.5,KXHIGHAUS-25JAN24,57-59F,57.0,57.0,59.0,between,between,0.01,0,,no,0,41712,0.0,0.01
2025-01-24,KXHIGHAUS-25JAN24-T60,KXHIGHAUS-25JAN24,Above 60F,60.0,60.0,,above,greater,0.01,0,,no,0,35450,0.0,0.01
2025-01-25,KXHIGHAUS-25JAN25-B55.5,KXHIGHAUS-25JAN25,55-57F,55.0,55.0,57.0,between,between,0.01,0,,no,0,25636,0.0,0.01
2025-01-25,KXHIGHAUS-25JAN25-T55,KXHIGHAUS-25JAN25,Below 55F,55.0,,55.0,below,less,0.01,0,,no,0,31662,0.0,0.01
2025-01-25,KXHIGHAUS-25JAN25-B57.5,KXHIGHAUS-25JAN25,57-59F,57.0,57.0,59.0,between,between,0.01,0,,no,0,78307,0.0,0.01
2025-01-25,KXHIGHAUS-25JAN25-B61.5,KXHIGHAUS-25JAN25,61-63F,61.0,61.0,63.0,between,between,0.01,0,,no,0,33081,0.0,0.01
2025-01-25,KXHIGHAUS-25JAN25-T62,KXHIGHAUS-25JAN25,Above 62F,62.0,62.0,,above,greater,0.01,0,,no,0,25766,0.0,0.01
2025-01-26,KXHIGHAUS-25JAN26-T49,KXHIGHAUS-25JAN26,Below 49F,49.0,,49.0,below,less,0.01,0,,no,0,1272,0.0,0.01
2025-01-26,KXHIGHAUS-25JAN26-B49.5,KXHIGHAUS-25JAN26,49-51F,49.0,49.0,51.0,between,between,0.04,0,,no,0,1260,0.0,0.01
2025-01-26,KXHIGHAUS-25JAN26-B51.5,KXHIGHAUS-25JAN26,51-53F,51.0,51.0,53.0,between,between,0.01,0,,no,0,2816,0.0,0.01
2025-01-26,KXHIGHAUS-25JAN26-B53.5,KXHIGHAUS-25JAN26,53-55F,53.0,53.0,55.0,between,between,0.01,0,,no,0,82723,0.0,0.01
2025-01-26,KXHIGHAUS-25JAN26-T56,KXHIGHAUS-25JAN26,Above 56F,56.0,56.0,,above,greater,0.01,0,,no,0,29395,0.0,0.01
2025-01-27,KXHIGHAUS-25JAN27-B49.5,KXHIGHAUS-25JAN27,49-51F,49.0,49.0,51.0,between,between,0.01,0,,no,0,15127,0.0,0.01
2025-01-27,KXHIGHAUS-25JAN27-T49,KXHIGHAUS-25JAN27,Below 49F,49.0,,49.0,below,less,0.01,0,,no,0,2653,0.0,0.01
2025-01-27,KXHIGHAUS-25JAN27-B51.5,KXHIGHAUS-25JAN27,51-53F,51.0,51.0,53.0,between,between,0.01,0,,no,0,14320,0.0,0.01
2025-01-27,KXHIGHAUS-25JAN27-B55.5,KXHIGHAUS-25JAN27,55-57F,55.0,55.0,57.0,between,between,0.14,0,,no,0,23688,0.0,0.01
2025-01-27,KXHIGHAUS-25JAN27-T56,KXHIGHAUS-25JAN27,Above 56F,56.0,56.0,,above,greater,0.01,0,,no,0,12460,0.0,0.01
2025-01-28,KXHIGHAUS-25JAN28-B54.5,KXHIGHAUS-25JAN28,54-56F,54.0,54.0,56.0,between,between,0.01,0,,no,0,28854,0.0,0.03
2025-01-28,KXHIGHAUS-25JAN28-B56.5,KXHIGHAUS-25JAN28,56-58F,56.0,56.0,58.0,between,between,0.02,0,,no,0,20800,0.0,0.01
2025-01-28,KXHIGHAUS-25JAN28-B58.5,KXHIGHAUS-25JAN28,58-60F,58.0,58.0,60.0,between,between,0.01,0,,no,0,20418,0.0,0.01
2025-01-28,KXHIGHAUS-25JAN28-B60.5,KXHIGHAUS-25JAN28,60-62F,60.0,60.0,62.0,between,between,0.01,0,,no,0,2676,0.0,0.01
2025-01-28,KXHIGHAUS-25JAN28-T61,KXHIGHAUS-25JAN28,Above 61F,61.0,61.0,,above,greater,0.01,0,,no,0,2278,0.0,0.01
2025-01-29,KXHIGHAUS-25JAN29-T65,KXHIGHAUS-25JAN29,Below 65F,65.0,,65.0,below,less,0.01,0,,no,0,24973,0.0,0.01
2025-01-29,KXHIGHAUS-25JAN29-B65.5,KXHIGHAUS-25JAN29,65-67F,65.0,65.0,67.0,between,between,0.01,0,,no,0,28781,0.0,0.01
2025-01-29,KXHIGHAUS-25JAN29-B67.5,KXHIGHAUS-25JAN29,67-69F,67.0,67.0,69.0,between,between,0.01,0,,no,0,68284,0.0,0.01
2025-01-29,KXHIGHAUS-25JAN29-B69.5,KXHIGHAUS-25JAN29,69-71F,69.0,69.0,71.0,between,between,0.01,0,,no,0,155037,0.0,0.01
2025-01-29,KXHIGHAUS-25JAN29-T72,KXHIGHAUS-25JAN29,Above 72F,72.0,72.0,,above,greater,0.01,0,,no,0,34815,0.0,0.01
2025-01-30,KXHIGHAUS-25JAN30-B67.5,KXHIGHAUS-25JAN30,67-69F,67.0,67.0,69.0,between,between,0.01,0,,no,0,72079,0.0,0.01
2025-01-30,KXHIGHAUS-25JAN30-T67,KXHIGHAUS-25JAN30,Below 67F,67.0,,67.0,below,less,0.01,0,,no,0,25394,0.0,0.01
2025-01-30,KXHIGHAUS-25JAN30-B71.5,KXHIGHAUS-25JAN30,71-73F,71.0,71.0,73.0,between,between,0.01,0,,no,0,22572,0.0,0.01
2025-01-30,KXHIGHAUS-25JAN30-B73.5,KXHIGHAUS-25JAN30,73-75F,73.0,73.0,75.0,between,between,0.01,0,,no,0,17522,0.0,0.01
2025-01-30,KXHIGHAUS-25JAN30-T74,KXHIGHAUS-25JAN30,Above 74F,74.0,74.0,,above,greater,0.04,0,,no,0,8369,0.0,0.01
2025-01-31,KXHIGHAUS-25JAN31-B67.5,KXHIGHAUS-25JAN31,67-69F,67.0,67.0,69.0,between,between,0.01,0,,no,0,16836,0.0,0.01
2025-01-31,KXHIGHAUS-25JAN31-T67,KXHIGHAUS-25JAN31,Below 67F,67.0,,67.0,below,less,0.01,0,,no,0,7157,0.0,0.01
2025-01-31,KXHIGHAUS-25JAN31-B69.5,KXHIGHAUS-25JAN31,69-71F,69.0,69.0,71.0,between,between,0.01,0,,no,0,16024,0.0,0.01
2025-01-31,KXHIGHAUS-25JAN31-B71.5,KXHIGHAUS-25JAN31,71-73F,71.0,71.0,73.0,between,between,0.01,0,,no,0,17308,0.0,0.01
2025-01-31,KXHIGHAUS-25JAN31-T74,KXHIGHAUS-25JAN31,Above 74F,74.0,74.0,,above,greater,0.01,0,,no,0,15992,0.0,0.01
2025-02-01,KXHIGHAUS-25FEB01-T68,KXHIGHAUS-25FEB01,Below 68F,68.0,,68.0,below,less,0.01,0,,no,0,10247,0.0,0.01
2025-02-01,KXHIGHAUS-25FEB01-B68.5,KXHIGHAUS-25FEB01,68-70F,68.0,68.0,70.0,between,between,0.01,0,,no,0,5381,0.0,0.01
2025-02-01,KXHIGHAUS-25FEB01-B70.5,KXHIGHAUS-25FEB01,70-72F,70.0,70.0,72.0,between,between,0.01,0,,no,0,3122,0.0,0.01
2025-02-01,KXHIGHAUS-25FEB01-B72.5,KXHIGHAUS-25FEB01,72-74F,72.0,72.0,74.0,between,between,0.01,0,,no,0,10686,0.0,0.01
2025-02-01,KXHIGHAUS-25FEB01-B74.5,KXHIGHAUS-25FEB01,74-76F,74.0,74.0,76.0,between,between,0.01,0,,no,0,49830,0.0,0.01
2025-02-02,KXHIGHAUS-25FEB02-T74,KXHIGHAUS-25FEB02,Below 74F,74.0,,74.0,below,less,0.01,0,,no,0,624,0.0,0.01
2025-02-02,KXHIGHAUS-25FEB02-B74.5,KXHIGHAUS-25FEB02,74-76F,74.0,74.0,76.0,between,between,0.04,0,,no,0,1778,0.0,0.01
2025-02-02,KXHIGHAUS-25FEB02-B76.5,KXHIGHAUS-25FEB02,76-78F,76.0,76.0,78.0,between,between,0.01,0,,no,0,3214,0.0,0.01
2025-02-02,KXHIGHAUS-25FEB02-B78.5,KXHIGHAUS-25FEB02,78-80F,78.0,78.0,80.0,between,between,0.01,0,,no,0,35012,0.0,0.01
2025-02-02,KXHIGHAUS-25FEB02-T81,KXHIGHAUS-25FEB02,Above 81F,81.0,81.0,,above,greater,0.01,0,,no,0,23334,0.0,0.01
2025-02-03,KXHIGHAUS-25FEB03-T76,KXHIGHAUS-25FEB03,Below 76F,76.0,,76.0,below,less,0.01,0,,no,0,5344,0.0,0.01
2025-02-03,KXHIGHAUS-25FEB03-B76.5,KXHIGHAUS-25FEB03,76-78F,76.0,76.0,78.0,between,between,0.01,0,,no,0,6730,0.0,0.01
2025-02-03,KXHIGHAUS-25FEB03-B78.5,KXHIGHAUS-25FEB03,78-80F,78.0,78.0,80.0,between,between,0.01,0,,no,0,15300,0.0,0.01
2025-02-03,KXHIGHAUS-25FEB03-B80.5,KXHIGHAUS-25FEB03,80-82F,80.0,80.0,82.0,between,between,0.01,0,,no,0,32715,0.0,0.01
2025-02-03,KXHIGHAUS-25FEB03-B82.5,KXHIGHAUS-25FEB03,82-84F,82.0,82.0,84.0,between,between,0.01,0,,no,0,19744,0.0,0.01
2025-02-04,KXHIGHAUS-25FEB04-B76.5,KXHIGHAUS-25FEB04,76-78F,76.0,76.0,78.0,between,between,0.01,0,,no,0,834,0.0,0.01
2025-02-04,KXHIGHAUS-25FEB04-T76,KXHIGHAUS-25FEB04,Below 76F,76.0,,76.0,below,less,0.01,0,,no,0,450,0.0,0.01
2025-02-04,KXHIGHAUS-25FEB04-B78.5,KXHIGHAUS-25FEB04,78-80F,78.0,78.0,80.0,between,between,0.01,0,,no,0,8124,0.0,0.01
2025-02-04,KXHIGHAUS-25FEB04-B80.5,KXHIGHAUS-25FEB04,80-82F,80.0,80.0,82.0,between,between,0.01,0,,no,0,18711,0.0,0.01
2025-02-04,KXHIGHAUS-25FEB04-T83,KXHIGHAUS-25FEB04,Above 83F,83.0,83.0,,above,greater,0.01,0,,no,0,36830,0.0,0.01
2025-02-05,KXHIGHAUS-25FEB05-T76,KXHIGHAUS-25FEB05,Below 76F,76.0,,76.0,below,less,0.01,0,,no,0,20670,0.0,0.01
2025-02-05,KXHIGHAUS-25FEB05-B76.5,KXHIGHAUS-25FEB05,76-78F,76.0,76.0,78.0,between,between,0.01,0,,no,0,30676,0.0,0.01
2025-02-05,KXHIGHAUS-25FEB05-B80.5,KXHIGHAUS-25FEB05,80-82F,80.0,80.0,82.0,between,between,0.01,0,,no,0,24202,0.0,0.01
2025-02-05,KXHIGHAUS-25FEB05-B82.5,KXHIGHAUS-25FEB05,82-84F,82.0,82.0,84.0,between,between,0.02,0,,no,0,8977,0.0,0.04
2025-02-05,KXHIGHAUS-25FEB05-T83,KXHIGHAUS-25FEB05,Above 83F,83.0,83.0,,above,greater,0.01,0,,no,0,9921,0.0,0.01
2025-02-06,KXHIGHAUS-25FEB06-B76.5,KXHIGHAUS-25FEB06,76-78F,76.0,76.0,78.0,between,between,0.01,0,,no,0,11394,0.0,0.01
2025-02-06,KXHIGHAUS-25FEB06-T76,KXHIGHAUS-25FEB06,Below 76F,76.0,,76.0,below,less,0.01,0,,no,0,10559,0.0,0.01
2025-02-06,KXHIGHAUS-25FEB06-B78.5,KXHIGHAUS-25FEB06,78-80F,78.0,78.0,80.0,between,between,0.01,0,,no,0,24734,0.0,0.01
2025-02-06,KXHIGHAUS-25FEB06-B80.5,KXHIGHAUS-25FEB06,80-82F,80.0,80.0,82.0,between,between,0.01,0,,no,0,23580,0.0,0.01
2025-02-06,KXHIGHAUS-25FEB06-T83,KXHIGHAUS-25FEB06,Above 83F,83.0,83.0,,above,greater,0.01,0,,no,0,47383,0.0,0.01
2025-02-07,KXHIGHAUS-25FEB07-B78.5,KXHIGHAUS-25FEB07,78-80F,78.0,78.0,80.0,between,between,0.01,0,,no,0,24431,0.0,0.01
2025-02-07,KXHIGHAUS-25FEB07-T78,KXHIGHAUS-25FEB07,Below 78F,78.0,,78.0,below,less,0.01,0,,no,0,12061,0.0,0.01
2025-02-07,KXHIGHAUS-25FEB07-B82.5,KXHIGHAUS-25FEB07,82-84F,82.0,82.0,84.0,between,between,0.01,0,,no,0,32815,0.0,0.01
2025-02-07,KXHIGHAUS-25FEB07-B84.5,KXHIGHAUS-25FEB07,84-86F,84.0,84.0,86.0,between,between,0.01,0,,no,0,21501,0.0,0.01
2025-02-07,KXHIGHAUS-25FEB07-T85,KXHIGHAUS-25FEB07,Above 85F,85.0,85.0,,above,greater,0.01,0,,no,0,21100,0.0,0.01
2025-02-08,KXHIGHAUS-25FEB08-T82,KXHIGHAUS-25FEB08,Below 82F,82.0,,82.0,below,less,0.01,0,,no,0,1226,0.0,0.01
2025-02-08,KXHIGHAUS-25FEB08-B82.5,KXHIGHAUS-25FEB08,82-84F,82.0,82.0,84.0,between,between,0.01,0,,no,0,2862,0.0,0.01
2025-02-08,KXHIGHAUS-25FEB08-B84.5,KXHIGHAUS-25FEB08,84-86F,84.0,84.0,86.0,between,between,0.01,0,,no,0,10566,0.0,0.01
2025-02-08,KXHIGHAUS-25FEB08-B86.5,KXHIGHAUS-25FEB08,86-88F,86.0,86.0,88.0,between,between,0.01,0,,no,0,22585,0.0,0.01
2025-02-08,KXHIGHAUS-25FEB08-T89,KXHIGHAUS-25FEB08,Above 89F,89.0,89.0,,above,greater,0.01,0,,no,0,37417,0.0,0.01
2025-02-09,KXHIGHAUS-25FEB09-T64,KXHIGHAUS-25FEB09,Below 64F,64.0,,64.0,below,less,0.01,0,,no,0,24388,0.0,0.01
2025-02-09,KXHIGHAUS-25FEB09-B64.5,KXHIGHAUS-25FEB09,64-66F,64.0,64.0,66.0,between,between,0.01,0,,no,0,1597,0.0,0.01
2025-02-09,KXHIGHAUS-25FEB09-B66.5,KXHIGHAUS-25FEB09,66-68F,66.0,66.0,68.0,between,between,0.01,0,,no,0,6320,0.0,0.01
2025-02-09,KXHIGHAUS-25FEB09-B68.5,KXHIGHAUS-25FEB09,68-70F,68.0,68.0,70.0,between,between,0.01,0,,no,0,9282,0.0,0.01
2025-02-09,KXHIGHAUS-25FEB09-T71,KXHIGHAUS-25FEB09,Above 71F,71.0,71.0,,above,greater,0.01,0,,no,0,17319,0.0,0.01
2025-02-10,KXHIGHAUS-25FEB10-T55,KXHIGHAUS-25FEB10,Below 55F,55.0,,55.0,below,less,0.99,1,51.0,yes,100,29564,0.99,1.0
2025-02-10,KXHIGHAUS-25FEB10-B55.5,KXHIGHAUS-25FEB10,55-57F,55.0,55.0,57.0,between,between,0.01,0,51.0,no,0,26436,0.0,0.01
2025-02-10,KXHIGHAUS-25FEB10-B57.5,KXHIGHAUS-25FEB10,57-59F,57.0,57.0,59.0,between,between,0.02,0,51.0,no,0,9903,0.0,0.01
2025-02-10,KXHIGHAUS-25FEB10-B59.5,KXHIGHAUS-25FEB10,59-61F,59.0,59.0,61.0,between,between,0.01,0,51.0,no,0,5538,0.0,0.01
2025-02-10,KXHIGHAUS-25FEB10-B61.5,KXHIGHAUS-25FEB10,61-63F,61.0,61.0,63.0,between,between,0.01,0,51.0,no,0,4769,0.0,0.01
2025-02-10,KXHIGHAUS-25FEB10-T62,KXHIGHAUS-25FEB10,Above 62F,62.0,62.0,,above,greater,0.02,0,51.0,no,0,5383,0.0,0.01
2025-02-11,KXHIGHAUS-25FEB11-T59,KXHIGHAUS-25FEB11,Below 59F,59.0,,59.0,below,less,0.99,1,53.0,yes,100,23653,0.99,1.0
2025-02-11,KXHIGHAUS-25FEB11-B59.5,KXHIGHAUS-25FEB11,59-61F,59.0,59.0,61.0,between,between,0.01,0,53.0,no,0,6453,0.0,0.01
2025-02-11,KXHIGHAUS-25FEB11-B61.5,KXHIGHAUS-25FEB11,61-63F,61.0,61.0,63.0,between,between,0.01,0,53.0,no,0,5013,0.0,0.01
2025-02-11,KXHIGHAUS-25FEB11-B63.5,KXHIGHAUS-25FEB11,63-65F,63.0,63.0,65.0,between,between,0.01,0,53.0,no,0,1831,0.0,0.01
2025-02-11,KXHIGHAUS-25FEB11-B65.5,KXHIGHAUS-25FEB11,65-67F,65.0,65.0,67.0,between,between,0.01,0,53.0,no,0,1691,0.0,0.01
2025-02-11,KXHIGHAUS-25FEB11-T66,KXHIGHAUS-25FEB11,Above 66F,66.0,66.0,,above,greater,0.01,0,53.0,no,0,1265,0.0,0.01
2025-02-12,KXHIGHAUS-25FEB12-B76.5,KXHIGHAUS-25FEB12,76-78F,76.0,76.0,78.0,between,between,0.01,0,55.0,no,0,7334,0.0,0.01
2025-02-12,KXHIGHAUS-25FEB12-T76,KXHIGHAUS-25FEB12,Below 76F,76.0,,76.0,below,less,0.99,1,55.0,yes,100,23634,0.99,1.0
2025-02-12,KXHIGHAUS-25FEB12-B78.5,KXHIGHAUS-25FEB12,78-80F,78.0,78.0,80.0,between,between,0.01,0,55.0,no,0,5932,0.0,0.01
2025-02-12,KXHIGHAUS-25FEB12-B80.5,KXHIGHAUS-25FEB12,80-82F,80.0,80.0,82.0,between,between,0.01,0,55.0,no,0,2117,0.0,0.01
2025-02-12,KXHIGHAUS-25FEB12-B82.5,KXHIGHAUS-25FEB12,82-84F,82.0,82.0,84.0,between,between,0.01,0,55.0,no,0,954,0.0,0.01
2025-02-12,KXHIGHAUS-25FEB12-T83,KXHIGHAUS-25FEB12,Above 83F,83.0,83.0,,above,greater,0.01,0,55.0,no,0,270,0.0,0.01
2025-02-13,KXHIGHAUS-25FEB13-T44,KXHIGHAUS-25FEB13,Below 44F,44.0,,44.0,below,less,0.01,0,47.0,no,0,20896,0.0,0.01
2025-02-13,KXHIGHAUS-25FEB13-B44.5,KXHIGHAUS-25FEB13,44-46F,44.0,44.0,46.0,between,between,0.01,0,47.0,no,0,23216,0.0,0.01
2025-02-13,KXHIGHAUS-25FEB13-B46.5,KXHIGHAUS-25FEB13,46-48F,46.0,46.0,48.0,between,between,0.99,1,47.0,yes,100,27043,0.99,1.0
2025-02-13,KXHIGHAUS-25FEB13-B48.5,KXHIGHAUS-25FEB13,48-50F,48.0,48.0,50.0,between,between,0.01,0,47.0,no,0,10824,0.0,0.01
2025-02-13,KXHIGHAUS-25FEB13-B50.5,KXHIGHAUS-25FEB13,50-52F,50.0,50.0,52.0,between,between,0.01,0,47.0,no,0,2047,0.0,0.01
2025-02-13,KXHIGHAUS-25FEB13-T51,KXHIGHAUS-25FEB13,Above 51F,51.0,51.0,,above,greater,0.01,0,47.0,no,0,807,0.0,0.01
2025-02-14,KXHIGHAUS-25FEB14-B49.5,KXHIGHAUS-25FEB14,49-51F,49.0,49.0,51.0,between,between,0.01,0,47.0,no,0,29197,0.0,0.01
2025-02-14,KXHIGHAUS-25FEB14-T49,KXHIGHAUS-25FEB14,Below 49F,49.0,,49.0,below,less,0.99,1,47.0,yes,100,45660,0.99,1.0
2025-02-14,KXHIGHAUS-25FEB14-B51.5,KXHIGHAUS-25FEB14,51-53F,51.0,51.0,53.0,between,between,0.01,0,47.0,no,0,14397,0.0,0.01
2025-02-14,KXHIGHAUS-25FEB14-B53.5,KXHIGHAUS-25FEB14,53-55F,53.0,53.0,55.0,between,between,0.01,0,47.0,no,0,13083,0.0,0.01
2025-02-14,KXHIGHAUS-25FEB14-B55.5,KXHIGHAUS-25FEB14,55-57F,55.0,55.0,57.0,between,between,0.01,0,47.0,no,0,6192,0.0,0.01
2025-02-14,KXHIGHAUS-25FEB14-T56,KXHIGHAUS-25FEB14,Above 56F,56.0,56.0,,above,greater,0.01,0,47.0,no,0,2861,0.0,0.01
2025-02-15,KXHIGHAUS-25FEB15-B72.5,KXHIGHAUS-25FEB15,72-74F,72.0,72.0,74.0,between,between,0.99,1,73.0,yes,100,50222,0.91,1.0
2025-02-15,KXHIGHAUS-25FEB15-T72,KXHIGHAUS-25FEB15,Below 72F,72.0,,72.0,below,less,0.01,0,73.0,no,0,43025,0.0,0.01
2025-02-15,KXHIGHAUS-25FEB15-B74.5,KXHIGHAUS-25FEB15,74-76F,74.0,74.0,76.0,between,between,0.01,0,73.0,no,0,39259,0.0,0.08
2025-02-15,KXHIGHAUS-25FEB15-B76.5,KXHIGHAUS-25FEB15,76-78F,76.0,76.0,78.0,between,between,0.01,0,73.0,no,0,32826,0.0,0.01
2025-02-15,KXHIGHAUS-25FEB15-B78.5,KXHIGHAUS-25FEB15,78-80F,78.0,78.0,80.0,between,between,0.01,0,73.0,no,0,17563,0.0,0.01
2025-02-15,KXHIGHAUS-25FEB15-T79,KXHIGHAUS-25FEB15,Above 79F,79.0,79.0,,above,greater,0.01,0,73.0,no,0,8246,0.0,0.01
2025-02-16,KXHIGHAUS-25FEB16-T50,KXHIGHAUS-25FEB16,Below 50F,50.0,,50.0,below,less,0.01,0,56.0,no,0,4573,0.0,0.01
2025-02-16,KXHIGHAUS-25FEB16-B50.5,KXHIGHAUS-25FEB16,50-52F,50.0,50.0,52.0,between,between,0.01,0,56.0,no,0,24591,0.0,0.01
2025-02-16,KXHIGHAUS-25FEB16-B52.5,KXHIGHAUS-25FEB16,52-54F,52.0,52.0,54.0,between,between,0.01,0,56.0,no,0,18295,0.0,0.01
2025-02-16,KXHIGHAUS-25FEB16-B54.5,KXHIGHAUS-25FEB16,54-56F,54.0,54.0,56.0,between,between,0.01,0,56.0,no,0,35522,0.0,0.01
2025-02-16,KXHIGHAUS-25FEB16-B56.5,KXHIGHAUS-25FEB16,56-58F,56.0,56.0,58.0,between,between,0.99,1,56.0,yes,100,26841,0.99,1.0
2025-02-16,KXHIGHAUS-25FEB16-T57,KXHIGHAUS-25FEB16,Above 57F,57.0,57.0,,above,greater,0.01,0,56.0,no,0,15303,0.0,0.01
2025-02-17,KXHIGHAUS-25FEB17-T59,KXHIGHAUS-25FEB17,Below 59F,59.0,,59.0,below,less,0.01,0,63.0,no,0,23286,0.0,0.01
2025-02-17,KXHIGHAUS-25FEB17-B59.5,KXHIGHAUS-25FEB17,59-61F,59.0,59.0,61.0,between,between,0.01,0,63.0,no,0,64320,0.0,0.01
2025-02-17,KXHIGHAUS-25FEB17-B61.5,KXHIGHAUS-25FEB17,61-63F,61.0,61.0,63.0,between,between,0.01,0,63.0,no,0,127015,0.0,0.01
2025-02-17,KXHIGHAUS-25FEB17-B63.5,KXHIGHAUS-25FEB17,63-65F,63.0,63.0,65.0,between,between,0.99,1,63.0,yes,100,49847,0.99,1.0
2025-02-17,KXHIGHAUS-25FEB17-B65.5,KXHIGHAUS-25FEB17,65-67F,65.0,65.0,67.0,between,between,0.01,0,63.0,no,0,15239,0.0,0.01
2025-02-17,KXHIGHAUS-25FEB17-T66,KXHIGHAUS-25FEB17,Above 66F,66.0,66.0,,above,greater,0.01,0,63.0,no,0,4095,0.0,0.01
2025-02-18,KXHIGHAUS-25FEB18-T61,KXHIGHAUS-25FEB18,Below 61F,61.0,,61.0,below,less,0.01,0,62.0,no,0,24019,0.0,0.01
2025-02-18,KXHIGHAUS-25FEB18-B61.5,KXHIGHAUS-25FEB18,61-63F,61.0,61.0,63.0,between,between,0.99,1,62.0,yes,100,94816,0.99,1.0
2025-02-18,KXHIGHAUS-25FEB18-B63.5,KXHIGHAUS-25FEB18,63-65F,63.0,63.0,65.0,between,between,0.01,0,62.0,no,0,50680,0.0,0.01
2025-02-18,KXHIGHAUS-25FEB18-B65.5,KXHIGHAUS-25FEB18,65-67F,65.0,65.0,67.0,between,between,0.01,0,62.0,no,0,35552,0.0,0.01
2025-02-18,KXHIGHAUS-25FEB18-B67.5,KXHIGHAUS-25FEB18,67-69F,67.0,67.0,69.0,between,between,0.01,0,62.0,no,0,32213,0.0,0.01
2025-02-18,KXHIGHAUS-25FEB18-T68,KXHIGHAUS-25FEB18,Above 68F,68.0,68.0,,above,greater,0.01,0,62.0,no,0,22365,0.0,0.01
2025-02-19,KXHIGHAUS-25FEB19-T36,KXHIGHAUS-25FEB19,Below 36F,36.0,,36.0,below,less,0.99,1,30.0,yes,100,64750,0.99,1.0
2025-02-19,KXHIGHAUS-25FEB19-B36.5,KXHIGHAUS-25FEB19,36-38F,36.0,36.0,38.0,between,between,0.02,0,30.0,no,0,11890,0.0,0.01
2025-02-19,KXHIGHAUS-25FEB19-B38.5,KXHIGHAUS-25FEB19,38-40F,38.0,38.0,40.0,between,between,0.01,0,30.0,no,0,9649,0.0,0.01
2025-02-19,KXHIGHAUS-25FEB19-B40.5,KXHIGHAUS-25FEB19,40-42F,40.0,40.0,42.0,between,between,0.01,0,30.0,no,0,12833,0.0,0.01
2025-02-19,KXHIGHAUS-25FEB19-B42.5,KXHIGHAUS-25FEB19,42-44F,42.0,42.0,44.0,between,between,0.01,0,30.0,no,0,1866,0.0,0.01
2025-02-19,KXHIGHAUS-25FEB19-T43,KXHIGHAUS-25FEB19,Above 43F,43.0,43.0,,above,greater,0.01,0,30.0,no,0,2558,0.0,0.01
2025-02-20,KXHIGHAUS-25FEB20-T36,KXHIGHAUS-25FEB20,Below 36F,36.0,,36.0,below,less,0.01,0,36.0,no,0,37267,0.0,0.01
2025-02-20,KXHIGHAUS-25FEB20-B36.5,KXHIGHAUS-25FEB20,36-38F,36.0,36.0,38.0,between,between,0.99,1,36.0,yes,100,29447,0.99,1.0
2025-02-20,KXHIGHAUS-25FEB20-B38.5,KXHIGHAUS-25FEB20,38-40F,38.0,38.0,40.0,between,between,0.01,0,36.0,no,0,24005,0.0,0.01
2025-02-20,KXHIGHAUS-25FEB20-B40.5,KXHIGHAUS-25FEB20,40-42F,40.0,40.0,42.0,between,between,0.01,0,36.0,no,0,28286,0.0,0.01
2025-02-20,KXHIGHAUS-25FEB20-B42.5,KXHIGHAUS-25FEB20,42-44F,42.0,42.0,44.0,between,between,0.01,0,36.0,no,0,3508,0.0,0.01
2025-02-20,KXHIGHAUS-25FEB20-T43,KXHIGHAUS-25FEB20,Above 43F,43.0,43.0,,above,greater,0.01,0,36.0,no,0,2164,0.0,0.01
2025-02-21,KXHIGHAUS-25FEB21-T32,KXHIGHAUS-25FEB21,Below 32F,32.0,,32.0,below,less,0.01,0,38.0,no,0,939,0.0,0.01
2025-02-21,KXHIGHAUS-25FEB21-B32.5,KXHIGHAUS-25FEB21,32-34F,32.0,32.0,34.0,between,between,0.01,0,38.0,no,0,3364,0.0,0.01
2025-02-21,KXHIGHAUS-25FEB21-B34.5,KXHIGHAUS-25FEB21,34-36F,34.0,34.0,36.0,between,between,0.01,0,38.0,no,0,10903,0.0,0.01
2025-02-21,KXHIGHAUS-25FEB21-B36.5,KXHIGHAUS-25FEB21,36-38F,36.0,36.0,38.0,between,between,0.01,0,38.0,no,0,14973,0.0,0.01
2025-02-21,KXHIGHAUS-25FEB21-B38.5,KXHIGHAUS-25FEB21,38-40F,38.0,38.0,40.0,between,between,0.99,1,38.0,yes,100,13341,0.99,1.0
2025-02-21,KXHIGHAUS-25FEB21-T39,KXHIGHAUS-25FEB21,Above 39F,39.0,39.0,,above,greater,0.02,0,38.0,no,0,6150,0.0,0.01
2025-02-22,KXHIGHAUS-25FEB22-T38,KXHIGHAUS-25FEB22,Below 38F,38.0,,38.0,below,less,0.01,0,42.0,no,0,1149,0.0,0.01
2025-02-22,KXHIGHAUS-25FEB22-B38.5,KXHIGHAUS-25FEB22,38-40F,38.0,38.0,40.0,between,between,0.01,0,42.0,no,0,7166,0.0,0.01
2025-02-22,KXHIGHAUS-25FEB22-B40.5,KXHIGHAUS-25FEB22,40-42F,40.0,40.0,42.0,between,between,0.01,0,42.0,no,0,74214,0.0,0.01
2025-02-22,KXHIGHAUS-25FEB22-B42.5,KXHIGHAUS-25FEB22,42-44F,42.0,42.0,44.0,between,between,0.99,1,42.0,yes,100,20265,0.99,1.0
2025-02-22,KXHIGHAUS-25FEB22-B44.5,KXHIGHAUS-25FEB22,44-46F,44.0,44.0,46.0,between,between,0.03,0,42.0,no,0,13413,0.0,0.01
2025-02-22,KXHIGHAUS-25FEB22-T45,KXHIGHAUS-25FEB22,Above 45F,45.0,45.0,,above,greater,0.02,0,42.0,no,0,4571,0.0,0.01
2025-02-23,KXHIGHAUS-25FEB23-B57.5,KXHIGHAUS-25FEB23,57-59F,57.0,57.0,59.0,between,between,0.01,0,65.0,no,0,5193,0.0,0.01
2025-02-23,KXHIGHAUS-25FEB23-T57,KXHIGHAUS-25FEB23,Below 57F,57.0,,57.0,below,less,0.01,0,65.0,no,0,1989,0.0,0.01
2025-02-23,KXHIGHAUS-25FEB23-B59.5,KXHIGHAUS-25FEB23,59-61F,59.0,59.0,61.0,between,between,0.01,0,65.0,no,0,17084,0.0,0.01
2025-02-23,KXHIGHAUS-25FEB23-B61.5,KXHIGHAUS-25FEB23,61-63F,61.0,61.0,63.0,between,between,0.01,0,65.0,no,0,28101,0.0,0.01
2025-02-23,KXHIGHAUS-25FEB23-B63.5,KXHIGHAUS-25FEB23,63-65F,63.0,63.0,65.0,between,between,0.01,0,65.0,no,0,17607,0.0,0.01
2025-02-23,KXHIGHAUS-25FEB23-T64,KXHIGHAUS-25FEB23,Above 64F,64.0,64.0,,above,greater,0.99,1,65.0,yes,100,28323,0.99,1.0
2025-02-24,KXHIGHAUS-25FEB24-T68,KXHIGHAUS-25FEB24,Below 68F,68.0,,68.0,below,less,0.02,0,76.0,no,0,559,0.0,0.01
2025-02-24,KXHIGHAUS-25FEB24-B68.5,KXHIGHAUS-25FEB24,68-70F,68.0,68.0,70.0,between,between,0.01,0,76.0,no,0,4053,0.0,0.01
2025-02-24,KXHIGHAUS-25FEB24-B70.5,KXHIGHAUS-25FEB24,70-72F,70.0,70.0,72.0,between,between,0.01,0,76.0,no,0,2951,0.0,0.01
2025-02-24,KXHIGHAUS-25FEB24-B72.5,KXHIGHAUS-25FEB24,72-74F,72.0,72.0,74.0,between,between,0.01,0,76.0,no,0,24986,0.0,0.01
2025-02-24,KXHIGHAUS-25FEB24-B74.5,KXHIGHAUS-25FEB24,74-76F,74.0,74.0,76.0,between,between,0.01,0,76.0,no,0,23694,0.0,0.01
2025-02-24,KXHIGHAUS-25FEB24-T75,KXHIGHAUS-25FEB24,Above 75F,75.0,75.0,,above,greater,0.99,1,76.0,yes,100,50224,0.99,1.0
2025-02-25,KXHIGHAUS-25FEB25-B71.5,KXHIGHAUS-25FEB25,71-73F,71.0,71.0,73.0,between,between,0.01,0,77.0,no,0,6263,0.0,0.01
2025-02-25,KXHIGHAUS-25FEB25-T71,KXHIGHAUS-25FEB25,Below 71F,71.0,,71.0,below,less,0.01,0,77.0,no,0,2937,0.0,0.01
2025-02-25,KXHIGHAUS-25FEB25-B73.5,KXHIGHAUS-25FEB25,73-75F,73.0,73.0,75.0,between,between,0.01,0,77.0,no,0,19001,0.0,0.01
2025-02-25,KXHIGHAUS-25FEB25-B75.5,KXHIGHAUS-25FEB25,75-77F,75.0,75.0,77.0,between,between,0.01,0,77.0,no,0,28620,0.0,0.01
2025-02-25,KXHIGHAUS-25FEB25-B77.5,KXHIGHAUS-25FEB25,77-79F,77.0,77.0,79.0,between,between,0.99,1,77.0,yes,100,24918,0.99,1.0
2025-02-25,KXHIGHAUS-25FEB25-T78,KXHIGHAUS-25FEB25,Above 78F,78.0,78.0,,above,greater,0.01,0,77.0,no,0,20976,0.0,0.01
2025-02-26,KXHIGHAUS-25FEB26-B73.5,KXHIGHAUS-25FEB26,73-75F,73.0,73.0,75.0,between,between,0.03,0,82.0,no,0,2098,0.0,0.01
2025-02-26,KXHIGHAUS-25FEB26-T73,KXHIGHAUS-25FEB26,Below 73F,73.0,,73.0,below,less,0.02,0,82.0,no,0,369,0.0,0.01
2025-02-26,KXHIGHAUS-25FEB26-B75.5,KXHIGHAUS-25FEB26,75-77F,75.0,75.0,77.0,between,between,0.01,0,82.0,no,0,11549,0.0,0.01
2025-02-26,KXHIGHAUS-25FEB26-B77.5,KXHIGHAUS-25FEB26,77-79F,77.0,77.0,79.0,between,between,0.01,0,82.0,no,0,18292,0.0,0.01
2025-02-26,KXHIGHAUS-25FEB26-B79.5,KXHIGHAUS-25FEB26,79-81F,79.0,79.0,81.0,between,between,0.01,0,82.0,no,0,30670,0.0,0.01
2025-02-26,KXHIGHAUS-25FEB26-T80,KXHIGHAUS-25FEB26,Above 80F,80.0,80.0,,above,greater,0.99,1,82.0,yes,100,27960,0.99,1.0
2025-02-27,KXHIGHAUS-25FEB27-B62.5,KXHIGHAUS-25FEB27,62-64F,62.0,62.0,64.0,between,between,0.01,0,69.0,no,0,366,0.0,0.01
2025-02-27,KXHIGHAUS-25FEB27-T62,KXHIGHAUS-25FEB27,Below 62F,62.0,,62.0,below,less,0.01,0,69.0,no,0,375,0.0,0.01
2025-02-27,KXHIGHAUS-25FEB27-B64.5,KXHIGHAUS-25FEB27,64-66F,64.0,64.0,66.0,between,between,0.01,0,69.0,no,0,17904,0.0,0.01
2025-02-27,KXHIGHAUS-25FEB27-B66.5,KXHIGHAUS-25FEB27,66-68F,66.0,66.0,68.0,between,between,0.01,0,69.0,no,0,32060,0.0,0.01
2025-02-27,KXHIGHAUS-25FEB27-B68.5,KXHIGHAUS-25FEB27,68-70F,68.0,68.0,70.0,between,between,0.99,1,69.0,yes,100,25698,0.99,1.0
2025-02-27,KXHIGHAUS-25FEB27-T69,KXHIGHAUS-25FEB27,Above 69F,69.0,69.0,,above,greater,0.01,0,69.0,no,0,30753,0.0,0.01
2025-02-28,KXHIGHAUS-25FEB28-B68.5,KXHIGHAUS-25FEB28,68-70F,68.0,68.0,70.0,between,between,0.01,0,77.0,no,0,643,0.0,0.01
2025-02-28,KXHIGHAUS-25FEB28-T68,KXHIGHAUS-25FEB28,Below 68F,68.0,,68.0,below,less,0.01,0,77.0,no,0,326,0.0,0.01
2025-02-28,KXHIGHAUS-25FEB28-B70.5,KXHIGHAUS-25FEB28,70-72F,70.0,70.0,72.0,between,between,0.05,0,77.0,no,0,1385,0.0,0.01
2025-02-28,KXHIGHAUS-25FEB28-B72.5,KXHIGHAUS-25FEB28,72-74F,72.0,72.0,74.0,between,between,0.01,0,77.0,no,0,7326,0.0,0.01
2025-02-28,KXHIGHAUS-25FEB28-B74.5,KXHIGHAUS-25FEB28,74-76F,74.0,74.0,76.0,between,between,0.01,0,77.0,no,0,14045,0.0,0.01
2025-02-28,KXHIGHAUS-25FEB28-T75,KXHIGHAUS-25FEB28,Above 75F,75.0,75.0,,above,greater,0.99,1,77.0,yes,100,31991,0.99,1.0
2025-03-01,KXHIGHAUS-25MAR01-T77,KXHIGHAUS-25MAR01,Below 77F,77.0,,77.0,below,less,0.01,0,84.0,no,0,390,0.0,0.01
2025-03-01,KXHIGHAUS-25MAR01-B77.5,KXHIGHAUS-25MAR01,77-79F,77.0,77.0,79.0,between,between,0.01,0,84.0,no,0,752,0.0,0.01
2025-03-01,KXHIGHAUS-25MAR01-B79.5,KXHIGHAUS-25MAR01,79-81F,79.0,79.0,81.0,between,between,0.01,0,84.0,no,0,1067,0.0,0.01
2025-03-01,KXHIGHAUS-25MAR01-B81.5,KXHIGHAUS-25MAR01,81-83F,81.0,81.0,83.0,between,between,0.01,0,84.0,no,0,13972,0.0,0.01
2025-03-01,KXHIGHAUS-25MAR01-B83.5,KXHIGHAUS-25MAR01,83-85F,83.0,83.0,85.0,between,between,0.99,1,84.0,yes,100,22909,0.99,1.0
2025-03-01,KXHIGHAUS-25MAR01-T84,KXHIGHAUS-25MAR01,Above 84F,84.0,84.0,,above,greater,0.01,0,84.0,no,0,33374,0.0,0.01
2025-03-02,KXHIGHAUS-25MAR02-T74,KXHIGHAUS-25MAR02,Below 74F,74.0,,74.0,below,less,0.01,0,81.0,no,0,1404,0.0,0.01
2025-03-02,KXHIGHAUS-25MAR02-B74.5,KXHIGHAUS-25MAR02,74-76F,74.0,74.0,76.0,between,between,0.05,0,81.0,no,0,501,0.0,0.01
2025-03-02,KXHIGHAUS-25MAR02-B76.5,KXHIGHAUS-25MAR02,76-78F,76.0,76.0,78.0,between,between,0.01,0,81.0,no,0,13653,0.0,0.01
2025-03-02,KXHIGHAUS-25MAR02-B78.5,KXHIGHAUS-25MAR02,78-80F,78.0,78.0,80.0,between,between,0.01,0,81.0,no,0,54622,0.0,0.01
2025-03-02,KXHIGHAUS-25MAR02-B80.5,KXHIGHAUS-25MAR02,80-82F,80.0,80.0,82.0,between,between,0.99,1,81.0,yes,100,32119,0.99,1.0
2025-03-02,KXHIGHAUS-25MAR02-T81,KXHIGHAUS-25MAR02,Above 81F,81.0,81.0,,above,greater,0.01,0,81.0,no,0,21477,0.0,0.01
2025-03-03,KXHIGHAUS-25MAR03-B73.5,KXHIGHAUS-25MAR03,73-75F,73.0,73.0,75.0,between,between,0.01,0,79.0,no,0,23982,0.0,0.01
2025-03-03,KXHIGHAUS-25MAR03-T73,KXHIGHAUS-25MAR03,Below 73F,73.0,,73.0,below,less,0.01,0,79.0,no,0,12126,0.0,0.01
2025-03-03,KXHIGHAUS-25MAR03-B75.5,KXHIGHAUS-25MAR03,75-77F,75.0,75.0,77.0,between,between,0.01,0,79.0,no,0,16910,0.0,0.01
2025-03-03,KXHIGHAUS-25MAR03-B77.5,KXHIGHAUS-25MAR03,77-79F,77.0,77.0,79.0,between,between,0.01,0,79.0,no,0,28171,0.0,0.01
2025-03-03,KXHIGHAUS-25MAR03-B79.5,KXHIGHAUS-25MAR03,79-81F,79.0,79.0,81.0,between,between,0.99,1,79.0,yes,100,39006,0.99,1.0
2025-03-03,KXHIGHAUS-25MAR03-T80,KXHIGHAUS-25MAR03,Above 80F,80.0,80.0,,above,greater,0.01,0,79.0,no,0,28640,0.0,0.01
2025-03-04,KXHIGHAUS-25MAR04-T72,KXHIGHAUS-25MAR04,Below 72F,72.0,,72.0,below,less,0.01,0,76.0,no,0,10049,0.0,0.01
2025-03-04,KXHIGHAUS-25MAR04-B72.5,KXHIGHAUS-25MAR04,72-74F,72.0,72.0,74.0,between,between,0.01,0,76.0,no,0,31612,0.0,0.01
2025-03-04,KXHIGHAUS-25MAR04-B74.5,KXHIGHAUS-25MAR04,74-76F,74.0,74.0,76.0,between,between,0.01,0,76.0,no,0,24738,0.0,0.01
2025-03-04,KXHIGHAUS-25MAR04-B76.5,KXHIGHAUS-25MAR04,76-78F,76.0,76.0,78.0,between,between,0.99,1,76.0,yes,100,13324,0.99,1.0
2025-03-04,KXHIGHAUS-25MAR04-B78.5,KXHIGHAUS-25MAR04,78-80F,78.0,78.0,80.0,between,between,0.01,0,76.0,no,0,16616,0.0,0.01
2025-03-04,KXHIGHAUS-25MAR04-T79,KXHIGHAUS-25MAR04,Above 79F,79.0,79.0,,above,greater,0.02,0,76.0,no,0,5905,0.0,0.01
2025-03-05,KXHIGHAUS-25MAR05-B65.5,KXHIGHAUS-25MAR05,65-67F,65.0,65.0,67.0,between,between,0.01,0,72.0,no,0,301,0.0,0.01
2025-03-05,KXHIGHAUS-25MAR05-T65,KXHIGHAUS-25MAR05,Below 65F,65.0,,65.0,below,less,0.01,0,72.0,no,0,207,0.0,0.01
2025-03-05,KXHIGHAUS-25MAR05-B67.5,KXHIGHAUS-25MAR05,67-69F,67.0,67.0,69.0,between,between,0.01,0,72.0,no,0,3685,0.0,0.01
2025-03-05,KXHIGHAUS-25MAR05-B69.5,KXHIGHAUS-25MAR05,69-71F,69.0,69.0,71.0,between,between,0.01,0,72.0,no,0,21713,0.0,0.01
2025-03-05,KXHIGHAUS-25MAR05-B71.5,KXHIGHAUS-25MAR05,71-73F,71.0,71.0,73.0,between,between,0.99,1,72.0,yes,100,17345,0.99,1.0
2025-03-05,KXHIGHAUS-25MAR05-T72,KXHIGHAUS-25MAR05,Above 72F,72.0,72.0,,above,greater,0.01,0,72.0,no,0,26978,0.0,0.01
2025-03-06,KXHIGHAUS-25MAR06-B69.5,KXHIGHAUS-25MAR06,69-71F,69.0,69.0,71.0,between,between,0.01,0,75.0,no,0,5576,0.0,0.01
2025-03-06,KXHIGHAUS-25MAR06-T69,KXHIGHAUS-25MAR06,Below 69F,69.0,,69.0,below,less,0.01,0,75.0,no,0,1750,0.0,0.01
2025-03-06,KXHIGHAUS-25MAR06-B71.5,KXHIGHAUS-25MAR06,71-73F,71.0,71.0,73.0,between,between,0.01,0,75.0,no,0,12635,0.0,0.01
2025-03-06,KXHIGHAUS-25MAR06-B73.5,KXHIGHAUS-25MAR06,73-75F,73.0,73.0,75.0,between,between,0.01,0,75.0,no,0,24821,0.0,0.01
2025-03-06,KXHIGHAUS-25MAR06-B75.5,KXHIGHAUS-25MAR06,75-77F,75.0,75.0,77.0,between,between,0.99,1,75.0,yes,100,24182,0.99,1.0
2025-03-06,KXHIGHAUS-25MAR06-T76,KXHIGHAUS-25MAR06,Above 76F,76.0,76.0,,above,greater,0.01,0,75.0,no,0,26383,0.0,0.01
2025-03-07,KXHIGHAUS-25MAR07-B78.5,KXHIGHAUS-25MAR07,78-80F,78.0,78.0,80.0,between,between,0.01,0,82.0,no,0,3298,0.0,0.01
2025-03-07,KXHIGHAUS-25MAR07-T78,KXHIGHAUS-25MAR07,Below 78F,78.0,,78.0,below,less,0.01,0,82.0,no,0,1008,0.0,0.01
2025-03-07,KXHIGHAUS-25MAR07-B80.5,KXHIGHAUS-25MAR07,80-82F,80.0,80.0,82.0,between,between,0.01,0,82.0,no,0,15324,0.0,0.01
2025-03-07,KXHIGHAUS-25MAR07-B82.5,KXHIGHAUS-25MAR07,82-84F,82.0,82.0,84.0,between,between,0.99,1,82.0,yes,100,46055,0.99,1.0
2025-03-07,KXHIGHAUS-25MAR07-B84.5,KXHIGHAUS-25MAR07,84-86F,84.0,84.0,86.0,between,between,0.01,0,82.0,no,0,31872,0.0,0.01
2025-03-07,KXHIGHAUS-25MAR07-T85,KXHIGHAUS-25MAR07,Above 85F,85.0,85.0,,above,greater,0.01,0,82.0,no,0,22188,0.0,0.01
2025-03-08,KXHIGHAUS-25MAR08-B71.5,KXHIGHAUS-25MAR08,71-73F,71.0,71.0,73.0,between,between,0.01,0,81.0,no,0,6037,0.0,0.01
2025-03-08,KXHIGHAUS-25MAR08-T71,KXHIGHAUS-25MAR08,Below 71F,71.0,,71.0,below,less,0.03,0,81.0,no,0,4066,0.0,0.01
2025-03-08,KXHIGHAUS-25MAR08-B73.5,KXHIGHAUS-25MAR08,73-75F,73.0,73.0,75.0,between,between,0.01,0,81.0,no,0,8561,0.0,0.01
2025-03-08,KXHIGHAUS-25MAR08-B75.5,KXHIGHAUS-25MAR08,75-77F,75.0,75.0,77.0,between,between,0.01,0,81.0,no,0,14942,0.0,0.01
2025-03-08,KXHIGHAUS-25MAR08-B77.5,KXHIGHAUS-25MAR08,77-79F,77.0,77.0,79.0,between,between,0.01,0,81.0,no,0,17377,0.0,0.01
2025-03-08,KXHIGHAUS-25MAR08-T78,KXHIGHAUS-25MAR08,Above 78F,78.0,78.0,,above,greater,0.99,1,81.0,yes,100,50126,0.99,1.0
2025-03-09,KXHIGHAUS-25MAR09-B57.5,KXHIGHAUS-25MAR09,57-59F,57.0,57.0,59.0,between,between,0.01,0,65.0,no,0,10766,0.0,0.01
2025-03-09,KXHIGHAUS-25MAR09-T57,KXHIGHAUS-25MAR09,Below 57F,57.0,,57.0,below,less,0.01,0,65.0,no,0,4036,0.0,0.01
2025-03-09,KXHIGHAUS-25MAR09-B59.5,KXHIGHAUS-25MAR09,59-61F,59.0,59.0,61.0,between,between,0.01,0,65.0,no,0,18923,0.0,0.01
2025-03-09,KXHIGHAUS-25MAR09-B61.5,KXHIGHAUS-25MAR09,61-63F,61.0,61.0,63.0,between,between,0.01,0,65.0,no,0,40115,0.0,0.01
2025-03-09,KXHIGHAUS-25MAR09-B63.5,KXHIGHAUS-25MAR09,63-65F,63.0,63.0,65.0,between,between,0.01,0,65.0,no,0,37265,0.0,0.01
2025-03-09,KXHIGHAUS-25MAR09-T64,KXHIGHAUS-25MAR09,Above 64F,64.0,64.0,,above,greater,0.99,1,65.0,yes,100,75552,0.99,1.0
2025-03-10,KXHIGHAUS-25MAR10-T71,KXHIGHAUS-25MAR10,Below 71F,71.0,,71.0,below,less,0.01,0,78.0,no,0,1182,0.0,0.01
2025-03-10,KXHIGHAUS-25MAR10-B71.5,KXHIGHAUS-25MAR10,71-73F,71.0,71.0,73.0,between,between,0.0,0,78.0,no,0,0,0.0,0.01
2025-03-10,KXHIGHAUS-25MAR10-B73.5,KXHIGHAUS-25MAR10,73-75F,73.0,73.0,75.0,between,between,0.03,0,78.0,no,0,1439,0.0,0.01
2025-03-10,KXHIGHAUS-25MAR10-B75.5,KXHIGHAUS-25MAR10,75-77F,75.0,75.0,77.0,between,between,0.01,0,78.0,no,0,10262,0.0,0.01
2025-03-10,KXHIGHAUS-25MAR10-B77.5,KXHIGHAUS-25MAR10,77-79F,77.0,77.0,79.0,between,between,0.99,1,78.0,yes,100,45593,0.99,1.0
2025-03-10,KXHIGHAUS-25MAR10-T78,KXHIGHAUS-25MAR10,Above 78F,78.0,78.0,,above,greater,0.01,0,78.0,no,0,58290,0.0,0.01
2025-03-11,KXHIGHAUS-25MAR11-T76,KXHIGHAUS-25MAR11,Below 76F,76.0,,76.0,below,less,0.0,0,83.0,no,0,0,0.0,0.01
2025-03-11,KXHIGHAUS-25MAR11-B76.5,KXHIGHAUS-25MAR11,76-78F,76.0,76.0,78.0,between,between,0.01,0,83.0,no,0,325,0.0,0.01
2025-03-11,KXHIGHAUS-25MAR11-B78.5,KXHIGHAUS-25MAR11,78-80F,78.0,78.0,80.0,between,between,0.03,0,83.0,no,0,2594,0.0,0.01
2025-03-11,KXHIGHAUS-25MAR11-B80.5,KXHIGHAUS-25MAR11,80-82F,80.0,80.0,82.0,between,between,0.01,0,83.0,no,0,20324,0.0,0.01
2025-03-11,KXHIGHAUS-25MAR11-B82.5,KXHIGHAUS-25MAR11,82-84F,82.0,82.0,84.0,between,between,0.99,1,83.0,yes,100,22028,0.99,1.0
2025-03-11,KXHIGHAUS-25MAR11-T83,KXHIGHAUS-25MAR11,Above 83F,83.0,83.0,,above,greater,0.01,0,83.0,no,0,51802,0.0,0.01
2025-03-12,KXHIGHAUS-25MAR12-T85,KXHIGHAUS-25MAR12,Below 85F,85.0,,85.0,below,less,0.01,0,89.0,no,0,8559,0.0,0.01
2025-03-12,KXHIGHAUS-25MAR12-B85.5,KXHIGHAUS-25MAR12,85-87F,85.0,85.0,87.0,between,between,0.01,0,89.0,no,0,8159,0.0,0.01
2025-03-12,KXHIGHAUS-25MAR12-B87.5,KXHIGHAUS-25MAR12,87-89F,87.0,87.0,89.0,between,between,0.01,0,89.0,no,0,41233,0.0,0.01
2025-03-12,KXHIGHAUS-25MAR12-B89.5,KXHIGHAUS-25MAR12,89-91F,89.0,89.0,91.0,between,between,0.99,1,89.0,yes,100,30820,0.99,1.0
2025-03-12,KXHIGHAUS-25MAR12-B91.5,KXHIGHAUS-25MAR12,91-93F,91.0,91.0,93.0,between,between,0.01,0,89.0,no,0,35397,0.0,0.01
2025-03-12,KXHIGHAUS-25MAR12-T92,KXHIGHAUS-25MAR12,Above 92F,92.0,92.0,,above,greater,0.01,0,89.0,no,0,24723,0.0,0.01
2025-03-13,KXHIGHAUS-25MAR13-T86,KXHIGHAUS-25MAR13,Below 86F,86.0,,86.0,below,less,0.01,0,92.0,no,0,1116,0.0,0.01
2025-03-13,KXHIGHAUS-25MAR13-B86.5,KXHIGHAUS-25MAR13,86-88F,86.0,86.0,88.0,between,between,0.01,0,92.0,no,0,2289,0.0,0.01
2025-03-13,KXHIGHAUS-25MAR13-B88.5,KXHIGHAUS-25MAR13,88-90F,88.0,88.0,90.0,between,between,0.01,0,92.0,no,0,9260,0.0,0.01
2025-03-13,KXHIGHAUS-25MAR13-B90.5,KXHIGHAUS-25MAR13,90-92F,90.0,90.0,92.0,between,between,0.01,0,92.0,no,0,34926,0.0,0.01
2025-03-13,KXHIGHAUS-25MAR13-B92.5,KXHIGHAUS-25MAR13,92-94F,92.0,92.0,94.0,between,between,0.99,1,92.0,yes,100,39671,0.99,1.0
2025-03-13,KXHIGHAUS-25MAR13-T93,KXHIGHAUS-25MAR13,Above 93F,93.0,93.0,,above,greater,0.01,0,92.0,no,0,14619,0.0,0.01
2025-03-14,KXHIGHAUS-25MAR14-T83,KXHIGHAUS-25MAR14,Below 83F,83.0,,83.0,below,less,0.01,0,97.0,no,0,12,0.0,0.01
2025-03-14,KXHIGHAUS-25MAR14-B83.5,KXHIGHAUS-25MAR14,83-85F,83.0,83.0,85.0,between,between,0.01,0,97.0,no,0,9,0.0,0.01
2025-03-14,KXHIGHAUS-25MAR14-B85.5,KXHIGHAUS-25MAR14,85-87F,85.0,85.0,87.0,between,between,0.01,0,97.0,no,0,629,0.0,0.01
2025-03-14,KXHIGHAUS-25MAR14-B87.5,KXHIGHAUS-25MAR14,87-89F,87.0,87.0,89.0,between,between,0.01,0,97.0,no,0,6748,0.0,0.01
2025-03-14,KXHIGHAUS-25MAR14-B89.5,KXHIGHAUS-25MAR14,89-91F,89.0,89.0,91.0,between,between,0.01,0,97.0,no,0,9648,0.0,0.01
2025-03-14,KXHIGHAUS-25MAR14-T90,KXHIGHAUS-25MAR14,Above 90F,90.0,90.0,,above,greater,0.99,1,97.0,yes,100,16173,0.99,1.0
2025-03-15,KXHIGHAUS-25MAR15-B77.5,KXHIGHAUS-25MAR15,77-79F,77.0,77.0,79.0,between,between,0.99,1,77.0,yes,100,16224,0.99,1.0
2025-03-15,KXHIGHAUS-25MAR15-T77,KXHIGHAUS-25MAR15,Below 77F,77.0,,77.0,below,less,0.01,0,77.0,no,0,7071,0.0,0.01
2025-03-15,KXHIGHAUS-25MAR15-B79.5,KXHIGHAUS-25MAR15,79-81F,79.0,79.0,81.0,between,between,0.01,0,77.0,no,0,9263,0.0,0.01
2025-03-15,KXHIGHAUS-25MAR15-B81.5,KXHIGHAUS-25MAR15,81-83F,81.0,81.0,83.0,between,between,0.01,0,77.0,no,0,7671,0.0,0.01
2025-03-15,KXHIGHAUS-25MAR15-B83.5,KXHIGHAUS-25MAR15,83-85F,83.0,83.0,85.0,between,between,0.01,0,77.0,no,0,2887,0.0,0.01
2025-03-15,KXHIGHAUS-25MAR15-T84,KXHIGHAUS-25MAR15,Above 84F,84.0,84.0,,above,greater,0.03,0,77.0,no,0,5596,0.0,0.01
2025-03-16,KXHIGHAUS-25MAR16-T75,KXHIGHAUS-25MAR16,Below 75F,75.0,,75.0,below,less,0.01,0,81.0,no,0,484,0.0,0.01
2025-03-16,KXHIGHAUS-25MAR16-B75.5,KXHIGHAUS-25MAR16,75-77F,75.0,75.0,77.0,between,between,0.01,0,81.0,no,0,892,0.0,0.01
2025-03-16,KXHIGHAUS-25MAR16-B77.5,KXHIGHAUS-25MAR16,77-79F,77.0,77.0,79.0,between,between,0.01,0,81.0,no,0,12000,0.0,0.01
2025-03-16,KXHIGHAUS-25MAR16-B79.5,KXHIGHAUS-25MAR16,79-81F,79.0,79.0,81.0,between,between,0.01,0,81.0,no,0,12335,0.0,0.01
2025-03-16,KXHIGHAUS-25MAR16-B81.5,KXHIGHAUS-25MAR16,81-83F,81.0,81.0,83.0,between,between,0.99,1,81.0,yes,100,18906,0.99,1.0
2025-03-16,KXHIGHAUS-25MAR16-T82,KXHIGHAUS-25MAR16,Above 82F,82.0,82.0,,above,greater,0.01,0,81.0,no,0,12517,0.0,0.01
2025-03-17,KXHIGHAUS-25MAR17-T80,KXHIGHAUS-25MAR17,Below 80F,80.0,,80.0,below,less,0.01,0,85.0,no,0,1852,0.0,0.01
2025-03-17,KXHIGHAUS-25MAR17-B80.5,KXHIGHAUS-25MAR17,80-82F,80.0,80.0,82.0,between,between,0.01,0,85.0,no,0,9891,0.0,0.01
2025-03-17,KXHIGHAUS-25MAR17-B82.5,KXHIGHAUS-25MAR17,82-84F,82.0,82.0,84.0,between,between,0.01,0,85.0,no,0,33761,0.0,0.01
2025-03-17,KXHIGHAUS-25MAR17-B84.5,KXHIGHAUS-25MAR17,84-86F,84.0,84.0,86.0,between,between,0.99,1,85.0,yes,100,12988,0.99,1.0
2025-03-17,KXHIGHAUS-25MAR17-B86.5,KXHIGHAUS-25MAR17,86-88F,86.0,86.0,88.0,between,between,0.01,0,85.0,no,0,23016,0.0,0.01
2025-03-17,KXHIGHAUS-25MAR17-T87,KXHIGHAUS-25MAR17,Above 87F,87.0,87.0,,above,greater,0.01,0,85.0,no,0,6426,0.0,0.01
2025-03-18,KXHIGHAUS-25MAR18-B82.5,KXHIGHAUS-25MAR18,82-84F,82.0,82.0,84.0,between,between,0.01,0,85.0,no,0,5338,0.0,0.01
2025-03-18,KXHIGHAUS-25MAR18-T82,KXHIGHAUS-25MAR18,Below 82F,82.0,,82.0,below,less,0.01,0,85.0,no,0,1931,0.0,0.01
2025-03-18,KXHIGHAUS-25MAR18-B84.5,KXHIGHAUS-25MAR18,84-86F,84.0,84.0,86.0,between,between,0.99,1,85.0,yes,100,24296,0.99,1.0
2025-03-18,KXHIGHAUS-25MAR18-B86.5,KXHIGHAUS-25MAR18,86-88F,86.0,86.0,88.0,between,between,0.01,0,85.0,no,0,13861,0.0,0.01
2025-03-18,KXHIGHAUS-25MAR18-B88.5,KXHIGHAUS-25MAR18,88-90F,88.0,88.0,90.0,between,between,0.01,0,85.0,no,0,20276,0.0,0.01
2025-03-18,KXHIGHAUS-25MAR18-T89,KXHIGHAUS-25MAR18,Above 89F,89.0,89.0,,above,greater,0.01,0,85.0,no,0,4159,0.0,0.01
2025-03-19,KXHIGHAUS-25MAR19-B77.5,KXHIGHAUS-25MAR19,77-79F,77.0,77.0,79.0,between,between,0.01,0,79.0,no,0,21632,0.0,0.01
2025-03-19,KXHIGHAUS-25MAR19-T77,KXHIGHAUS-25MAR19,Below 77F,77.0,,77.0,below,less,0.01,0,79.0,no,0,7047,0.0,0.01
2025-03-19,KXHIGHAUS-25MAR19-B79.5,KXHIGHAUS-25MAR19,79-81F,79.0,79.0,81.0,between,between,0.99,1,79.0,yes,100,14574,0.99,1.0
2025-03-19,KXHIGHAUS-25MAR19-B81.5,KXHIGHAUS-25MAR19,81-83F,81.0,81.0,83.0,between,between,0.01,0,79.0,no,0,12568,0.0,0.01
2025-03-19,KXHIGHAUS-25MAR19-B83.5,KXHIGHAUS-25MAR19,83-85F,83.0,83.0,85.0,between,between,0.01,0,79.0,no,0,1213,0.0,0.01
2025-03-19,KXHIGHAUS-25MAR19-T84,KXHIGHAUS-25MAR19,Above 84F,84.0,84.0,,above,greater,0.01,0,79.0,no,0,624,0.0,0.01
2025-03-20,KXHIGHAUS-25MAR20-B69.5,KXHIGHAUS-25MAR20,69-71F,69.0,69.0,71.0,between,between,0.01,0,71.0,no,0,90004,0.0,0.01
2025-03-20,KXHIGHAUS-25MAR20-T69,KXHIGHAUS-25MAR20,Below 69F,69.0,,69.0,below,less,0.01,0,71.0,no,0,7985,0.0,0.01
2025-03-20,KXHIGHAUS-25MAR20-B71.5,KXHIGHAUS-25MAR20,71-73F,71.0,71.0,73.0,between,between,0.99,1,71.0,yes,100,20295,0.99,1.0
2025-03-20,KXHIGHAUS-25MAR20-B73.5,KXHIGHAUS-25MAR20,73-75F,73.0,73.0,75.0,between,between,0.01,0,71.0,no,0,9171,0.0,0.01
2025-03-20,KXHIGHAUS-25MAR20-B75.5,KXHIGHAUS-25MAR20,75-77F,75.0,75.0,77.0,between,between,0.01,0,71.0,no,0,1147,0.0,0.01
2025-03-20,KXHIGHAUS-25MAR20-T76,KXHIGHAUS-25MAR20,Above 76F,76.0,76.0,,above,greater,0.01,0,71.0,no,0,742,0.0,0.01
2025-03-21,KXHIGHAUS-25MAR21-T76,KXHIGHAUS-25MAR21,Below 76F,76.0,,76.0,below,less,0.01,0,79.0,no,0,200,0.0,0.01
2025-03-21,KXHIGHAUS-25MAR21-B76.5,KXHIGHAUS-25MAR21,76-78F,76.0,76.0,78.0,between,between,0.01,0,79.0,no,0,5473,0.0,0.01
2025-03-21,KXHIGHAUS-25MAR21-B78.5,KXHIGHAUS-25MAR21,78-80F,78.0,78.0,80.0,between,between,0.99,1,79.0,yes,100,21638,0.99,1.0
2025-03-21,KXHIGHAUS-25MAR21-B80.5,KXHIGHAUS-25MAR21,80-82F,80.0,80.0,82.0,between,between,0.01,0,79.0,no,0,13429,0.0,0.01
2025-03-21,KXHIGHAUS-25MAR21-B82.5,KXHIGHAUS-25MAR21,82-84F,82.0,82.0,84.0,between,between,0.01,0,79.0,no,0,4339,0.0,0.01
2025-03-21,KXHIGHAUS-25MAR21-T83,KXHIGHAUS-25MAR21,Above 83F,83.0,83.0,,above,greater,0.01,0,79.0,no,0,1096,0.0,0.01
2025-03-22,KXHIGHAUS-25MAR22-T83,KXHIGHAUS-25MAR22,Below 83F,83.0,,83.0,below,less,0.01,0,85.0,no,0,7429,0.0,0.01
2025-03-22,KXHIGHAUS-25MAR22-B83.5,KXHIGHAUS-25MAR22,83-85F,83.0,83.0,85.0,between,between,0.01,0,85.0,no,0,21018,0.0,0.01
2025-03-22,KXHIGHAUS-25MAR22-B85.5,KXHIGHAUS-25MAR22,85-87F,85.0,85.0,87.0,between,between,0.99,1,85.0,yes,100,19344,0.99,1.0
2025-03-22,KXHIGHAUS-25MAR22-B87.5,KXHIGHAUS-25MAR22,87-89F,87.0,87.0,89.0,between,between,0.01,0,85.0,no,0,8065,0.0,0.01
2025-03-22,KXHIGHAUS-25MAR22-B89.5,KXHIGHAUS-25MAR22,89-91F,89.0,89.0,91.0,between,between,0.01,0,85.0,no,0,811,0.0,0.01
2025-03-22,KXHIGHAUS-25MAR22-T90,KXHIGHAUS-25MAR22,Above 90F,90.0,90.0,,above,greater,0.01,0,85.0,no,0,300,0.0,0.01
2025-03-23,KXHIGHAUS-25MAR23-T83,KXHIGHAUS-25MAR23,Below 83F,83.0,,83.0,below,less,0.01,0,88.0,no,0,10156,0.0,0.01
2025-03-23,KXHIGHAUS-25MAR23-B83.5,KXHIGHAUS-25MAR23,83-85F,83.0,83.0,85.0,between,between,0.02,0,88.0,no,0,7800,0.0,0.01
2025-03-23,KXHIGHAUS-25MAR23-B85.5,KXHIGHAUS-25MAR23,85-87F,85.0,85.0,87.0,between,between,0.01,0,88.0,no,0,29654,0.0,0.01
2025-03-23,KXHIGHAUS-25MAR23-B87.5,KXHIGHAUS-25MAR23,87-89F,87.0,87.0,89.0,between,between,0.99,1,88.0,yes,100,21453,0.99,1.0
2025-03-23,KXHIGHAUS-25MAR23-B89.5,KXHIGHAUS-25MAR23,89-91F,89.0,89.0,91.0,between,between,0.01,0,88.0,no,0,19046,0.0,0.01
2025-03-23,KXHIGHAUS-25MAR23-T90,KXHIGHAUS-25MAR23,Above 90F,90.0,90.0,,above,greater,0.01,0,88.0,no,0,4718,0.0,0.01
2025-03-24,KXHIGHAUS-25MAR24-T83,KXHIGHAUS-25MAR24,Below 83F,83.0,,83.0,below,less,0.01,0,84.0,no,0,23309,0.0,0.01
2025-03-24,KXHIGHAUS-25MAR24-B83.5,KXHIGHAUS-25MAR24,83-85F,83.0,83.0,85.0,between,between,0.99,1,84.0,yes,100,18965,0.99,1.0
2025-03-24,KXHIGHAUS-25MAR24-B85.5,KXHIGHAUS-25MAR24,85-87F,85.0,85.0,87.0,between,between,0.01,0,84.0,no,0,19063,0.0,0.01
2025-03-24,KXHIGHAUS-25MAR24-B87.5,KXHIGHAUS-25MAR24,87-89F,87.0,87.0,89.0,between,between,0.01,0,84.0,no,0,11781,0.0,0.01
2025-03-24,KXHIGHAUS-25MAR24-B89.5,KXHIGHAUS-25MAR24,89-91F,89.0,89.0,91.0,between,between,0.01,0,84.0,no,0,1029,0.0,0.01
2025-03-24,KXHIGHAUS-25MAR24-T90,KXHIGHAUS-25MAR24,Above 90F,90.0,90.0,,above,greater,0.04,0,84.0,no,0,359,0.0,0.01
2025-03-25,KXHIGHAUS-25MAR25-B88.5,KXHIGHAUS-25MAR25,88-90F,88.0,88.0,90.0,between,between,0.99,1,89.0,yes,100,50425,0.99,1.0
2025-03-25,KXHIGHAUS-25MAR25-T88,KXHIGHAUS-25MAR25,Below 88F,88.0,,88.0,below,less,0.02,0,89.0,no,0,1756,0.0,0.01
2025-03-25,KXHIGHAUS-25MAR25-B90.5,KXHIGHAUS-25MAR25,90-92F,90.0,90.0,92.0,between,between,0.01,0,89.0,no,0,19833,0.0,0.01
2025-03-25,KXHIGHAUS-25MAR25-B92.5,KXHIGHAUS-25MAR25,92-94F,92.0,92.0,94.0,between,between,0.01,0,89.0,no,0,15331,0.0,0.01
2025-03-25,KXHIGHAUS-25MAR25-B94.5,KXHIGHAUS-25MAR25,94-96F,94.0,94.0,96.0,between,between,0.01,0,89.0,no,0,6612,0.0,0.01
2025-03-25,KXHIGHAUS-25MAR25-T95,KXHIGHAUS-25MAR25,Above 95F,95.0,95.0,,above,greater,0.01,0,89.0,no,0,1995,0.0,0.01
2025-03-26,KXHIGHAUS-25MAR26-B82.5,KXHIGHAUS-25MAR26,82-84F,82.0,82.0,84.0,between,between,0.01,0,81.0,no,0,20681,0.0,0.01
2025-03-26,KXHIGHAUS-25MAR26-T82,KXHIGHAUS-25MAR26,Below 82F,82.0,,82.0,below,less,0.99,1,81.0,yes,100,26575,0.99,1.0
2025-03-26,KXHIGHAUS-25MAR26-B84.5,KXHIGHAUS-25MAR26,84-86F,84.0,84.0,86.0,between,between,0.01,0,81.0,no,0,15737,0.0,0.01
2025-03-26,KXHIGHAUS-25MAR26-B86.5,KXHIGHAUS-25MAR26,86-88F,86.0,86.0,88.0,between,between,0.01,0,81.0,no,0,15102,0.0,0.01
2025-03-26,KXHIGHAUS-25MAR26-B88.5,KXHIGHAUS-25MAR26,88-90F,88.0,88.0,90.0,between,between,0.01,0,81.0,no,0,4234,0.0,0.01
2025-03-26,KXHIGHAUS-25MAR26-T89,KXHIGHAUS-25MAR26,Above 89F,89.0,89.0,,above,greater,0.01,0,81.0,no,0,1276,0.0,0.01
2025-03-27,KXHIGHAUS-25MAR27-T67,KXHIGHAUS-25MAR27,Below 67F,67.0,,67.0,below,less,0.01,0,68.0,no,0,14234,0.0,0.01
2025-03-27,KXHIGHAUS-25MAR27-B67.5,KXHIGHAUS-25MAR27,67-69F,67.0,67.0,69.0,between,between,0.98,1,68.0,yes,100,16034,0.96,1.0
2025-03-27,KXHIGHAUS-25MAR27-B69.5,KXHIGHAUS-25MAR27,69-71F,69.0,69.0,71.0,between,between,0.01,0,68.0,no,0,9916,0.0,0.08
2025-03-27,KXHIGHAUS-25MAR27-B71.5,KXHIGHAUS-25MAR27,71-73F,71.0,71.0,73.0,between,between,0.01,0,68.0,no,0,5292,0.0,0.01
2025-03-27,KXHIGHAUS-25MAR27-B73.5,KXHIGHAUS-25MAR27,73-75F,73.0,73.0,75.0,between,between,0.01,0,68.0,no,0,1953,0.0,0.01
2025-03-27,KXHIGHAUS-25MAR27-T74,KXHIGHAUS-25MAR27,Above 74F,74.0,74.0,,above,greater,0.01,0,68.0,no,0,1650,0.0,0.01
2025-03-28,KXHIGHAUS-25MAR28-T71,KXHIGHAUS-25MAR28,Below 71F,71.0,,71.0,below,less,0.01,0,73.0,no,0,17390,0.0,0.01
2025-03-28,KXHIGHAUS-25MAR28-B71.5,KXHIGHAUS-25MAR28,71-73F,71.0,71.0,73.0,between,between,0.01,0,73.0,no,0,41917,0.0,0.01
2025-03-28,KXHIGHAUS-25MAR28-B73.5,KXHIGHAUS-25MAR28,73-75F,73.0,73.0,75.0,between,between,0.99,1,73.0,yes,100,26493,0.99,1.0
2025-03-28,KXHIGHAUS-25MAR28-B75.5,KXHIGHAUS-25MAR28,75-77F,75.0,75.0,77.0,between,between,0.01,0,73.0,no,0,31693,0.0,0.01
2025-03-28,KXHIGHAUS-25MAR28-B77.5,KXHIGHAUS-25MAR28,77-79F,77.0,77.0,79.0,between,between,0.01,0,73.0,no,0,5329,0.0,0.01
2025-03-28,KXHIGHAUS-25MAR28-T78,KXHIGHAUS-25MAR28,Above 78F,78.0,78.0,,above,greater,0.01,0,73.0,no,0,2559,0.0,0.01
2025-03-29,KXHIGHAUS-25MAR29-B81.5,KXHIGHAUS-25MAR29,81-83F,81.0,81.0,83.0,between,between,0.01,0,87.0,no,0,2570,0.0,0.01
2025-03-29,KXHIGHAUS-25MAR29-T81,KXHIGHAUS-25MAR29,Below 81F,81.0,,81.0,below,less,0.01,0,87.0,no,0,1537,0.0,0.01
2025-03-29,KXHIGHAUS-25MAR29-B83.5,KXHIGHAUS-25MAR29,83-85F,83.0,83.0,85.0,between,between,0.01,0,87.0,no,0,12697,0.0,0.01
2025-03-29,KXHIGHAUS-25MAR29-B85.5,KXHIGHAUS-25MAR29,85-87F,85.0,85.0,87.0,between,between,0.01,0,87.0,no,0,28427,0.0,0.01
2025-03-29,KXHIGHAUS-25MAR29-B87.5,KXHIGHAUS-25MAR29,87-89F,87.0,87.0,89.0,between,between,0.99,1,87.0,yes,100,12048,0.99,1.0
2025-03-29,KXHIGHAUS-25MAR29-T88,KXHIGHAUS-25MAR29,Above 88F,88.0,88.0,,above,greater,0.01,0,87.0,no,0,18840,0.0,0.01
2025-03-30,KXHIGHAUS-25MAR30-B82.5,KXHIGHAUS-25MAR30,82-84F,82.0,82.0,84.0,between,between,0.01,0,78.0,no,0,12970,0.0,0.01
2025-03-30,KXHIGHAUS-25MAR30-T82,KXHIGHAUS-25MAR30,Below 82F,82.0,,82.0,below,less,0.99,1,78.0,yes,100,26077,0.99,1.0
2025-03-30,KXHIGHAUS-25MAR30-B84.5,KXHIGHAUS-25MAR30,84-86F,84.0,84.0,86.0,between,between,0.01,0,78.0,no,0,11968,0.0,0.01
2025-03-30,KXHIGHAUS-25MAR30-B86.5,KXHIGHAUS-25MAR30,86-88F,86.0,86.0,88.0,between,between,0.01,0,78.0,no,0,8321,0.0,0.01
2025-03-30,KXHIGHAUS-25MAR30-B88.5,KXHIGHAUS-25MAR30,88-90F,88.0,88.0,90.0,between,between,0.01,0,78.0,no,0,2348,0.0,0.01
2025-03-30,KXHIGHAUS-25MAR30-T89,KXHIGHAUS-25MAR30,Above 89F,89.0,89.0,,above,greater,0.01,0,78.0,no,0,2285,0.0,0.01
2025-03-31,KXHIGHAUS-25MAR31-T79,KXHIGHAUS-25MAR31,Below 79F,79.0,,79.0,below,less,0.99,1,78.0,yes,100,35479,0.99,1.0
2025-03-31,KXHIGHAUS-25MAR31-B79.5,KXHIGHAUS-25MAR31,79-81F,79.0,79.0,81.0,between,between,0.01,0,78.0,no,0,17302,0.0,0.01
2025-03-31,KXHIGHAUS-25MAR31-B81.5,KXHIGHAUS-25MAR31,81-83F,81.0,81.0,83.0,between,between,0.01,0,78.0,no,0,10471,0.0,0.01
2025-03-31,KXHIGHAUS-25MAR31-B83.5,KXHIGHAUS-25MAR31,83-85F,83.0,83.0,85.0,between,between,0.01,0,78.0,no,0,4841,0.0,0.01
2025-03-31,KXHIGHAUS-25MAR31-B85.5,KXHIGHAUS-25MAR31,85-87F,85.0,85.0,87.0,between,between,0.01,0,78.0,no,0,1385,0.0,0.01
2025-03-31,KXHIGHAUS-25MAR31-T86,KXHIGHAUS-25MAR31,Above 86F,86.0,86.0,,above,greater,0.01,0,78.0,no,0,1100,0.0,0.01
2025-04-01,KXHIGHAUS-25APR01-T82,KXHIGHAUS-25APR01,Below 82F,82.0,,82.0,below,less,0.01,0,84.0,no,0,19996,0.0,0.01
2025-04-01,KXHIGHAUS-25APR01-B82.5,KXHIGHAUS-25APR01,82-84F,82.0,82.0,84.0,between,between,0.01,0,84.0,no,0,51266,0.0,0.01
2025-04-01,KXHIGHAUS-25APR01-B84.5,KXHIGHAUS-25APR01,84-86F,84.0,84.0,86.0,between,between,0.99,1,84.0,yes,100,29171,0.99,1.0
2025-04-01,KXHIGHAUS-25APR01-B86.5,KXHIGHAUS-25APR01,86-88F,86.0,86.0,88.0,between,between,0.01,0,84.0,no,0,20716,0.0,0.03
2025-04-01,KXHIGHAUS-25APR01-B88.5,KXHIGHAUS-25APR01,88-90F,88.0,88.0,90.0,between,between,0.01,0,84.0,no,0,5119,0.0,0.01
2025-04-01,KXHIGHAUS-25APR01-T89,KXHIGHAUS-25APR01,Above 89F,89.0,89.0,,above,greater,0.03,0,84.0,no,0,2154,0.0,0.01
2025-04-02,KXHIGHAUS-25APR02-T85,KXHIGHAUS-25APR02,Below 85F,85.0,,85.0,below,less,0.01,0,86.0,no,0,31022,0.0,0.01
2025-04-02,KXHIGHAUS-25APR02-B85.5,KXHIGHAUS-25APR02,85-87F,85.0,85.0,87.0,between,between,0.99,1,86.0,yes,100,35270,0.99,1.0
2025-04-02,KXHIGHAUS-25APR02-B87.5,KXHIGHAUS-25APR02,87-89F,87.0,87.0,89.0,between,between,0.01,0,86.0,no,0,37611,0.0,0.01
2025-04-02,KXHIGHAUS-25APR02-B89.5,KXHIGHAUS-25APR02,89-91F,89.0,89.0,91.0,between,between,0.01,0,86.0,no,0,28655,0.0,0.01
2025-04-02,KXHIGHAUS-25APR02-B91.5,KXHIGHAUS-25APR02,91-93F,91.0,91.0,93.0,between,between,0.01,0,86.0,no,0,5926,0.0,0.01
2025-04-02,KXHIGHAUS-25APR02-T92,KXHIGHAUS-25APR02,Above 92F,92.0,92.0,,above,greater,0.01,0,86.0,no,0,1361,0.0,0.01
2025-04-03,KXHIGHAUS-25APR03-B87.5,KXHIGHAUS-25APR03,87-89F,87.0,87.0,89.0,between,between,0.01,0,91.0,no,0,32504,0.0,0.01
2025-04-03,KXHIGHAUS-25APR03-T87,KXHIGHAUS-25APR03,Below 87F,87.0,,87.0,below,less,0.01,0,91.0,no,0,7743,0.0,0.01
2025-04-03,KXHIGHAUS-25APR03-B89.5,KXHIGHAUS-25APR03,89-91F,89.0,89.0,91.0,between,between,0.01,0,91.0,no,0,30702,0.0,0.01
2025-04-03,KXHIGHAUS-25APR03-B91.5,KXHIGHAUS-25APR03,91-93F,91.0,91.0,93.0,between,between,0.99,1,91.0,yes,100,19811,0.99,1.0
2025-04-03,KXHIGHAUS-25APR03-B93.5,KXHIGHAUS-25APR03,93-95F,93.0,93.0,95.0,between,between,0.01,0,91.0,no,0,15835,0.0,0.01
2025-04-03,KXHIGHAUS-25APR03-T94,KXHIGHAUS-25APR03,Above 94F,94.0,94.0,,above,greater,0.01,0,91.0,no,0,2697,0.0,0.01
2025-04-04,KXHIGHAUS-25APR04-T84,KXHIGHAUS-25APR04,Below 84F,84.0,,84.0,below,less,0.01,0,89.0,no,0,34761,0.0,0.01
2025-04-04,KXHIGHAUS-25APR04-B84.5,KXHIGHAUS-25APR04,84-86F,84.0,84.0,86.0,between,between,0.01,0,89.0,no,0,16888,0.0,0.01
2025-04-04,KXHIGHAUS-25APR04-B86.5,KXHIGHAUS-25APR04,86-88F,86.0,86.0,88.0,between,between,0.01,0,89.0,no,0,24127,0.0,0.01
2025-04-04,KXHIGHAUS-25APR04-B88.5,KXHIGHAUS-25APR04,88-90F,88.0,88.0,90.0,between,between,0.99,1,89.0,yes,100,30334,0.99,1.0
2025-04-04,KXHIGHAUS-25APR04-B90.5,KXHIGHAUS-25APR04,90-92F,90.0,90.0,92.0,between,between,0.01,0,89.0,no,0,47590,0.0,0.01
2025-04-04,KXHIGHAUS-25APR04-T91,KXHIGHAUS-25APR04,Above 91F,91.0,91.0,,above,greater,0.01,0,89.0,no,0,15808,0.0,0.01
2025-04-05,KXHIGHAUS-25APR05-T67,KXHIGHAUS-25APR05,Below 67F,67.0,,67.0,below,less,0.99,1,64.0,yes,100,17880,0.99,1.0
2025-04-05,KXHIGHAUS-25APR05-B67.5,KXHIGHAUS-25APR05,67-69F,67.0,67.0,69.0,between,between,0.01,0,64.0,no,0,4480,0.0,0.01
2025-04-05,KXHIGHAUS-25APR05-B69.5,KXHIGHAUS-25APR05,69-71F,69.0,69.0,71.0,between,between,0.01,0,64.0,no,0,3230,0.0,0.01
2025-04-05,KXHIGHAUS-25APR05-B71.5,KXHIGHAUS-25APR05,71-73F,71.0,71.0,73.0,between,between,0.01,0,64.0,no,0,2481,0.0,0.01
2025-04-05,KXHIGHAUS-25APR05-B73.5,KXHIGHAUS-25APR05,73-75F,73.0,73.0,75.0,between,between,0.01,0,64.0,no,0,2040,0.0,0.01
2025-04-05,KXHIGHAUS-25APR05-T74,KXHIGHAUS-25APR05,Above 74F,74.0,74.0,,above,greater,0.01,0,64.0,no,0,779,0.0,0.01
2025-04-06,KXHIGHAUS-25APR06-B57.5,KXHIGHAUS-25APR06,57-59F,57.0,57.0,59.0,between,between,0.01,0,60.0,no,0,17866,0.0,0.01
2025-04-06,KXHIGHAUS-25APR06-T57,KXHIGHAUS-25APR06,Below 57F,57.0,,57.0,below,less,0.01,0,60.0,no,0,13541,0.0,0.01
2025-04-06,KXHIGHAUS-25APR06-B59.5,KXHIGHAUS-25APR06,59-61F,59.0,59.0,61.0,between,between,0.99,1,60.0,yes,100,11103,0.99,1.0
2025-04-06,KXHIGHAUS-25APR06-B61.5,KXHIGHAUS-25APR06,61-63F,61.0,61.0,63.0,between,between,0.01,0,60.0,no,0,7441,0.0,0.01
2025-04-06,KXHIGHAUS-25APR06-B63.5,KXHIGHAUS-25APR06,63-65F,63.0,63.0,65.0,between,between,0.01,0,60.0,no,0,2176,0.0,0.01
2025-04-06,KXHIGHAUS-25APR06-T64,KXHIGHAUS-25APR06,Above 64F,64.0,64.0,,above,greater,0.01,0,60.0,no,0,367,0.0,0.01
2025-04-07,KXHIGHAUS-25APR07-B68.5,KXHIGHAUS-25APR07,68-70F,68.0,68.0,70.0,between,between,0.01,0,72.0,no,0,9870,0.0,0.01
2025-04-07,KXHIGHAUS-25APR07-T68,KXHIGHAUS-25APR07,Below 68F,68.0,,68.0,below,less,0.01,0,72.0,no,0,4143,0.0,0.01
2025-04-07,KXHIGHAUS-25APR07-B70.5,KXHIGHAUS-25APR07,70-72F,70.0,70.0,72.0,between,between,0.01,0,72.0,no,0,14294,0.0,0.01
2025-04-07,KXHIGHAUS-25APR07-B72.5,KXHIGHAUS-25APR07,72-74F,72.0,72.0,74.0,between,between,0.99,1,72.0,yes,100,17421,0.99,1.0
2025-04-07,KXHIGHAUS-25APR07-B74.5,KXHIGHAUS-25APR07,74-76F,74.0,74.0,76.0,between,between,0.01,0,72.0,no,0,5232,0.0,0.01
2025-04-07,KXHIGHAUS-25APR07-T75,KXHIGHAUS-25APR07,Above 75F,75.0,75.0,,above,greater,0.02,0,72.0,no,0,703,0.0,0.01
2025-04-08,KXHIGHAUS-25APR08-T75,KXHIGHAUS-25APR08,Below 75F,75.0,,75.0,below,less,0.01,0,78.0,no,0,993,0.0,0.01
2025-04-08,KXHIGHAUS-25APR08-B75.5,KXHIGHAUS-25APR08,75-77F,75.0,75.0,77.0,between,between,0.01,0,78.0,no,0,6223,0.0,0.01
2025-04-08,KXHIGHAUS-25APR08-B77.5,KXHIGHAUS-25APR08,77-79F,77.0,77.0,79.0,between,between,0.99,1,78.0,yes,100,25399,0.99,1.0
2025-04-08,KXHIGHAUS-25APR08-B79.5,KXHIGHAUS-25APR08,79-81F,79.0,79.0,81.0,between,between,0.01,0,78.0,no,0,27233,0.0,0.01
2025-04-08,KXHIGHAUS-25APR08-B81.5,KXHIGHAUS-25APR08,81-83F,81.0,81.0,83.0,between,between,0.01,0,78.0,no,0,5968,0.0,0.01
2025-04-08,KXHIGHAUS-25APR08-T82,KXHIGHAUS-25APR08,Above 82F,82.0,82.0,,above,greater,0.01,0,78.0,no,0,1437,0.0,0.01
2025-04-09,KXHIGHAUS-25APR09-B83.5,KXHIGHAUS-25APR09,83-85F,83.0,83.0,85.0,between,between,0.01,0,85.0,no,0,16621,0.0,0.01
2025-04-09,KXHIGHAUS-25APR09-T83,KXHIGHAUS-25APR09,Below 83F,83.0,,83.0,below,less,0.01,0,85.0,no,0,5690,0.0,0.01
2025-04-09,KXHIGHAUS-25APR09-B85.5,KXHIGHAUS-25APR09,85-87F,85.0,85.0,87.0,between,between,0.99,1,85.0,yes,100,13150,0.99,1.0
2025-04-09,KXHIGHAUS-25APR09-B87.5,KXHIGHAUS-25APR09,87-89F,87.0,87.0,89.0,between,between,0.01,0,85.0,no,0,13827,0.0,0.01
2025-04-09,KXHIGHAUS-25APR09-B89.5,KXHIGHAUS-25APR09,89-91F,89.0,89.0,91.0,between,between,0.01,0,85.0,no,0,5129,0.0,0.01
2025-04-09,KXHIGHAUS-25APR09-T90,KXHIGHAUS-25APR09,Above 90F,90.0,90.0,,above,greater,0.01,0,85.0,no,0,1538,0.0,0.01
2025-04-10,KXHIGHAUS-25APR10-T88,KXHIGHAUS-25APR10,Below 88F,88.0,,88.0,below,less,0.01,0,89.0,no,0,24438,0.0,0.01
2025-04-10,KXHIGHAUS-25APR10-B88.5,KXHIGHAUS-25APR10,88-90F,88.0,88.0,90.0,between,between,0.99,1,89.0,yes,100,45265,0.99,1.0
2025-04-10,KXHIGHAUS-25APR10-B90.5,KXHIGHAUS-25APR10,90-92F,90.0,90.0,92.0,between,between,0.01,0,89.0,no,0,34910,0.0,0.01
2025-04-10,KXHIGHAUS-25APR10-B92.5,KXHIGHAUS-25APR10,92-94F,92.0,92.0,94.0,between,between,0.01,0,89.0,no,0,8965,0.0,0.01
2025-04-10,KXHIGHAUS-25APR10-B94.5,KXHIGHAUS-25APR10,94-96F,94.0,94.0,96.0,between,between,0.01,0,89.0,no,0,849,0.0,0.01
2025-04-10,KXHIGHAUS-25APR10-T95,KXHIGHAUS-25APR10,Above 95F,95.0,95.0,,above,greater,0.01,0,89.0,no,0,462,0.0,0.01
2025-04-11,KXHIGHAUS-25APR11-B83.5,KXHIGHAUS-25APR11,83-85F,83.0,83.0,85.0,between,between,0.01,0,89.0,no,0,1174,0.0,0.01
2025-04-11,KXHIGHAUS-25APR11-T83,KXHIGHAUS-25APR11,Below 83F,83.0,,83.0,below,less,0.01,0,89.0,no,0,59,0.0,0.01
2025-04-11,KXHIGHAUS-25APR11-B85.5,KXHIGHAUS-25APR11,85-87F,85.0,85.0,87.0,between,between,0.01,0,89.0,no,0,13518,0.0,0.01
2025-04-11,KXHIGHAUS-25APR11-B87.5,KXHIGHAUS-25APR11,87-89F,87.0,87.0,89.0,between,between,0.01,0,89.0,no,0,25241,0.0,0.01
2025-04-11,KXHIGHAUS-25APR11-B89.5,KXHIGHAUS-25APR11,89-91F,89.0,89.0,91.0,between,between,0.99,1,89.0,yes,100,15124,0.99,1.0
2025-04-11,KXHIGHAUS-25APR11-T90,KXHIGHAUS-25APR11,Above 90F,90.0,90.0,,above,greater,0.01,0,89.0,no,0,6834,0.0,0.01
2025-04-12,KXHIGHAUS-25APR12-T86,KXHIGHAUS-25APR12,Below 86F,86.0,,86.0,below,less,0.02,0,89.0,no,0,193,0.0,0.01
2025-04-12,KXHIGHAUS-25APR12-B86.5,KXHIGHAUS-25APR12,86-88F,86.0,86.0,88.0,between,between,0.01,0,89.0,no,0,7278,0.0,0.01
2025-04-12,KXHIGHAUS-25APR12-B88.5,KXHIGHAUS-25APR12,88-90F,88.0,88.0,90.0,between,between,0.99,1,89.0,yes,100,18475,0.99,1.0
2025-04-12,KXHIGHAUS-25APR12-B90.5,KXHIGHAUS-25APR12,90-92F,90.0,90.0,92.0,between,between,0.06,0,89.0,no,0,19137,0.0,0.01
2025-04-12,KXHIGHAUS-25APR12-B92.5,KXHIGHAUS-25APR12,92-94F,92.0,92.0,94.0,between,between,0.06,0,89.0,no,0,4533,0.0,0.01
2025-04-12,KXHIGHAUS-25APR12-T93,KXHIGHAUS-25APR12,Above 93F,93.0,93.0,,above,greater,0.03,0,89.0,no,0,618,0.0,0.01
2025-04-13,KXHIGHAUS-25APR13-T90,KXHIGHAUS-25APR13,Below 90F,90.0,,90.0,below,less,0.01,0,91.0,no,0,8855,0.0,0.01
2025-04-13,KXHIGHAUS-25APR13-B90.5,KXHIGHAUS-25APR13,90-92F,90.0,90.0,92.0,between,between,0.99,1,91.0,yes,100,23393,0.99,1.0
2025-04-13,KXHIGHAUS-25APR13-B92.5,KXHIGHAUS-25APR13,92-94F,92.0,92.0,94.0,between,between,0.01,0,91.0,no,0,14371,0.0,0.01
2025-04-13,KXHIGHAUS-25APR13-B94.5,KXHIGHAUS-25APR13,94-96F,94.0,94.0,96.0,between,between,0.01,0,91.0,no,0,4201,0.0,0.01
2025-04-13,KXHIGHAUS-25APR13-B96.5,KXHIGHAUS-25APR13,96-98F,96.0,96.0,98.0,between,between,0.01,0,91.0,no,0,1234,0.0,0.01
2025-04-13,KXHIGHAUS-25APR13-T97,KXHIGHAUS-25APR13,Above 97F,97.0,97.0,,above,greater,0.01,0,91.0,no,0,312,0.0,0.01
2025-04-14,KXHIGHAUS-25APR14-T88,KXHIGHAUS-25APR14,Below 88F,88.0,,88.0,below,less,0.03,0,91.0,no,0,2520,0.0,0.01
2025-04-14,KXHIGHAUS-25APR14-B88.5,KXHIGHAUS-25APR14,88-90F,88.0,88.0,90.0,between,between,0.01,0,91.0,no,0,14754,0.0,0.01
2025-04-14,KXHIGHAUS-25APR14-B90.5,KXHIGHAUS-25APR14,90-92F,90.0,90.0,92.0,between,between,0.99,1,91.0,yes,100,19716,0.99,1.0
2025-04-14,KXHIGHAUS-25APR14-B92.5,KXHIGHAUS-25APR14,92-94F,92.0,92.0,94.0,between,between,0.01,0,91.0,no,0,14573,0.0,0.01
2025-04-14,KXHIGHAUS-25APR14-B94.5,KXHIGHAUS-25APR14,94-96F,94.0,94.0,96.0,between,between,0.01,0,91.0,no,0,2070,0.0,0.01
2025-04-14,KXHIGHAUS-25APR14-T95,KXHIGHAUS-25APR14,Above 95F,95.0,95.0,,above,greater,0.01,0,91.0,no,0,446,0.0,0.01
2025-04-15,KXHIGHAUS-25APR15-T80,KXHIGHAUS-25APR15,Below 80F,80.0,,80.0,below,less,0.01,0,83.0,no,0,14738,0.0,0.01
2025-04-15,KXHIGHAUS-25APR15-B80.5,KXHIGHAUS-25APR15,80-82F,80.0,80.0,82.0,between,between,0.01,0,83.0,no,0,29265,0.0,0.01
2025-04-15,KXHIGHAUS-25APR15-B82.5,KXHIGHAUS-25APR15,82-84F,82.0,82.0,84.0,between,between,0.99,1,83.0,yes,100,15741,0.99,1.0
2025-04-15,KXHIGHAUS-25APR15-B84.5,KXHIGHAUS-25APR15,84-86F,84.0,84.0,86.0,between,between,0.01,0,83.0,no,0,10332,0.0,0.01
2025-04-15,KXHIGHAUS-25APR15-B86.5,KXHIGHAUS-25APR15,86-88F,86.0,86.0,88.0,between,between,0.01,0,83.0,no,0,575,0.0,0.01
2025-04-15,KXHIGHAUS-25APR15-T87,KXHIGHAUS-25APR15,Above 87F,87.0,87.0,,above,greater,0.01,0,83.0,no,0,771,0.0,0.01
2025-04-16,KXHIGHAUS-25APR16-B84.5,KXHIGHAUS-25APR16,84-86F,84.0,84.0,86.0,between,between,0.99,1,85.0,yes,100,18568,0.99,1.0
2025-04-16,KXHIGHAUS-25APR16-T84,KXHIGHAUS-25APR16,Below 84F,84.0,,84.0,below,less,0.01,0,85.0,no,0,10920,0.0,0.01
2025-04-16,KXHIGHAUS-25APR16-B86.5,KXHIGHAUS-25APR16,86-88F,86.0,86.0,88.0,between,between,0.01,0,85.0,no,0,19987,0.0,0.01
2025-04-16,KXHIGHAUS-25APR16-B88.5,KXHIGHAUS-25APR16,88-90F,88.0,88.0,90.0,between,between,0.02,0,85.0,no,0,4512,0.0,0.01
2025-04-16,KXHIGHAUS-25APR16-B90.5,KXHIGHAUS-25APR16,90-92F,90.0,90.0,92.0,between,between,0.01,0,85.0,no,0,4195,0.0,0.01
2025-04-16,KXHIGHAUS-25APR16-T91,KXHIGHAUS-25APR16,Above 91F,91.0,91.0,,above,greater,0.01,0,85.0,no,0,138,0.0,0.01
2025-04-17,KXHIGHAUS-25APR17-T88,KXHIGHAUS-25APR17,Below 88F,88.0,,88.0,below,less,0.01,0,89.0,no,0,40368,0.0,0.01
2025-04-17,KXHIGHAUS-25APR17-B88.5,KXHIGHAUS-25APR17,88-90F,88.0,88.0,90.0,between,between,0.99,1,89.0,yes,100,17509,0.99,1.0
2025-04-17,KXHIGHAUS-25APR17-B90.5,KXHIGHAUS-25APR17,90-92F,90.0,90.0,92.0,between,between,0.01,0,89.0,no,0,7654,0.0,0.01
2025-04-17,KXHIGHAUS-25APR17-B92.5,KXHIGHAUS-25APR17,92-94F,92.0,92.0,94.0,between,between,0.01,0,89.0,no,0,1092,0.0,0.01
2025-04-17,KXHIGHAUS-25APR17-B94.5,KXHIGHAUS-25APR17,94-96F,94.0,94.0,96.0,between,between,0.01,0,89.0,no,0,154,0.0,0.01
2025-04-17,KXHIGHAUS-25APR17-T95,KXHIGHAUS-25APR17,Above 95F,95.0,95.0,,above,greater,0.01,0,89.0,no,0,4,0.0,0.01
2025-04-18,KXHIGHAUS-25APR18-T88,KXHIGHAUS-25APR18,Below 88F,88.0,,88.0,below,less,0.01,0,91.0,no,0,5474,0.0,0.01
2025-04-18,KXHIGHAUS-25APR18-B88.5,KXHIGHAUS-25APR18,88-90F,88.0,88.0,90.0,between,between,0.01,0,91.0,no,0,13051,0.0,0.01
2025-04-18,KXHIGHAUS-25APR18-B90.5,KXHIGHAUS-25APR18,90-92F,90.0,90.0,92.0,between,between,0.99,1,91.0,yes,100,22868,0.99,1.0
2025-04-18,KXHIGHAUS-25APR18-B92.5,KXHIGHAUS-25APR18,92-94F,92.0,92.0,94.0,between,between,0.01,0,91.0,no,0,13748,0.0,0.01
2025-04-18,KXHIGHAUS-25APR18-B94.5,KXHIGHAUS-25APR18,94-96F,94.0,94.0,96.0,between,between,0.01,0,91.0,no,0,1942,0.0,0.01
2025-04-18,KXHIGHAUS-25APR18-T95,KXHIGHAUS-25APR18,Above 95F,95.0,95.0,,above,greater,0.03,0,91.0,no,0,733,0.0,0.01
2025-04-19,KXHIGHAUS-25APR19-T83,KXHIGHAUS-25APR19,Below 83F,83.0,,83.0,below,less,0.01,0,85.0,no,0,11064,0.0,0.01
2025-04-19,KXHIGHAUS-25APR19-B83.5,KXHIGHAUS-25APR19,83-85F,83.0,83.0,85.0,between,between,0.01,0,85.0,no,0,26302,0.0,0.01
2025-04-19,KXHIGHAUS-25APR19-B85.5,KXHIGHAUS-25APR19,85-87F,85.0,85.0,87.0,between,between,0.99,1,85.0,yes,100,14751,0.99,1.0
2025-04-19,KXHIGHAUS-25APR19-B87.5,KXHIGHAUS-25APR19,87-89F,87.0,87.0,89.0,between,between,0.01,0,85.0,no,0,5294,0.0,0.01
2025-04-19,KXHIGHAUS-25APR19-B89.5,KXHIGHAUS-25APR19,89-91F,89.0,89.0,91.0,between,between,0.02,0,85.0,no,0,2932,0.0,0.01
2025-04-19,KXHIGHAUS-25APR19-T90,KXHIGHAUS-25APR19,Above 90F,90.0,90.0,,above,greater,0.04,0,85.0,no,0,667,0.0,0.01
2025-04-20,KXHIGHAUS-25APR20-T77,KXHIGHAUS-25APR20,Below 77F,77.0,,77.0,below,less,0.03,0,87.0,no,0,709,0.0,0.01
2025-04-20,KXHIGHAUS-25APR20-B77.5,KXHIGHAUS-25APR20,77-79F,77.0,77.0,79.0,between,between,0.01,0,87.0,no,0,2503,0.0,0.01
2025-04-20,KXHIGHAUS-25APR20-B79.5,KXHIGHAUS-25APR20,79-81F,79.0,79.0,81.0,between,between,0.01,0,87.0,no,0,6649,0.0,0.01
2025-04-20,KXHIGHAUS-25APR20-B81.5,KXHIGHAUS-25APR20,81-83F,81.0,81.0,83.0,between,between,0.01,0,87.0,no,0,10044,0.0,0.01
2025-04-20,KXHIGHAUS-25APR20-B83.5,KXHIGHAUS-25APR20,83-85F,83.0,83.0,85.0,between,between,0.01,0,87.0,no,0,17232,0.0,0.01
2025-04-20,KXHIGHAUS-25APR20-T84,KXHIGHAUS-25APR20,Above 84F,84.0,84.0,,above,greater,0.99,1,87.0,yes,100,15321,0.99,1.0
2025-04-21,KXHIGHAUS-25APR21-T84,KXHIGHAUS-25APR21,Below 84F,84.0,,84.0,below,less,0.01,0,89.0,no,0,636,0.0,0.01
2025-04-21,KXHIGHAUS-25APR21-B84.5,KXHIGHAUS-25APR21,84-86F,84.0,84.0,86.0,between,between,0.01,0,89.0,no,0,4200,0.0,0.01
2025-04-21,KXHIGHAUS-25APR21-B86.5,KXHIGHAUS-25APR21,86-88F,86.0,86.0,88.0,between,between,0.01,0,89.0,no,0,14487,0.0,0.01
2025-04-21,KXHIGHAUS-25APR21-B88.5,KXHIGHAUS-25APR21,88-90F,88.0,88.0,90.0,between,between,0.99,1,89.0,yes,100,11906,0.99,1.0
2025-04-21,KXHIGHAUS-25APR21-B90.5,KXHIGHAUS-25APR21,90-92F,90.0,90.0,92.0,between,between,0.01,0,89.0,no,0,13390,0.0,0.01
2025-04-21,KXHIGHAUS-25APR21-T91,KXHIGHAUS-25APR21,Above 91F,91.0,91.0,,above,greater,0.01,0,89.0,no,0,2845,0.0,0.01
2025-04-22,KXHIGHAUS-25APR22-B85.5,KXHIGHAUS-25APR22,85-87F,85.0,85.0,87.0,between,between,0.01,0,88.0,no,0,15381,0.0,0.01
2025-04-22,KXHIGHAUS-25APR22-T85,KXHIGHAUS-25APR22,Below 85F,85.0,,85.0,below,less,0.01,0,88.0,no,0,7085,0.0,0.01
2025-04-22,KXHIGHAUS-25APR22-B87.5,KXHIGHAUS-25APR22,87-89F,87.0,87.0,89.0,between,between,0.99,1,88.0,yes,100,14936,0.99,1.0
2025-04-22,KXHIGHAUS-25APR22-B89.5,KXHIGHAUS-25APR22,89-91F,89.0,89.0,91.0,between,between,0.01,0,88.0,no,0,16013,0.0,0.01
2025-04-22,KXHIGHAUS-25APR22-B91.5,KXHIGHAUS-25APR22,91-93F,91.0,91.0,93.0,between,between,0.01,0,88.0,no,0,6248,0.0,0.01
2025-04-22,KXHIGHAUS-25APR22-T92,KXHIGHAUS-25APR22,Above 92F,92.0,92.0,,above,greater,0.04,0,88.0,no,0,773,0.0,0.01
2025-04-23,KXHIGHAUS-25APR23-T81,KXHIGHAUS-25APR23,Below 81F,81.0,,81.0,below,less,0.01,0,86.0,no,0,10226,0.0,0.01
2025-04-23,KXHIGHAUS-25APR23-B81.5,KXHIGHAUS-25APR23,81-83F,81.0,81.0,83.0,between,between,0.01,0,86.0,no,0,7846,0.0,0.01
2025-04-23,KXHIGHAUS-25APR23-B83.5,KXHIGHAUS-25APR23,83-85F,83.0,83.0,85.0,between,between,0.01,0,86.0,no,0,23383,0.0,0.01
2025-04-23,KXHIGHAUS-25APR23-B85.5,KXHIGHAUS-25APR23,85-87F,85.0,85.0,87.0,between,between,0.99,1,86.0,yes,100,13068,0.99,1.0
2025-04-23,KXHIGHAUS-25APR23-B87.5,KXHIGHAUS-25APR23,87-89F,87.0,87.0,89.0,between,between,0.01,0,86.0,no,0,9262,0.0,0.01
2025-04-23,KXHIGHAUS-25APR23-T88,KXHIGHAUS-25APR23,Above 88F,88.0,88.0,,above,greater,0.01,0,86.0,no,0,1916,0.0,0.01
2025-04-24,KXHIGHAUS-25APR24-B83.5,KXHIGHAUS-25APR24,83-85F,83.0,83.0,85.0,between,between,0.01,0,87.0,no,0,5659,0.0,0.01
2025-04-24,KXHIGHAUS-25APR24-T83,KXHIGHAUS-25APR24,Below 83F,83.0,,83.0,below,less,0.01,0,87.0,no,0,6428,0.0,0.01
2025-04-24,KXHIGHAUS-25APR24-B85.5,KXHIGHAUS-25APR24,85-87F,85.0,85.0,87.0,between,between,0.01,0,87.0,no,0,22540,0.0,0.01
2025-04-24,KXHIGHAUS-25APR24-B87.5,KXHIGHAUS-25APR24,87-89F,87.0,87.0,89.0,between,between,0.99,1,87.0,yes,100,7417,0.99,1.0
2025-04-24,KXHIGHAUS-25APR24-B89.5,KXHIGHAUS-25APR24,89-91F,89.0,89.0,91.0,between,between,0.01,0,87.0,no,0,5274,0.0,0.01
2025-04-24,KXHIGHAUS-25APR24-T90,KXHIGHAUS-25APR24,Above 90F,90.0,90.0,,above,greater,0.01,0,87.0,no,0,634,0.0,0.01
2025-04-25,KXHIGHAUS-25APR25-T84,KXHIGHAUS-25APR25,Below 84F,84.0,,84.0,below,less,0.01,0,87.0,no,0,11962,0.0,0.01
2025-04-25,KXHIGHAUS-25APR25-B84.5,KXHIGHAUS-25APR25,84-86F,84.0,84.0,86.0,between,between,0.01,0,87.0,no,0,8608,0.0,0.01
2025-04-25,KXHIGHAUS-25APR25-B86.5,KXHIGHAUS-25APR25,86-88F,86.0,86.0,88.0,between,between,0.99,1,87.0,yes,100,14286,0.99,1.0
2025-04-25,KXHIGHAUS-25APR25-B88.5,KXHIGHAUS-25APR25,88-90F,88.0,88.0,90.0,between,between,0.01,0,87.0,no,0,19580,0.0,0.01
2025-04-25,KXHIGHAUS-25APR25-B90.5,KXHIGHAUS-25APR25,90-92F,90.0,90.0,92.0,between,between,0.01,0,87.0,no,0,4539,0.0,0.01
2025-04-25,KXHIGHAUS-25APR25-T91,KXHIGHAUS-25APR25,Above 91F,91.0,91.0,,above,greater,0.01,0,87.0,no,0,628,0.0,0.01
2025-04-26,KXHIGHAUS-25APR26-T84,KXHIGHAUS-25APR26,Below 84F,84.0,,84.0,below,less,0.01,0,85.0,no,0,2381,0.0,0.01
2025-04-26,KXHIGHAUS-25APR26-B84.5,KXHIGHAUS-25APR26,84-86F,84.0,84.0,86.0,between,between,0.99,1,85.0,yes,100,10710,0.99,1.0
2025-04-26,KXHIGHAUS-25APR26-B86.5,KXHIGHAUS-25APR26,86-88F,86.0,86.0,88.0,between,between,0.01,0,85.0,no,0,7643,0.0,0.01
2025-04-26,KXHIGHAUS-25APR26-B88.5,KXHIGHAUS-25APR26,88-90F,88.0,88.0,90.0,between,between,0.01,0,85.0,no,0,9433,0.0,0.01
2025-04-26,KXHIGHAUS-25APR26-B90.5,KXHIGHAUS-25APR26,90-92F,90.0,90.0,92.0,between,between,0.01,0,85.0,no,0,2750,0.0,0.01
2025-04-26,KXHIGHAUS-25APR26-T91,KXHIGHAUS-25APR26,Above 91F,91.0,91.0,,above,greater,0.03,0,85.0,no,0,9,0.0,0.01
2025-04-27,KXHIGHAUS-25APR27-T87,KXHIGHAUS-25APR27,Below 87F,87.0,,87.0,below,less,0.99,1,85.0,yes,100,10059,0.0,1.0
2025-04-27,KXHIGHAUS-25APR27-B87.5,KXHIGHAUS-25APR27,87-89F,87.0,87.0,89.0,between,between,0.01,0,85.0,no,0,9666,0.0,1.0
2025-04-27,KXHIGHAUS-25APR27-B89.5,KXHIGHAUS-25APR27,89-91F,89.0,89.0,91.0,between,between,0.01,0,85.0,no,0,10821,0.0,1.0
2025-04-27,KXHIGHAUS-25APR27-B91.5,KXHIGHAUS-25APR27,91-93F,91.0,91.0,93.0,between,between,0.15,0,85.0,no,0,4408,0.0,1.0
2025-04-27,KXHIGHAUS-25APR27-B93.5,KXHIGHAUS-25APR27,93-95F,93.0,93.0,95.0,between,between,0.01,0,85.0,no,0,312,0.0,1.0
2025-04-27,KXHIGHAUS-25APR27-T94,KXHIGHAUS-25APR27,Above 94F,94.0,94.0,,above,greater,0.0,0,85.0,no,0,0,0.0,1.0
2025-04-28,KXHIGHAUS-25APR28-T86,KXHIGHAUS-25APR28,Below 86F,86.0,,86.0,below,less,0.01,0,86.0,no,0,40778,0.0,1.0
2025-04-28,KXHIGHAUS-25APR28-B86.5,KXHIGHAUS-25APR28,86-88F,86.0,86.0,88.0,between,between,0.99,1,86.0,yes,100,18788,0.0,1.0
2025-04-28,KXHIGHAUS-25APR28-B88.5,KXHIGHAUS-25APR28,88-90F,88.0,88.0,90.0,between,between,0.01,0,86.0,no,0,10311,0.0,1.0
2025-04-28,KXHIGHAUS-25APR28-B90.5,KXHIGHAUS-25APR28,90-92F,90.0,90.0,92.0,between,between,0.01,0,86.0,no,0,6235,0.0,1.0
2025-04-28,KXHIGHAUS-25APR28-B92.5,KXHIGHAUS-25APR28,92-94F,92.0,92.0,94.0,between,between,0.03,0,86.0,no,0,1918,0.0,1.0
2025-04-28,KXHIGHAUS-25APR28-T93,KXHIGHAUS-25APR28,Above 93F,93.0,93.0,,above,greater,0.01,0,86.0,no,0,250,0.0,1.0
2025-04-29,KXHIGHAUS-25APR29-T85,KXHIGHAUS-25APR29,Below 85F,85.0,,85.0,below,less,0.02,0,87.0,no,0,820,0.0,1.0
2025-04-29,KXHIGHAUS-25APR29-B85.5,KXHIGHAUS-25APR29,85-87F,85.0,85.0,87.0,between,between,0.01,0,87.0,no,0,6961,0.0,1.0
2025-04-29,KXHIGHAUS-25APR29-B87.5,KXHIGHAUS-25APR29,87-89F,87.0,87.0,89.0,between,between,0.99,1,87.0,yes,100,13552,0.0,1.0
2025-04-29,KXHIGHAUS-25APR29-B89.5,KXHIGHAUS-25APR29,89-91F,89.0,89.0,91.0,between,between,0.01,0,87.0,no,0,13561,0.0,1.0
2025-04-29,KXHIGHAUS-25APR29-B91.5,KXHIGHAUS-25APR29,91-93F,91.0,91.0,93.0,between,between,0.01,0,87.0,no,0,4368,0.0,1.0
2025-04-29,KXHIGHAUS-25APR29-T92,KXHIGHAUS-25APR29,Above 92F,92.0,92.0,,above,greater,0.01,0,87.0,no,0,1407,0.0,1.0
2025-04-30,KXHIGHAUS-25APR30-T84,KXHIGHAUS-25APR30,Below 84F,84.0,,84.0,below,less,0.01,0,88.0,no,0,6344,0.0,1.0
2025-04-30,KXHIGHAUS-25APR30-B84.5,KXHIGHAUS-25APR30,84-86F,84.0,84.0,86.0,between,between,0.01,0,88.0,no,0,9159,0.0,1.0
2025-04-30,KXHIGHAUS-25APR30-B86.5,KXHIGHAUS-25APR30,86-88F,86.0,86.0,88.0,between,between,0.01,0,88.0,no,0,12895,0.0,1.0
2025-04-30,KXHIGHAUS-25APR30-B88.5,KXHIGHAUS-25APR30,88-90F,88.0,88.0,90.0,between,between,0.99,1,88.0,yes,100,20110,0.0,1.0
2025-04-30,KXHIGHAUS-25APR30-B90.5,KXHIGHAUS-25APR30,90-92F,90.0,90.0,92.0,between,between,0.01,0,88.0,no,0,8571,0.0,1.0
2025-04-30,KXHIGHAUS-25APR30-T91,KXHIGHAUS-25APR30,Above 91F,91.0,91.0,,above,greater,0.01,0,88.0,no,0,6041,0.0,1.0
2025-05-01,KXHIGHAUS-25MAY01-T90,KXHIGHAUS-25MAY01,Below 90F,90.0,,90.0,below,less,0.01,0,92.0,no,0,8041,0.0,1.0
2025-05-01,KXHIGHAUS-25MAY01-B90.5,KXHIGHAUS-25MAY01,90-92F,90.0,90.0,92.0,between,between,0.01,0,92.0,no,0,14570,0.0,1.0
2025-05-01,KXHIGHAUS-25MAY01-B92.5,KXHIGHAUS-25MAY01,92-94F,92.0,92.0,94.0,between,between,0.99,1,92.0,yes,100,13770,0.0,1.0
2025-05-01,KXHIGHAUS-25MAY01-B94.5,KXHIGHAUS-25MAY01,94-96F,94.0,94.0,96.0,between,between,0.01,0,92.0,no,0,10609,0.0,1.0
2025-05-01,KXHIGHAUS-25MAY01-B96.5,KXHIGHAUS-25MAY01,96-98F,96.0,96.0,98.0,between,between,0.01,0,92.0,no,0,55,0.0,1.0
2025-05-01,KXHIGHAUS-25MAY01-T97,KXHIGHAUS-25MAY01,Above 97F,97.0,97.0,,above,greater,0.0,0,92.0,no,0,0,0.0,1.0
2025-05-02,KXHIGHAUS-25MAY02-T81,KXHIGHAUS-25MAY02,Below 81F,81.0,,81.0,below,less,0.01,0,88.0,no,0,43128,0.0,1.0
2025-05-02,KXHIGHAUS-25MAY02-B81.5,KXHIGHAUS-25MAY02,81-83F,81.0,81.0,83.0,between,between,0.01,0,88.0,no,0,9861,0.0,1.0
2025-05-02,KXHIGHAUS-25MAY02-B83.5,KXHIGHAUS-25MAY02,83-85F,83.0,83.0,85.0,between,between,0.01,0,88.0,no,0,15368,0.0,1.0
2025-05-02,KXHIGHAUS-25MAY02-B85.5,KXHIGHAUS-25MAY02,85-87F,85.0,85.0,87.0,between,between,0.01,0,88.0,no,0,30071,0.0,1.0
2025-05-02,KXHIGHAUS-25MAY02-B87.5,KXHIGHAUS-25MAY02,87-89F,87.0,87.0,89.0,between,between,0.99,1,88.0,yes,100,18753,0.0,1.0
2025-05-02,KXHIGHAUS-25MAY02-T88,KXHIGHAUS-25MAY02,Above 88F,88.0,88.0,,above,greater,0.01,0,88.0,no,0,11596,0.0,1.0
2025-05-03,KXHIGHAUS-25MAY03-T77,KXHIGHAUS-25MAY03,Below 77F,77.0,,77.0,below,less,0.02,0,81.0,no,0,1665,0.0,1.0
2025-05-03,KXHIGHAUS-25MAY03-B77.5,KXHIGHAUS-25MAY03,77-79F,77.0,77.0,79.0,between,between,0.01,0,81.0,no,0,7760,0.0,1.0
2025-05-03,KXHIGHAUS-25MAY03-B79.5,KXHIGHAUS-25MAY03,79-81F,79.0,79.0,81.0,between,between,0.01,0,81.0,no,0,8718,0.0,1.0
2025-05-03,KXHIGHAUS-25MAY03-B81.5,KXHIGHAUS-25MAY03,81-83F,81.0,81.0,83.0,between,between,0.99,1,81.0,yes,100,6461,0.0,1.0
2025-05-03,KXHIGHAUS-25MAY03-B83.5,KXHIGHAUS-25MAY03,83-85F,83.0,83.0,85.0,between,between,0.01,0,81.0,no,0,19222,0.0,1.0
2025-05-03,KXHIGHAUS-25MAY03-T84,KXHIGHAUS-25MAY03,Above 84F,84.0,84.0,,above,greater,0.01,0,81.0,no,0,1127,0.0,1.0
2025-05-04,KXHIGHAUS-25MAY04-T78,KXHIGHAUS-25MAY04,Below 78F,78.0,,78.0,below,less,0.01,0,85.0,no,0,57,0.0,1.0
2025-05-04,KXHIGHAUS-25MAY04-B78.5,KXHIGHAUS-25MAY04,78-80F,78.0,78.0,80.0,between,between,0.03,0,85.0,no,0,818,0.0,1.0
2025-05-04,KXHIGHAUS-25MAY04-B80.5,KXHIGHAUS-25MAY04,80-82F,80.0,80.0,82.0,between,between,0.01,0,85.0,no,0,19185,0.0,1.0
2025-05-04,KXHIGHAUS-25MAY04-B82.5,KXHIGHAUS-25MAY04,82-84F,82.0,82.0,84.0,between,between,0.01,0,85.0,no,0,17316,0.0,1.0
2025-05-04,KXHIGHAUS-25MAY04-B84.5,KXHIGHAUS-25MAY04,84-86F,84.0,84.0,86.0,between,between,0.99,1,85.0,yes,100,17939,0.0,1.0
2025-05-04,KXHIGHAUS-25MAY04-T85,KXHIGHAUS-25MAY04,Above 85F,85.0,85.0,,above,greater,0.01,0,85.0,no,0,12278,0.0,1.0
2025-05-05,KXHIGHAUS-25MAY05-B73.5,KXHIGHAUS-25MAY05,73-75F,73.0,73.0,75.0,between,between,0.01,0,76.0,no,0,20058,0.0,1.0
2025-05-05,KXHIGHAUS-25MAY05-T73,KXHIGHAUS-25MAY05,Below 73F,73.0,,73.0,below,less,0.01,0,76.0,no,0,11547,0.0,1.0
2025-05-05,KXHIGHAUS-25MAY05-B75.5,KXHIGHAUS-25MAY05,75-77F,75.0,75.0,77.0,between,between,0.99,1,76.0,yes,100,7904,0.0,1.0
2025-05-05,KXHIGHAUS-25MAY05-B77.5,KXHIGHAUS-25MAY05,77-79F,77.0,77.0,79.0,between,between,0.02,0,76.0,no,0,6140,0.0,1.0
2025-05-05,KXHIGHAUS-25MAY05-B79.5,KXHIGHAUS-25MAY05,79-81F,79.0,79.0,81.0,between,between,0.01,0,76.0,no,0,5662,0.0,1.0
2025-05-05,KXHIGHAUS-25MAY05-T80,KXHIGHAUS-25MAY05,Above 80F,80.0,80.0,,above,greater,0.01,0,76.0,no,0,4165,0.0,1.0
2025-05-06,KXHIGHAUS-25MAY06-T82,KXHIGHAUS-25MAY06,Below 82F,82.0,,82.0,below,less,0.01,0,89.0,no,0,5778,0.0,1.0
2025-05-06,KXHIGHAUS-25MAY06-B82.5,KXHIGHAUS-25MAY06,82-84F,82.0,82.0,84.0,between,between,0.01,0,89.0,no,0,11406,0.0,1.0
2025-05-06,KXHIGHAUS-25MAY06-B84.5,KXHIGHAUS-25MAY06,84-86F,84.0,84.0,86.0,between,between,0.01,0,89.0,no,0,8049,0.0,1.0
2025-05-06,KXHIGHAUS-25MAY06-B86.5,KXHIGHAUS-25MAY06,86-88F,86.0,86.0,88.0,between,between,0.01,0,89.0,no,0,9162,0.0,1.0
2025-05-06,KXHIGHAUS-25MAY06-B88.5,KXHIGHAUS-25MAY06,88-90F,88.0,88.0,90.0,between,between,0.99,1,89.0,yes,100,24916,0.0,1.0
2025-05-06,KXHIGHAUS-25MAY06-T89,KXHIGHAUS-25MAY06,Above 89F,89.0,89.0,,above,greater,0.01,0,89.0,no,0,22438,0.0,1.0
2025-05-07,KXHIGHAUS-25MAY07-B83.5,KXHIGHAUS-25MAY07,83-85F,83.0,83.0,85.0,between,between,0.01,0,82.0,no,0,11839,0.0,1.0
2025-05-07,KXHIGHAUS-25MAY07-T83,KXHIGHAUS-25MAY07,Below 83F,83.0,,83.0,below,less,0.99,1,82.0,yes,100,32784,0.0,1.0
2025-05-07,KXHIGHAUS-25MAY07-B85.5,KXHIGHAUS-25MAY07,85-87F,85.0,85.0,87.0,between,between,0.01,0,82.0,no,0,7194,0.0,1.0
2025-05-07,KXHIGHAUS-25MAY07-B87.5,KXHIGHAUS-25MAY07,87-89F,87.0,87.0,89.0,between,between,0.01,0,82.0,no,0,8608,0.0,1.0
2025-05-07,KXHIGHAUS-25MAY07-B89.5,KXHIGHAUS-25MAY07,89-91F,89.0,89.0,91.0,between,between,0.1,0,82.0,no,0,1715,0.0,1.0
2025-05-07,KXHIGHAUS-25MAY07-T90,KXHIGHAUS-25MAY07,Above 90F,90.0,90.0,,above,greater,0.04,0,82.0,no,0,531,0.0,1.0
2025-05-08,KXHIGHAUS-25MAY08-B83.5,KXHIGHAUS-25MAY08,83-85F,83.0,83.0,85.0,between,between,0.01,0,85.0,no,0,12196,0.0,1.0
2025-05-08,KXHIGHAUS-25MAY08-T83,KXHIGHAUS-25MAY08,Below 83F,83.0,,83.0,below,less,0.01,0,85.0,no,0,8899,0.0,1.0
2025-05-08,KXHIGHAUS-25MAY08-B85.5,KXHIGHAUS-25MAY08,85-87F,85.0,85.0,87.0,between,between,0.99,1,85.0,yes,100,8370,0.0,1.0
2025-05-08,KXHIGHAUS-25MAY08-B87.5,KXHIGHAUS-25MAY08,87-89F,87.0,87.0,89.0,between,between,0.01,0,85.0,no,0,4721,0.0,1.0
2025-05-08,KXHIGHAUS-25MAY08-B89.5,KXHIGHAUS-25MAY08,89-91F,89.0,89.0,91.0,between,between,0.01,0,85.0,no,0,851,0.0,1.0
2025-05-08,KXHIGHAUS-25MAY08-T90,KXHIGHAUS-25MAY08,Above 90F,90.0,90.0,,above,greater,0.02,0,85.0,no,0,30,0.0,1.0
2025-05-09,KXHIGHAUS-25MAY09-T80,KXHIGHAUS-25MAY09,Below 80F,80.0,,80.0,below,less,0.01,0,83.0,no,0,3188,0.0,1.0
2025-05-09,KXHIGHAUS-25MAY09-B80.5,KXHIGHAUS-25MAY09,80-82F,80.0,80.0,82.0,between,between,0.01,0,83.0,no,0,14497,0.0,1.0
2025-05-09,KXHIGHAUS-25MAY09-B82.5,KXHIGHAUS-25MAY09,82-84F,82.0,82.0,84.0,between,between,0.99,1,83.0,yes,100,11217,0.0,1.0
2025-05-09,KXHIGHAUS-25MAY09-B84.5,KXHIGHAUS-25MAY09,84-86F,84.0,84.0,86.0,between,between,0.01,0,83.0,no,0,3230,0.0,1.0
2025-05-09,KXHIGHAUS-25MAY09-B86.5,KXHIGHAUS-25MAY09,86-88F,86.0,86.0,88.0,between,between,0.01,0,83.0,no,0,1075,0.0,1.0
2025-05-09,KXHIGHAUS-25MAY09-T87,KXHIGHAUS-25MAY09,Above 87F,87.0,87.0,,above,greater,0.01,0,83.0,no,0,259,0.0,1.0
2025-05-10,KXHIGHAUS-25MAY10-B77.5,KXHIGHAUS-25MAY10,77-79F,77.0,77.0,79.0,between,between,0.01,0,81.0,no,0,1067,0.0,1.0
2025-05-10,KXHIGHAUS-25MAY10-T77,KXHIGHAUS-25MAY10,Below 77F,77.0,,77.0,below,less,0.01,0,81.0,no,0,244,0.0,1.0
2025-05-10,KXHIGHAUS-25MAY10-B79.5,KXHIGHAUS-25MAY10,79-81F,79.0,79.0,81.0,between,between,0.01,0,81.0,no,0,5080,0.0,1.0
2025-05-10,KXHIGHAUS-25MAY10-B81.5,KXHIGHAUS-25MAY10,81-83F,81.0,81.0,83.0,between,between,0.99,1,81.0,yes,100,14027,0.0,1.0
2025-05-10,KXHIGHAUS-25MAY10-B83.5,KXHIGHAUS-25MAY10,83-85F,83.0,83.0,85.0,between,between,0.01,0,81.0,no,0,9879,0.0,1.0
2025-05-10,KXHIGHAUS-25MAY10-T84,KXHIGHAUS-25MAY10,Above 84F,84.0,84.0,,above,greater,0.01,0,81.0,no,0,2688,0.0,1.0
2025-05-11,KXHIGHAUS-25MAY11-B81.5,KXHIGHAUS-25MAY11,81-83F,81.0,81.0,83.0,between,between,0.01,0,84.0,no,0,4757,0.0,1.0
2025-05-11,KXHIGHAUS-25MAY11-T81,KXHIGHAUS-25MAY11,Below 81F,81.0,,81.0,below,less,0.02,0,84.0,no,0,1000,0.0,1.0
2025-05-11,KXHIGHAUS-25MAY11-B83.5,KXHIGHAUS-25MAY11,83-85F,83.0,83.0,85.0,between,between,0.99,1,84.0,yes,100,11308,0.0,1.0
2025-05-11,KXHIGHAUS-25MAY11-B85.5,KXHIGHAUS-25MAY11,85-87F,85.0,85.0,87.0,between,between,0.01,0,84.0,no,0,7399,0.0,1.0
2025-05-11,KXHIGHAUS-25MAY11-B87.5,KXHIGHAUS-25MAY11,87-89F,87.0,87.0,89.0,between,between,0.01,0,84.0,no,0,688,0.0,1.0
2025-05-11,KXHIGHAUS-25MAY11-T88,KXHIGHAUS-25MAY11,Above 88F,88.0,88.0,,above,greater,0.01,0,84.0,no,0,994,0.0,1.0
2025-05-12,KXHIGHAUS-25MAY12-T89,KXHIGHAUS-25MAY12,Below 89F,89.0,,89.0,below,less,0.01,0,93.0,no,0,1974,0.0,1.0
2025-05-12,KXHIGHAUS-25MAY12-B89.5,KXHIGHAUS-25MAY12,89-91F,89.0,89.0,91.0,between,between,0.01,0,93.0,no,0,11740,0.0,1.0
2025-05-12,KXHIGHAUS-25MAY12-B91.5,KXHIGHAUS-25MAY12,91-93F,91.0,91.0,93.0,between,between,0.01,0,93.0,no,0,19537,0.0,1.0
2025-05-12,KXHIGHAUS-25MAY12-B93.5,KXHIGHAUS-25MAY12,93-95F,93.0,93.0,95.0,between,between,0.99,1,93.0,yes,100,16401,0.0,1.0
2025-05-12,KXHIGHAUS-25MAY12-B95.5,KXHIGHAUS-25MAY12,95-97F,95.0,95.0,97.0,between,between,0.01,0,93.0,no,0,2088,0.0,1.0
2025-05-12,KXHIGHAUS-25MAY12-T96,KXHIGHAUS-25MAY12,Above 96F,96.0,96.0,,above,greater,0.04,0,93.0,no,0,15,0.0,1.0
2025-05-13,KXHIGHAUS-25MAY13-B100.5,KXHIGHAUS-25MAY13,100-102F,100.0,100.0,102.0,between,between,0.99,1,100.0,yes,100,12618,0.0,1.0
2025-05-13,KXHIGHAUS-25MAY13-T100,KXHIGHAUS-25MAY13,Below 100F,100.0,,100.0,below,less,0.01,0,100.0,no,0,29301,0.0,1.0
2025-05-13,KXHIGHAUS-25MAY13-B102.5,KXHIGHAUS-25MAY13,102-104F,102.0,102.0,104.0,between,between,0.01,0,100.0,no,0,14769,0.0,1.0
2025-05-13,KXHIGHAUS-25MAY13-B104.5,KXHIGHAUS-25MAY13,104-106F,104.0,104.0,106.0,between,between,0.04,0,100.0,no,0,9524,0.0,1.0
2025-05-13,KXHIGHAUS-25MAY13-B106.5,KXHIGHAUS-25MAY13,106-108F,106.0,106.0,108.0,between,between,0.01,0,100.0,no,0,6165,0.0,1.0
2025-05-13,KXHIGHAUS-25MAY13-T107,KXHIGHAUS-25MAY13,Above 107F,107.0,107.0,,above,greater,0.06,0,100.0,no,0,121,0.0,1.0
2025-05-14,KXHIGHAUS-25MAY14-B104.5,KXHIGHAUS-25MAY14,104-106F,104.0,104.0,106.0,between,between,0.01,0,100.0,no,0,6091,0.0,1.0
2025-05-14,KXHIGHAUS-25MAY14-T104,KXHIGHAUS-25MAY14,Below 104F,104.0,,104.0,below,less,0.99,1,100.0,yes,100,11893,0.0,1.0
2025-05-14,KXHIGHAUS-25MAY14-B106.5,KXHIGHAUS-25MAY14,106-108F,106.0,106.0,108.0,between,between,0.01,0,100.0,no,0,1737,0.0,1.0
2025-05-14,KXHIGHAUS-25MAY14-B108.5,KXHIGHAUS-25MAY14,108-110F,108.0,108.0,110.0,between,between,0.01,0,100.0,no,0,400,0.0,1.0
2025-05-14,KXHIGHAUS-25MAY14-B110.5,KXHIGHAUS-25MAY14,110-112F,110.0,110.0,112.0,between,between,0.04,0,100.0,no,0,16,0.0,1.0
2025-05-14,KXHIGHAUS-25MAY14-T111,KXHIGHAUS-25MAY14,Above 111F,111.0,111.0,,above,greater,0.04,0,100.0,no,0,16,0.0,1.0
2025-05-15,KXHIGHAUS-25MAY15-T99,KXHIGHAUS-25MAY15,Below 99F,99.0,,99.0,below,less,0.01,0,99.0,no,0,26356,0.0,1.0
2025-05-15,KXHIGHAUS-25MAY15-B99.5,KXHIGHAUS-25MAY15,99-101F,99.0,99.0,101.0,between,between,0.99,1,99.0,yes,100,14716,0.0,1.0
2025-05-15,KXHIGHAUS-25MAY15-B101.5,KXHIGHAUS-25MAY15,101-103F,101.0,101.0,103.0,between,between,0.01,0,99.0,no,0,6071,0.0,1.0
2025-05-15,KXHIGHAUS-25MAY15-B103.5,KXHIGHAUS-25MAY15,103-105F,103.0,103.0,105.0,between,between,0.01,0,99.0,no,0,808,0.0,1.0
2025-05-15,KXHIGHAUS-25MAY15-B105.5,KXHIGHAUS-25MAY15,105-107F,105.0,105.0,107.0,between,between,0.01,0,99.0,no,0,197,0.0,1.0
2025-05-15,KXHIGHAUS-25MAY15-T106,KXHIGHAUS-25MAY15,Above 106F,106.0,106.0,,above,greater,0.01,0,99.0,no,0,200,0.0,1.0
2025-05-16,KXHIGHAUS-25MAY16-T97,KXHIGHAUS-25MAY16,Below 97F,97.0,,97.0,below,less,0.01,0,97.0,no,0,9025,0.0,1.0
2025-05-16,KXHIGHAUS-25MAY16-B97.5,KXHIGHAUS-25MAY16,97-99F,97.0,97.0,99.0,between,between,0.96,1,97.0,yes,100,16947,0.0,1.0
2025-05-16,KXHIGHAUS-25MAY16-B99.5,KXHIGHAUS-25MAY16,99-101F,99.0,99.0,101.0,between,between,0.01,0,97.0,no,0,7103,0.0,1.0
2025-05-16,KXHIGHAUS-25MAY16-B101.5,KXHIGHAUS-25MAY16,101-103F,101.0,101.0,103.0,between,between,0.02,0,97.0,no,0,2568,0.0,1.0
2025-05-16,KXHIGHAUS-25MAY16-B103.5,KXHIGHAUS-25MAY16,103-105F,103.0,103.0,105.0,between,between,0.01,0,97.0,no,0,158,0.0,1.0
2025-05-16,KXHIGHAUS-25MAY16-T104,KXHIGHAUS-25MAY16,Above 104F,104.0,104.0,,above,greater,0.0,0,97.0,no,0,0,0.0,1.0
2025-05-17,KXHIGHAUS-25MAY17-T96,KXHIGHAUS-25MAY17,Below 96F,96.0,,96.0,below,less,0.01,0,97.0,no,0,16712,0.0,1.0
2025-05-17,KXHIGHAUS-25MAY17-B96.5,KXHIGHAUS-25MAY17,96-98F,96.0,96.0,98.0,between,between,0.99,1,97.0,yes,100,7560,0.0,1.0
2025-05-17,KXHIGHAUS-25MAY17-B98.5,KXHIGHAUS-25MAY17,98-100F,98.0,98.0,100.0,between,between,0.01,0,97.0,no,0,8103,0.0,1.0
2025-05-17,KXHIGHAUS-25MAY17-B100.5,KXHIGHAUS-25MAY17,100-102F,100.0,100.0,102.0,between,between,0.01,0,97.0,no,0,2698,0.0,1.0
2025-05-17,KXHIGHAUS-25MAY17-B102.5,KXHIGHAUS-25MAY17,102-104F,102.0,102.0,104.0,between,between,0.01,0,97.0,no,0,3,0.0,1.0
2025-05-17,KXHIGHAUS-25MAY17-T103,KXHIGHAUS-25MAY17,Above 103F,103.0,103.0,,above,greater,0.0,0,97.0,no,0,0,0.0,1.0
2025-05-18,KXHIGHAUS-25MAY18-T95,KXHIGHAUS-25MAY18,Below 95F,95.0,,95.0,below,less,0.99,1,92.0,yes,100,19046,0.0,1.0
2025-05-18,KXHIGHAUS-25MAY18-B95.5,KXHIGHAUS-25MAY18,95-97F,95.0,95.0,97.0,between,between,0.01,0,92.0,no,0,7073,0.0,1.0
2025-05-18,KXHIGHAUS-25MAY18-B97.5,KXHIGHAUS-25MAY18,97-99F,97.0,97.0,99.0,between,between,0.01,0,92.0,no,0,4196,0.0,1.0
2025-05-18,KXHIGHAUS-25MAY18-B99.5,KXHIGHAUS-25MAY18,99-101F,99.0,99.0,101.0,between,between,0.01,0,92.0,no,0,1408,0.0,1.0
2025-05-18,KXHIGHAUS-25MAY18-B101.5,KXHIGHAUS-25MAY18,101-103F,101.0,101.0,103.0,between,between,0.0,0,92.0,no,0,0,0.0,1.0
2025-05-18,KXHIGHAUS-25MAY18-T102,KXHIGHAUS-25MAY18,Above 102F,102.0,102.0,,above,greater,0.0,0,92.0,no,0,0,0.0,1.0
2025-05-19,KXHIGHAUS-25MAY19-B94.5,KXHIGHAUS-25MAY19,94-96F,94.0,94.0,96.0,between,between,0.01,0,88.0,no,0,8033,0.0,1.0
2025-05-19,KXHIGHAUS-25MAY19-T94,KXHIGHAUS-25MAY19,Below 94F,94.0,,94.0,below,less,0.99,1,88.0,yes,100,20801,0.0,1.0
2025-05-19,KXHIGHAUS-25MAY19-B96.5,KXHIGHAUS-25MAY19,96-98F,96.0,96.0,98.0,between,between,0.01,0,88.0,no,0,5288,0.0,1.0
2025-05-19,KXHIGHAUS-25MAY19-B98.5,KXHIGHAUS-25MAY19,98-100F,98.0,98.0,100.0,between,between,0.01,0,88.0,no,0,2651,0.0,1.0
2025-05-19,KXHIGHAUS-25MAY19-B100.5,KXHIGHAUS-25MAY19,100-102F,100.0,100.0,102.0,between,between,0.01,0,88.0,no,0,402,0.0,1.0
2025-05-19,KXHIGHAUS-25MAY19-T101,KXHIGHAUS-25MAY19,Above 101F,101.0,101.0,,above,greater,0.07,0,88.0,no,0,136,0.0,1.0
2025-05-20,KXHIGHAUS-25MAY20-T93,KXHIGHAUS-25MAY20,Below 93F,93.0,,93.0,below,less,0.01,0,97.0,no,0,67950,0.0,1.0
2025-05-20,KXHIGHAUS-25MAY20-B93.5,KXHIGHAUS-25MAY20,93-95F,93.0,93.0,95.0,between,between,0.01,0,97.0,no,0,21959,0.0,1.0
2025-05-20,KXHIGHAUS-25MAY20-B95.5,KXHIGHAUS-25MAY20,95-97F,95.0,95.0,97.0,between,between,0.01,0,97.0,no,0,40568,0.0,1.0
2025-05-20,KXHIGHAUS-25MAY20-B97.5,KXHIGHAUS-25MAY20,97-99F,97.0,97.0,99.0,between,between,0.99,1,97.0,yes,100,24638,0.0,1.0
2025-05-20,KXHIGHAUS-25MAY20-B99.5,KXHIGHAUS-25MAY20,99-101F,99.0,99.0,101.0,between,between,0.01,0,97.0,no,0,4977,0.0,1.0
2025-05-20,KXHIGHAUS-25MAY20-T100,KXHIGHAUS-25MAY20,Above 100F,100.0,100.0,,above,greater,0.04,0,97.0,no,0,586,0.0,1.0
2025-05-21,KXHIGHAUS-25MAY21-T95,KXHIGHAUS-25MAY21,Below 95F,95.0,,95.0,below,less,0.99,1,94.0,yes,100,20288,0.0,1.0
2025-05-21,KXHIGHAUS-25MAY21-B95.5,KXHIGHAUS-25MAY21,95-97F,95.0,95.0,97.0,between,between,0.01,0,94.0,no,0,12786,0.0,1.0
2025-05-21,KXHIGHAUS-25MAY21-B97.5,KXHIGHAUS-25MAY21,97-99F,97.0,97.0,99.0,between,between,0.01,0,94.0,no,0,12468,0.0,1.0
2025-05-21,KXHIGHAUS-25MAY21-B99.5,KXHIGHAUS-25MAY21,99-101F,99.0,99.0,101.0,between,between,0.03,0,94.0,no,0,2436,0.0,1.0
2025-05-21,KXHIGHAUS-25MAY21-B101.5,KXHIGHAUS-25MAY21,101-103F,101.0,101.0,103.0,between,between,0.03,0,94.0,no,0,93,0.0,1.0
2025-05-21,KXHIGHAUS-25MAY21-T102,KXHIGHAUS-25MAY21,Above 102F,102.0,102.0,,above,greater,0.0,0,94.0,no,0,0,0.0,1.0
2025-05-22,KXHIGHAUS-25MAY22-T96,KXHIGHAUS-25MAY22,Below 96F,96.0,,96.0,below,less,0.01,0,98.0,no,0,9830,0.0,1.0
2025-05-22,KXHIGHAUS-25MAY22-B96.5,KXHIGHAUS-25MAY22,96-98F,96.0,96.0,98.0,between,between,0.01,0,98.0,no,0,20941,0.0,1.0
2025-05-22,KXHIGHAUS-25MAY22-B98.5,KXHIGHAUS-25MAY22,98-100F,98.0,98.0,100.0,between,between,0.99,1,98.0,yes,100,9823,0.0,1.0
2025-05-22,KXHIGHAUS-25MAY22-B100.5,KXHIGHAUS-25MAY22,100-102F,100.0,100.0,102.0,between,between,0.01,0,98.0,no,0,8725,0.0,1.0
2025-05-22,KXHIGHAUS-25MAY22-B102.5,KXHIGHAUS-25MAY22,102-104F,102.0,102.0,104.0,between,between,0.01,0,98.0,no,0,2442,0.0,1.0
2025-05-22,KXHIGHAUS-25MAY22-T103,KXHIGHAUS-25MAY22,Above 103F,103.0,103.0,,above,greater,0.01,0,98.0,no,0,27,0.0,1.0
2025-05-23,KXHIGHAUS-25MAY23-T95,KXHIGHAUS-25MAY23,Below 95F,95.0,,95.0,below,less,0.01,0,96.0,no,0,12063,0.0,1.0
2025-05-23,KXHIGHAUS-25MAY23-B95.5,KXHIGHAUS-25MAY23,95-97F,95.0,95.0,97.0,between,between,0.99,1,96.0,yes,100,14202,0.0,1.0
2025-05-23,KXHIGHAUS-25MAY23-B97.5,KXHIGHAUS-25MAY23,97-99F,97.0,97.0,99.0,between,between,0.01,0,96.0,no,0,14678,0.0,1.0
2025-05-23,KXHIGHAUS-25MAY23-B99.5,KXHIGHAUS-25MAY23,99-101F,99.0,99.0,101.0,between,between,0.01,0,96.0,no,0,4245,0.0,1.0
2025-05-23,KXHIGHAUS-25MAY23-B101.5,KXHIGHAUS-25MAY23,101-103F,101.0,101.0,103.0,between,between,0.01,0,96.0,no,0,289,0.0,1.0
2025-05-23,KXHIGHAUS-25MAY23-T102,KXHIGHAUS-25MAY23,Above 102F,102.0,102.0,,above,greater,0.03,0,96.0,no,0,47,0.0,1.0
2025-05-24,KXHIGHAUS-25MAY24-B97.5,KXHIGHAUS-25MAY24,97-99F,97.0,97.0,99.0,between,between,0.99,1,98.0,yes,100,11279,0.0,1.0
2025-05-24,KXHIGHAUS-25MAY24-T97,KXHIGHAUS-25MAY24,Below 97F,97.0,,97.0,below,less,0.01,0,98.0,no,0,9401,0.0,1.0
2025-05-24,KXHIGHAUS-25MAY24-B99.5,KXHIGHAUS-25MAY24,99-101F,99.0,99.0,101.0,between,between,0.01,0,98.0,no,0,14093,0.0,1.0
2025-05-24,KXHIGHAUS-25MAY24-B101.5,KXHIGHAUS-25MAY24,101-103F,101.0,101.0,103.0,between,between,0.01,0,98.0,no,0,1315,0.0,1.0
2025-05-24,KXHIGHAUS-25MAY24-B103.5,KXHIGHAUS-25MAY24,103-105F,103.0,103.0,105.0,between,between,0.04,0,98.0,no,0,372,0.0,1.0
2025-05-24,KXHIGHAUS-25MAY24-T104,KXHIGHAUS-25MAY24,Above 104F,104.0,104.0,,above,greater,0.0,0,98.0,no,0,0,0.0,1.0
2025-05-25,KXHIGHAUS-25MAY25-T95,KXHIGHAUS-25MAY25,Below 95F,95.0,,95.0,below,less,0.01,0,97.0,no,0,4504,0.0,1.0
2025-05-25,KXHIGHAUS-25MAY25-B95.5,KXHIGHAUS-25MAY25,95-97F,95.0,95.0,97.0,between,between,0.01,0,97.0,no,0,8741,0.0,1.0
2025-05-25,KXHIGHAUS-25MAY25-B97.5,KXHIGHAUS-25MAY25,97-99F,97.0,97.0,99.0,between,between,0.99,1,97.0,yes,100,11428,0.0,1.0
2025-05-25,KXHIGHAUS-25MAY25-B99.5,KXHIGHAUS-25MAY25,99-101F,99.0,99.0,101.0,between,between,0.01,0,97.0,no,0,6909,0.0,1.0
2025-05-25,KXHIGHAUS-25MAY25-B101.5,KXHIGHAUS-25MAY25,101-103F,101.0,101.0,103.0,between,between,0.01,0,97.0,no,0,342,0.0,1.0
2025-05-25,KXHIGHAUS-25MAY25-T102,KXHIGHAUS-25MAY25,Above 102F,102.0,102.0,,above,greater,0.05,0,97.0,no,0,3,0.0,1.0
2025-05-26,KXHIGHAUS-25MAY26-T93,KXHIGHAUS-25MAY26,Below 93F,93.0,,93.0,below,less,0.99,1,90.0,yes,100,44014,0.0,1.0
2025-05-26,KXHIGHAUS-25MAY26-B93.5,KXHIGHAUS-25MAY26,93-95F,93.0,93.0,95.0,between,between,0.01,0,90.0,no,0,15253,0.0,1.0
2025-05-26,KXHIGHAUS-25MAY26-B95.5,KXHIGHAUS-25MAY26,95-97F,95.0,95.0,97.0,between,between,0.01,0,90.0,no,0,9239,0.0,1.0
2025-05-26,KXHIGHAUS-25MAY26-B97.5,KXHIGHAUS-25MAY26,97-99F,97.0,97.0,99.0,between,between,0.02,0,90.0,no,0,4472,0.0,1.0
2025-05-26,KXHIGHAUS-25MAY26-B99.5,KXHIGHAUS-25MAY26,99-101F,99.0,99.0,101.0,between,between,0.01,0,90.0,no,0,2,0.0,1.0
2025-05-26,KXHIGHAUS-25MAY26-T100,KXHIGHAUS-25MAY26,Above 100F,100.0,100.0,,above,greater,0.05,0,90.0,no,0,1,0.0,1.0
2025-05-27,KXHIGHAUS-25MAY27-B87.5,KXHIGHAUS-25MAY27,87-89F,87.0,87.0,89.0,between,between,0.01,0,92.0,no,0,5355,0.0,1.0
2025-05-27,KXHIGHAUS-25MAY27-T87,KXHIGHAUS-25MAY27,Below 87F,87.0,,87.0,below,less,0.01,0,92.0,no,0,8760,0.0,1.0
2025-05-27,KXHIGHAUS-25MAY27-B89.5,KXHIGHAUS-25MAY27,89-91F,89.0,89.0,91.0,between,between,0.01,0,92.0,no,0,12013,0.0,1.0
2025-05-27,KXHIGHAUS-25MAY27-B91.5,KXHIGHAUS-25MAY27,91-93F,91.0,91.0,93.0,between,between,0.99,1,92.0,yes,100,7632,0.0,1.0
2025-05-27,KXHIGHAUS-25MAY27-B93.5,KXHIGHAUS-25MAY27,93-95F,93.0,93.0,95.0,between,between,0.01,0,92.0,no,0,6009,0.0,1.0
2025-05-27,KXHIGHAUS-25MAY27-T94,KXHIGHAUS-25MAY27,Above 94F,94.0,94.0,,above,greater,0.01,0,92.0,no,0,275,0.0,1.0
2025-05-28,KXHIGHAUS-25MAY28-T81,KXHIGHAUS-25MAY28,Below 81F,81.0,,81.0,below,less,0.01,0,88.0,no,0,4380,0.0,1.0
2025-05-28,KXHIGHAUS-25MAY28-B81.5,KXHIGHAUS-25MAY28,81-83F,81.0,81.0,83.0,between,between,0.01,0,88.0,no,0,6521,0.0,1.0
2025-05-28,KXHIGHAUS-25MAY28-B83.5,KXHIGHAUS-25MAY28,83-85F,83.0,83.0,85.0,between,between,0.01,0,88.0,no,0,8485,0.0,1.0
2025-05-28,KXHIGHAUS-25MAY28-B85.5,KXHIGHAUS-25MAY28,85-87F,85.0,85.0,87.0,between,between,0.01,0,88.0,no,0,23586,0.0,1.0
2025-05-28,KXHIGHAUS-25MAY28-B87.5,KXHIGHAUS-25MAY28,87-89F,87.0,87.0,89.0,between,between,0.99,1,88.0,yes,100,11012,0.0,1.0
2025-05-28,KXHIGHAUS-25MAY28-T88,KXHIGHAUS-25MAY28,Above 88F,88.0,88.0,,above,greater,0.01,0,88.0,no,0,11679,0.0,1.0
2025-05-29,KXHIGHAUS-25MAY29-B88.5,KXHIGHAUS-25MAY29,88-90F,88.0,88.0,90.0,between,between,0.01,0,91.0,no,0,5757,0.0,1.0
2025-05-29,KXHIGHAUS-25MAY29-T88,KXHIGHAUS-25MAY29,Below 88F,88.0,,88.0,below,less,0.01,0,91.0,no,0,4283,0.0,1.0
2025-05-29,KXHIGHAUS-25MAY29-B90.5,KXHIGHAUS-25MAY29,90-92F,90.0,90.0,92.0,between,between,0.99,1,91.0,yes,100,11075,0.0,1.0
2025-05-29,KXHIGHAUS-25MAY29-B92.5,KXHIGHAUS-25MAY29,92-94F,92.0,92.0,94.0,between,between,0.01,0,91.0,no,0,6443,0.0,1.0
2025-05-29,KXHIGHAUS-25MAY29-B94.5,KXHIGHAUS-25MAY29,94-96F,94.0,94.0,96.0,between,between,0.01,0,91.0,no,0,2810,0.0,1.0
2025-05-29,KXHIGHAUS-25MAY29-T95,KXHIGHAUS-25MAY29,Above 95F,95.0,95.0,,above,greater,0.01,0,91.0,no,0,120,0.0,1.0
2025-05-30,KXHIGHAUS-25MAY30-T83,KXHIGHAUS-25MAY30,Below 83F,83.0,,83.0,below,less,0.01,0,84.0,no,0,14901,0.0,1.0
2025-05-30,KXHIGHAUS-25MAY30-B83.5,KXHIGHAUS-25MAY30,83-85F,83.0,83.0,85.0,between,between,0.99,1,84.0,yes,100,19820,0.0,1.0
2025-05-30,KXHIGHAUS-25MAY30-B85.5,KXHIGHAUS-25MAY30,85-87F,85.0,85.0,87.0,between,between,0.01,0,84.0,no,0,11267,0.0,1.0
2025-05-30,KXHIGHAUS-25MAY30-B87.5,KXHIGHAUS-25MAY30,87-89F,87.0,87.0,89.0,between,between,0.01,0,84.0,no,0,8056,0.0,1.0
2025-05-30,KXHIGHAUS-25MAY30-B89.5,KXHIGHAUS-25MAY30,89-91F,89.0,89.0,91.0,between,between,0.05,0,84.0,no,0,2945,0.0,1.0
2025-05-30,KXHIGHAUS-25MAY30-T90,KXHIGHAUS-25MAY30,Above 90F,90.0,90.0,,above,greater,0.09,0,84.0,no,0,126,0.0,1.0
2025-05-31,KXHIGHAUS-25MAY31-B86.5,KXHIGHAUS-25MAY31,86-88F,86.0,86.0,88.0,between,between,0.99,1,87.0,yes,100,19984,0.0,1.0
2025-05-31,KXHIGHAUS-25MAY31-T86,KXHIGHAUS-25MAY31,Below 86F,86.0,,86.0,below,less,0.01,0,87.0,no,0,2130,0.0,1.0
2025-05-31,KXHIGHAUS-25MAY31-B88.5,KXHIGHAUS-25MAY31,88-90F,88.0,88.0,90.0,between,between,0.01,0,87.0,no,0,10835,0.0,1.0
2025-05-31,KXHIGHAUS-25MAY31-B90.5,KXHIGHAUS-25MAY31,90-92F,90.0,90.0,92.0,between,between,0.01,0,87.0,no,0,6628,0.0,1.0
2025-05-31,KXHIGHAUS-25MAY31-B92.5,KXHIGHAUS-25MAY31,92-94F,92.0,92.0,94.0,between,between,0.03,0,87.0,no,0,2137,0.0,1.0
2025-05-31,KXHIGHAUS-25MAY31-T93,KXHIGHAUS-25MAY31,Above 93F,93.0,93.0,,above,greater,0.01,0,87.0,no,0,603,0.0,1.0
2025-06-01,KXHIGHAUS-25JUN01-T92,KXHIGHAUS-25JUN01,Below 92F,92.0,,92.0,below,less,0.02,0,95.0,no,0,498,0.0,1.0
2025-06-01,KXHIGHAUS-25JUN01-B92.5,KXHIGHAUS-25JUN01,92-94F,92.0,92.0,94.0,between,between,0.01,0,95.0,no,0,3158,0.0,1.0
2025-06-01,KXHIGHAUS-25JUN01-B94.5,KXHIGHAUS-25JUN01,94-96F,94.0,94.0,96.0,between,between,0.99,1,95.0,yes,100,15034,0.0,1.0
2025-06-01,KXHIGHAUS-25JUN01-B96.5,KXHIGHAUS-25JUN01,96-98F,96.0,96.0,98.0,between,between,0.01,0,95.0,no,0,7881,0.0,1.0
2025-06-01,KXHIGHAUS-25JUN01-B98.5,KXHIGHAUS-25JUN01,98-100F,98.0,98.0,100.0,between,between,0.01,0,95.0,no,0,3749,0.0,1.0
2025-06-01,KXHIGHAUS-25JUN01-T99,KXHIGHAUS-25JUN01,Above 99F,99.0,99.0,,above,greater,0.01,0,95.0,no,0,362,0.0,1.0
2025-06-02,KXHIGHAUS-25JUN02-B93.5,KXHIGHAUS-25JUN02,93-95F,93.0,93.0,95.0,between,between,0.99,1,93.0,yes,100,17777,0.0,1.0
2025-06-02,KXHIGHAUS-25JUN02-T93,KXHIGHAUS-25JUN02,Below 93F,93.0,,93.0,below,less,0.01,0,93.0,no,0,4963,0.0,1.0
2025-06-02,KXHIGHAUS-25JUN02-B95.5,KXHIGHAUS-25JUN02,95-97F,95.0,95.0,97.0,between,between,0.01,0,93.0,no,0,10840,0.0,1.0
2025-06-02,KXHIGHAUS-25JUN02-B97.5,KXHIGHAUS-25JUN02,97-99F,97.0,97.0,99.0,between,between,0.01,0,93.0,no,0,5128,0.0,1.0
2025-06-02,KXHIGHAUS-25JUN02-B99.5,KXHIGHAUS-25JUN02,99-101F,99.0,99.0,101.0,between,between,0.01,0,93.0,no,0,319,0.0,1.0
2025-06-02,KXHIGHAUS-25JUN02-T100,KXHIGHAUS-25JUN02,Above 100F,100.0,100.0,,above,greater,0.01,0,93.0,no,0,73,0.0,1.0
2025-06-03,KXHIGHAUS-25JUN03-T90,KXHIGHAUS-25JUN03,Below 90F,90.0,,90.0,below,less,0.01,0,93.0,no,0,5364,0.0,1.0
2025-06-03,KXHIGHAUS-25JUN03-B90.5,KXHIGHAUS-25JUN03,90-92F,90.0,90.0,92.0,between,between,0.01,0,93.0,no,0,11763,0.0,1.0
2025-06-03,KXHIGHAUS-25JUN03-B92.5,KXHIGHAUS-25JUN03,92-94F,92.0,92.0,94.0,between,between,0.99,1,93.0,yes,100,14642,0.0,1.0
2025-06-03,KXHIGHAUS-25JUN03-B94.5,KXHIGHAUS-25JUN03,94-96F,94.0,94.0,96.0,between,between,0.01,0,93.0,no,0,12684,0.0,1.0
2025-06-03,KXHIGHAUS-25JUN03-B96.5,KXHIGHAUS-25JUN03,96-98F,96.0,96.0,98.0,between,between,0.01,0,93.0,no,0,3202,0.0,1.0
2025-06-03,KXHIGHAUS-25JUN03-T97,KXHIGHAUS-25JUN03,Above 97F,97.0,97.0,,above,greater,0.04,0,93.0,no,0,662,0.0,1.0
2025-06-04,KXHIGHAUS-25JUN04-B88.5,KXHIGHAUS-25JUN04,88-90F,88.0,88.0,90.0,between,between,0.01,0,92.0,no,0,22710,0.0,1.0
2025-06-04,KXHIGHAUS-25JUN04-T88,KXHIGHAUS-25JUN04,Below 88F,88.0,,88.0,below,less,0.01,0,92.0,no,0,25992,0.0,1.0
2025-06-04,KXHIGHAUS-25JUN04-B90.5,KXHIGHAUS-25JUN04,90-92F,90.0,90.0,92.0,between,between,0.01,0,92.0,no,0,18830,0.0,1.0
2025-06-04,KXHIGHAUS-25JUN04-B92.5,KXHIGHAUS-25JUN04,92-94F,92.0,92.0,94.0,between,between,0.99,1,92.0,yes,100,14890,0.0,1.0
2025-06-04,KXHIGHAUS-25JUN04-B94.5,KXHIGHAUS-25JUN04,94-96F,94.0,94.0,96.0,between,between,0.05,0,92.0,no,0,2342,0.0,1.0
2025-06-04,KXHIGHAUS-25JUN04-T95,KXHIGHAUS-25JUN04,Above 95F,95.0,95.0,,above,greater,0.02,0,92.0,no,0,721,0.0,1.0
2025-06-05,KXHIGHAUS-25JUN05-T91,KXHIGHAUS-25JUN05,Below 91F,91.0,,91.0,below,less,0.01,0,95.0,no,0,2290,0.0,1.0
2025-06-05,KXHIGHAUS-25JUN05-B91.5,KXHIGHAUS-25JUN05,91-93F,91.0,91.0,93.0,between,between,0.01,0,95.0,no,0,12594,0.0,1.0
2025-06-05,KXHIGHAUS-25JUN05-B93.5,KXHIGHAUS-25JUN05,93-95F,93.0,93.0,95.0,between,between,0.01,0,95.0,no,0,39199,0.0,1.0
2025-06-05,KXHIGHAUS-25JUN05-B95.5,KXHIGHAUS-25JUN05,95-97F,95.0,95.0,97.0,between,between,0.99,1,95.0,yes,100,20476,0.0,1.0
2025-06-05,KXHIGHAUS-25JUN05-B97.5,KXHIGHAUS-25JUN05,97-99F,97.0,97.0,99.0,between,between,0.07,0,95.0,no,0,1642,0.0,1.0
2025-06-05,KXHIGHAUS-25JUN05-T98,KXHIGHAUS-25JUN05,Above 98F,98.0,98.0,,above,greater,0.01,0,95.0,no,0,280,0.0,1.0
2025-06-06,KXHIGHAUS-25JUN06-T92,KXHIGHAUS-25JUN06,Below 92F,92.0,,92.0,below,less,0.03,0,96.0,no,0,135,0.0,1.0
2025-06-06,KXHIGHAUS-25JUN06-B92.5,KXHIGHAUS-25JUN06,92-94F,92.0,92.0,94.0,between,between,0.01,0,96.0,no,0,3241,0.0,1.0
2025-06-06,KXHIGHAUS-25JUN06-B94.5,KXHIGHAUS-25JUN06,94-96F,94.0,94.0,96.0,between,between,0.01,0,96.0,no,0,19121,0.0,1.0
2025-06-06,KXHIGHAUS-25JUN06-B96.5,KXHIGHAUS-25JUN06,96-98F,96.0,96.0,98.0,between,between,0.99,1,96.0,yes,100,10736,0.0,1.0
2025-06-06,KXHIGHAUS-25JUN06-B98.5,KXHIGHAUS-25JUN06,98-100F,98.0,98.0,100.0,between,between,0.01,0,96.0,no,0,7400,0.0,1.0
2025-06-06,KXHIGHAUS-25JUN06-T99,KXHIGHAUS-25JUN06,Above 99F,99.0,99.0,,above,greater,0.01,0,96.0,no,0,657,0.0,1.0
2025-06-07,KXHIGHAUS-25JUN07-B94.5,KXHIGHAUS-25JUN07,94-96F,94.0,94.0,96.0,between,between,0.01,0,96.0,no,0,10237,0.0,1.0
2025-06-07,KXHIGHAUS-25JUN07-T94,KXHIGHAUS-25JUN07,Below 94F,94.0,,94.0,below,less,0.01,0,96.0,no,0,102,0.0,1.0
2025-06-07,KXHIGHAUS-25JUN07-B96.5,KXHIGHAUS-25JUN07,96-98F,96.0,96.0,98.0,between,between,0.95,1,96.0,yes,100,12100,0.0,1.0
2025-06-07,KXHIGHAUS-25JUN07-B98.5,KXHIGHAUS-25JUN07,98-100F,98.0,98.0,100.0,between,between,0.01,0,96.0,no,0,10001,0.0,1.0
2025-06-07,KXHIGHAUS-25JUN07-B100.5,KXHIGHAUS-25JUN07,100-102F,100.0,100.0,102.0,between,between,0.12,0,96.0,no,0,3209,0.0,1.0
2025-06-07,KXHIGHAUS-25JUN07-T101,KXHIGHAUS-25JUN07,Above 101F,101.0,101.0,,above,greater,0.02,0,96.0,no,0,967,0.0,1.0
2025-06-08,KXHIGHAUS-25JUN08-T96,KXHIGHAUS-25JUN08,Below 96F,96.0,,96.0,below,less,0.01,0,96.0,no,0,9072,0.0,1.0
2025-06-08,KXHIGHAUS-25JUN08-B96.5,KXHIGHAUS-25JUN08,96-98F,96.0,96.0,98.0,between,between,0.99,1,96.0,yes,100,10680,0.0,1.0
2025-06-08,KXHIGHAUS-25JUN08-B98.5,KXHIGHAUS-25JUN08,98-100F,98.0,98.0,100.0,between,between,0.01,0,96.0,no,0,11155,0.0,1.0
2025-06-08,KXHIGHAUS-25JUN08-B100.5,KXHIGHAUS-25JUN08,100-102F,100.0,100.0,102.0,between,between,0.01,0,96.0,no,0,3811,0.0,1.0
2025-06-08,KXHIGHAUS-25JUN08-B102.5,KXHIGHAUS-25JUN08,102-104F,102.0,102.0,104.0,between,between,0.01,0,96.0,no,0,1015,0.0,1.0
2025-06-08,KXHIGHAUS-25JUN08-T103,KXHIGHAUS-25JUN08,Above 103F,103.0,103.0,,above,greater,0.01,0,96.0,no,0,111,0.0,1.0
2025-06-09,KXHIGHAUS-25JUN09-B93.5,KXHIGHAUS-25JUN09,93-95F,93.0,93.0,95.0,between,between,0.01,0,99.0,no,0,4500,0.0,1.0
2025-06-09,KXHIGHAUS-25JUN09-T93,KXHIGHAUS-25JUN09,Below 93F,93.0,,93.0,below,less,0.01,0,99.0,no,0,2887,0.0,1.0
2025-06-09,KXHIGHAUS-25JUN09-B95.5,KXHIGHAUS-25JUN09,95-97F,95.0,95.0,97.0,between,between,0.01,0,99.0,no,0,20499,0.0,1.0
2025-06-09,KXHIGHAUS-25JUN09-B97.5,KXHIGHAUS-25JUN09,97-99F,97.0,97.0,99.0,between,between,0.01,0,99.0,no,0,19972,0.0,1.0
2025-06-09,KXHIGHAUS-25JUN09-B99.5,KXHIGHAUS-25JUN09,99-101F,99.0,99.0,101.0,between,between,0.99,1,99.0,yes,100,12482,0.0,1.0
2025-06-09,KXHIGHAUS-25JUN09-T100,KXHIGHAUS-25JUN09,Above 100F,100.0,100.0,,above,greater,0.01,0,99.0,no,0,4670,0.0,1.0
2025-06-10,KXHIGHAUS-25JUN10-T88,KXHIGHAUS-25JUN10,Below 88F,88.0,,88.0,below,less,0.01,0,92.0,no,0,7741,0.0,1.0
2025-06-10,KXHIGHAUS-25JUN10-B88.5,KXHIGHAUS-25JUN10,88-90F,88.0,88.0,90.0,between,between,0.01,0,92.0,no,0,7440,0.0,1.0
2025-06-10,KXHIGHAUS-25JUN10-B90.5,KXHIGHAUS-25JUN10,90-92F,90.0,90.0,92.0,between,between,0.01,0,92.0,no,0,14679,0.0,1.0
2025-06-10,KXHIGHAUS-25JUN10-B92.5,KXHIGHAUS-25JUN10,92-94F,92.0,92.0,94.0,between,between,0.99,1,92.0,yes,100,9536,0.0,1.0
2025-06-10,KXHIGHAUS-25JUN10-B94.5,KXHIGHAUS-25JUN10,94-96F,94.0,94.0,96.0,between,between,0.01,0,92.0,no,0,8180,0.0,1.0
2025-06-10,KXHIGHAUS-25JUN10-T95,KXHIGHAUS-25JUN10,Above 95F,95.0,95.0,,above,greater,0.01,0,92.0,no,0,6094,0.0,1.0
2025-06-11,KXHIGHAUS-25JUN11-T85,KXHIGHAUS-25JUN11,Below 85F,85.0,,85.0,below,less,0.01,0,89.0,no,0,22128,0.0,1.0
2025-06-11,KXHIGHAUS-25JUN11-B85.5,KXHIGHAUS-25JUN11,85-87F,85.0,85.0,87.0,between,between,0.01,0,89.0,no,0,4156,0.0,1.0
2025-06-11,KXHIGHAUS-25JUN11-B87.5,KXHIGHAUS-25JUN11,87-89F,87.0,87.0,89.0,between,between,0.01,0,89.0,no,0,10291,0.0,1.0
2025-06-11,KXHIGHAUS-25JUN11-B89.5,KXHIGHAUS-25JUN11,89-91F,89.0,89.0,91.0,between,between,0.98,1,89.0,yes,100,15209,0.0,1.0
2025-06-11,KXHIGHAUS-25JUN11-B91.5,KXHIGHAUS-25JUN11,91-93F,91.0,91.0,93.0,between,between,0.01,0,89.0,no,0,11192,0.0,1.0
2025-06-11,KXHIGHAUS-25JUN11-T92,KXHIGHAUS-25JUN11,Above 92F,92.0,92.0,,above,greater,0.01,0,89.0,no,0,4875,0.0,1.0
2025-06-12,KXHIGHAUS-25JUN12-T83,KXHIGHAUS-25JUN12,Below 83F,83.0,,83.0,below,less,0.99,1,80.0,yes,100,26909,0.0,1.0
2025-06-12,KXHIGHAUS-25JUN12-B83.5,KXHIGHAUS-25JUN12,83-85F,83.0,83.0,85.0,between,between,0.01,0,80.0,no,0,11867,0.0,1.0
2025-06-12,KXHIGHAUS-25JUN12-B85.5,KXHIGHAUS-25JUN12,85-87F,85.0,85.0,87.0,between,between,0.02,0,80.0,no,0,3699,0.0,1.0
2025-06-12,KXHIGHAUS-25JUN12-B87.5,KXHIGHAUS-25JUN12,87-89F,87.0,87.0,89.0,between,between,0.01,0,80.0,no,0,6353,0.0,1.0
2025-06-12,KXHIGHAUS-25JUN12-B89.5,KXHIGHAUS-25JUN12,89-91F,89.0,89.0,91.0,between,between,0.01,0,80.0,no,0,2398,0.0,1.0
2025-06-12,KXHIGHAUS-25JUN12-T90,KXHIGHAUS-25JUN12,Above 90F,90.0,90.0,,above,greater,0.01,0,80.0,no,0,632,0.0,1.0
2025-06-13,KXHIGHAUS-25JUN13-B91.5,KXHIGHAUS-25JUN13,91-93F,91.0,91.0,93.0,between,between,0.01,0,95.0,no,0,7099,0.0,1.0
2025-06-13,KXHIGHAUS-25JUN13-T91,KXHIGHAUS-25JUN13,Below 91F,91.0,,91.0,below,less,0.01,0,95.0,no,0,10031,0.0,1.0
2025-06-13,KXHIGHAUS-25JUN13-B93.5,KXHIGHAUS-25JUN13,93-95F,93.0,93.0,95.0,between,between,0.01,0,95.0,no,0,14596,0.0,1.0
2025-06-13,KXHIGHAUS-25JUN13-B95.5,KXHIGHAUS-25JUN13,95-97F,95.0,95.0,97.0,between,between,0.99,1,95.0,yes,100,11617,0.0,1.0
2025-06-13,KXHIGHAUS-25JUN13-B97.5,KXHIGHAUS-25JUN13,97-99F,97.0,97.0,99.0,between,between,0.09,0,95.0,no,0,4039,0.0,1.0
2025-06-13,KXHIGHAUS-25JUN13-T98,KXHIGHAUS-25JUN13,Above 98F,98.0,98.0,,above,greater,0.01,0,95.0,no,0,100,0.0,1.0
2025-06-14,KXHIGHAUS-25JUN14-T91,KXHIGHAUS-25JUN14,Below 91F,91.0,,91.0,below,less,0.01,0,95.0,no,0,3927,0.0,1.0
2025-06-14,KXHIGHAUS-25JUN14-B91.5,KXHIGHAUS-25JUN14,91-93F,91.0,91.0,93.0,between,between,0.01,0,95.0,no,0,6637,0.0,1.0
2025-06-14,KXHIGHAUS-25JUN14-B93.5,KXHIGHAUS-25JUN14,93-95F,93.0,93.0,95.0,between,between,0.01,0,95.0,no,0,32717,0.0,1.0
2025-06-14,KXHIGHAUS-25JUN14-B95.5,KXHIGHAUS-25JUN14,95-97F,95.0,95.0,97.0,between,between,0.99,1,95.0,yes,100,24633,0.0,1.0
2025-06-14,KXHIGHAUS-25JUN14-B97.5,KXHIGHAUS-25JUN14,97-99F,97.0,97.0,99.0,between,between,0.01,0,95.0,no,0,7161,0.0,1.0
2025-06-14,KXHIGHAUS-25JUN14-T98,KXHIGHAUS-25JUN14,Above 98F,98.0,98.0,,above,greater,0.06,0,95.0,no,0,752,0.0,1.0
2025-06-15,KXHIGHAUS-25JUN15-B92.5,KXHIGHAUS-25JUN15,92-94F,92.0,92.0,94.0,between,between,0.01,0,97.0,no,0,6257,0.0,1.0
2025-06-15,KXHIGHAUS-25JUN15-T92,KXHIGHAUS-25JUN15,Below 92F,92.0,,92.0,below,less,0.01,0,97.0,no,0,4371,0.0,1.0
2025-06-15,KXHIGHAUS-25JUN15-B94.5,KXHIGHAUS-25JUN15,94-96F,94.0,94.0,96.0,between,between,0.01,0,97.0,no,0,9624,0.0,1.0
2025-06-15,KXHIGHAUS-25JUN15-B96.5,KXHIGHAUS-25JUN15,96-98F,96.0,96.0,98.0,between,between,0.99,1,97.0,yes,100,24174,0.0,1.0
2025-06-15,KXHIGHAUS-25JUN15-B98.5,KXHIGHAUS-25JUN15,98-100F,98.0,98.0,100.0,between,between,0.02,0,97.0,no,0,4154,0.0,1.0
2025-06-15,KXHIGHAUS-25JUN15-T99,KXHIGHAUS-25JUN15,Above 99F,99.0,99.0,,above,greater,0.01,0,97.0,no,0,803,0.0,1.0
2025-06-16,KXHIGHAUS-25JUN16-T93,KXHIGHAUS-25JUN16,Below 93F,93.0,,93.0,below,less,0.01,0,93.0,no,0,9334,0.0,1.0
2025-06-16,KXHIGHAUS-25JUN16-B93.5,KXHIGHAUS-25JUN16,93-95F,93.0,93.0,95.0,between,between,0.99,1,93.0,yes,100,7652,0.0,1.0
2025-06-16,KXHIGHAUS-25JUN16-B95.5,KXHIGHAUS-25JUN16,95-97F,95.0,95.0,97.0,between,between,0.01,0,93.0,no,0,11091,0.0,1.0
2025-06-16,KXHIGHAUS-25JUN16-B97.5,KXHIGHAUS-25JUN16,97-99F,97.0,97.0,99.0,between,between,0.01,0,93.0,no,0,7021,0.0,1.0
2025-06-16,KXHIGHAUS-25JUN16-B99.5,KXHIGHAUS-25JUN16,99-101F,99.0,99.0,101.0,between,between,0.01,0,93.0,no,0,1591,0.0,1.0
2025-06-16,KXHIGHAUS-25JUN16-T100,KXHIGHAUS-25JUN16,Above 100F,100.0,100.0,,above,greater,0.01,0,93.0,no,0,198,0.0,1.0
2025-06-17,KXHIGHAUS-25JUN17-T94,KXHIGHAUS-25JUN17,Below 94F,94.0,,94.0,below,less,0.01,0,94.0,no,0,16939,0.0,1.0
2025-06-17,KXHIGHAUS-25JUN17-B94.5,KXHIGHAUS-25JUN17,94-96F,94.0,94.0,96.0,between,between,0.99,1,94.0,yes,100,8935,0.0,1.0
2025-06-17,KXHIGHAUS-25JUN17-B96.5,KXHIGHAUS-25JUN17,96-98F,96.0,96.0,98.0,between,between,0.01,0,94.0,no,0,7883,0.0,1.0
2025-06-17,KXHIGHAUS-25JUN17-B98.5,KXHIGHAUS-25JUN17,98-100F,98.0,98.0,100.0,between,between,0.01,0,94.0,no,0,3148,0.0,1.0
2025-06-17,KXHIGHAUS-25JUN17-B100.5,KXHIGHAUS-25JUN17,100-102F,100.0,100.0,102.0,between,between,0.01,0,94.0,no,0,1207,0.0,1.0
2025-06-17,KXHIGHAUS-25JUN17-T101,KXHIGHAUS-25JUN17,Above 101F,101.0,101.0,,above,greater,0.05,0,94.0,no,0,667,0.0,1.0
2025-06-18,KXHIGHAUS-25JUN18-T94,KXHIGHAUS-25JUN18,Below 94F,94.0,,94.0,below,less,0.01,0,94.0,no,0,23524,0.0,1.0
2025-06-18,KXHIGHAUS-25JUN18-B94.5,KXHIGHAUS-25JUN18,94-96F,94.0,94.0,96.0,between,between,0.99,1,94.0,yes,100,9248,0.0,1.0
2025-06-18,KXHIGHAUS-25JUN18-B96.5,KXHIGHAUS-25JUN18,96-98F,96.0,96.0,98.0,between,between,0.01,0,94.0,no,0,7420,0.0,1.0
2025-06-18,KXHIGHAUS-25JUN18-B98.5,KXHIGHAUS-25JUN18,98-100F,98.0,98.0,100.0,between,between,0.04,0,94.0,no,0,1632,0.0,1.0
2025-06-18,KXHIGHAUS-25JUN18-B100.5,KXHIGHAUS-25JUN18,100-102F,100.0,100.0,102.0,between,between,0.01,0,94.0,no,0,530,0.0,1.0
2025-06-18,KXHIGHAUS-25JUN18-T101,KXHIGHAUS-25JUN18,Above 101F,101.0,101.0,,above,greater,0.01,0,94.0,no,0,162,0.0,1.0
2025-06-19,KXHIGHAUS-25JUN19-T93,KXHIGHAUS-25JUN19,Below 93F,93.0,,93.0,below,less,0.01,0,96.0,no,0,535,0.0,1.0
2025-06-19,KXHIGHAUS-25JUN19-B93.5,KXHIGHAUS-25JUN19,93-95F,93.0,93.0,95.0,between,between,0.01,0,96.0,no,0,6991,0.0,1.0
2025-06-19,KXHIGHAUS-25JUN19-B95.5,KXHIGHAUS-25JUN19,95-97F,95.0,95.0,97.0,between,between,0.99,1,96.0,yes,100,7211,0.0,1.0
2025-06-19,KXHIGHAUS-25JUN19-B97.5,KXHIGHAUS-25JUN19,97-99F,97.0,97.0,99.0,between,between,0.01,0,96.0,no,0,5354,0.0,1.0
2025-06-19,KXHIGHAUS-25JUN19-B99.5,KXHIGHAUS-25JUN19,99-101F,99.0,99.0,101.0,between,between,0.01,0,96.0,no,0,342,0.0,1.0
2025-06-19,KXHIGHAUS-25JUN19-T100,KXHIGHAUS-25JUN19,Above 100F,100.0,100.0,,above,greater,0.02,0,96.0,no,0,162,0.0,1.0
2025-06-20,KXHIGHAUS-25JUN20-T92,KXHIGHAUS-25JUN20,Below 92F,92.0,,92.0,below,less,0.01,0,95.0,no,0,149,0.0,1.0
2025-06-20,KXHIGHAUS-25JUN20-B92.5,KXHIGHAUS-25JUN20,92-94F,92.0,92.0,94.0,between,between,0.01,0,95.0,no,0,6184,0.0,1.0
2025-06-20,KXHIGHAUS-25JUN20-B94.5,KXHIGHAUS-25JUN20,94-96F,94.0,94.0,96.0,between,between,0.99,1,95.0,yes,100,16957,0.0,1.0
2025-06-20,KXHIGHAUS-25JUN20-B96.5,KXHIGHAUS-25JUN20,96-98F,96.0,96.0,98.0,between,between,0.01,0,95.0,no,0,7645,0.0,1.0
2025-06-20,KXHIGHAUS-25JUN20-B98.5,KXHIGHAUS-25JUN20,98-100F,98.0,98.0,100.0,between,between,0.04,0,95.0,no,0,1612,0.0,1.0
2025-06-20,KXHIGHAUS-25JUN20-T99,KXHIGHAUS-25JUN20,Above 99F,99.0,99.0,,above,greater,0.01,0,95.0,no,0,160,0.0,1.0
2025-06-21,KXHIGHAUS-25JUN21-T91,KXHIGHAUS-25JUN21,Below 91F,91.0,,91.0,below,less,0.01,0,95.0,no,0,100,0.0,1.0
2025-06-21,KXHIGHAUS-25JUN21-B91.5,KXHIGHAUS-25JUN21,91-93F,91.0,91.0,93.0,between,between,0.01,0,95.0,no,0,2600,0.0,1.0
2025-06-21,KXHIGHAUS-25JUN21-B93.5,KXHIGHAUS-25JUN21,93-95F,93.0,93.0,95.0,between,between,0.01,0,95.0,no,0,10551,0.0,1.0
2025-06-21,KXHIGHAUS-25JUN21-B95.5,KXHIGHAUS-25JUN21,95-97F,95.0,95.0,97.0,between,between,0.99,1,95.0,yes,100,9900,0.0,1.0
2025-06-21,KXHIGHAUS-25JUN21-B97.5,KXHIGHAUS-25JUN21,97-99F,97.0,97.0,99.0,between,between,0.01,0,95.0,no,0,3108,0.0,1.0
2025-06-21,KXHIGHAUS-25JUN21-T98,KXHIGHAUS-25JUN21,Above 98F,98.0,98.0,,above,greater,0.01,0,95.0,no,0,328,0.0,1.0
2025-06-22,KXHIGHAUS-25JUN22-T92,KXHIGHAUS-25JUN22,Below 92F,92.0,,92.0,below,less,0.01,0,96.0,no,0,312,0.0,1.0
2025-06-22,KXHIGHAUS-25JUN22-B92.5,KXHIGHAUS-25JUN22,92-94F,92.0,92.0,94.0,between,between,0.01,0,96.0,no,0,11892,0.0,1.0
2025-06-22,KXHIGHAUS-25JUN22-B94.5,KXHIGHAUS-25JUN22,94-96F,94.0,94.0,96.0,between,between,0.01,0,96.0,no,0,12473,0.0,1.0
2025-06-22,KXHIGHAUS-25JUN22-B96.5,KXHIGHAUS-25JUN22,96-98F,96.0,96.0,98.0,between,between,0.99,1,96.0,yes,100,12318,0.0,1.0
2025-06-22,KXHIGHAUS-25JUN22-B98.5,KXHIGHAUS-25JUN22,98-100F,98.0,98.0,100.0,between,between,0.01,0,96.0,no,0,4062,0.0,1.0
2025-06-22,KXHIGHAUS-25JUN22-T99,KXHIGHAUS-25JUN22,Above 99F,99.0,99.0,,above,greater,0.01,0,96.0,no,0,169,0.0,1.0
2025-06-23,KXHIGHAUS-25JUN23-B92.5,KXHIGHAUS-25JUN23,92-94F,92.0,92.0,94.0,between,between,0.01,0,97.0,no,0,6398,0.0,1.0
2025-06-23,KXHIGHAUS-25JUN23-T92,KXHIGHAUS-25JUN23,Below 92F,92.0,,92.0,below,less,0.01,0,97.0,no,0,179,0.0,1.0
2025-06-23,KXHIGHAUS-25JUN23-B94.5,KXHIGHAUS-25JUN23,94-96F,94.0,94.0,96.0,between,between,0.01,0,97.0,no,0,9646,0.0,1.0
2025-06-23,KXHIGHAUS-25JUN23-B96.5,KXHIGHAUS-25JUN23,96-98F,96.0,96.0,98.0,between,between,0.99,1,97.0,yes,100,12635,0.0,1.0
2025-06-23,KXHIGHAUS-25JUN23-B98.5,KXHIGHAUS-25JUN23,98-100F,98.0,98.0,100.0,between,between,0.01,0,97.0,no,0,5387,0.0,1.0
2025-06-23,KXHIGHAUS-25JUN23-T99,KXHIGHAUS-25JUN23,Above 99F,99.0,99.0,,above,greater,0.01,0,97.0,no,0,110,0.0,1.0
2025-06-24,KXHIGHAUS-25JUN24-T91,KXHIGHAUS-25JUN24,Below 91F,91.0,,91.0,below,less,0.01,0,95.0,no,0,3477,0.0,1.0
2025-06-24,KXHIGHAUS-25JUN24-B91.5,KXHIGHAUS-25JUN24,91-93F,91.0,91.0,93.0,between,between,0.01,0,95.0,no,0,18082,0.0,1.0
2025-06-24,KXHIGHAUS-25JUN24-B93.5,KXHIGHAUS-25JUN24,93-95F,93.0,93.0,95.0,between,between,0.01,0,95.0,no,0,29868,0.0,1.0
2025-06-24,KXHIGHAUS-25JUN24-B95.5,KXHIGHAUS-25JUN24,95-97F,95.0,95.0,97.0,between,between,0.99,1,95.0,yes,100,29640,0.0,1.0
2025-06-24,KXHIGHAUS-25JUN24-B97.5,KXHIGHAUS-25JUN24,97-99F,97.0,97.0,99.0,between,between,0.01,0,95.0,no,0,5200,0.0,1.0
2025-06-24,KXHIGHAUS-25JUN24-T98,KXHIGHAUS-25JUN24,Above 98F,98.0,98.0,,above,greater,0.01,0,95.0,no,0,1477,0.0,1.0
2025-06-25,KXHIGHAUS-25JUN25-B89.5,KXHIGHAUS-25JUN25,89-91F,89.0,89.0,91.0,between,between,0.01,0,94.0,no,0,39725,0.0,1.0
2025-06-25,KXHIGHAUS-25JUN25-T89,KXHIGHAUS-25JUN25,Below 89F,89.0,,89.0,below,less,0.01,0,94.0,no,0,1183,0.0,1.0
2025-06-25,KXHIGHAUS-25JUN25-B91.5,KXHIGHAUS-25JUN25,91-93F,91.0,91.0,93.0,between,between,0.01,0,94.0,no,0,22774,0.0,1.0
2025-06-25,KXHIGHAUS-25JUN25-B93.5,KXHIGHAUS-25JUN25,93-95F,93.0,93.0,95.0,between,between,0.99,1,94.0,yes,100,13916,0.0,1.0
2025-06-25,KXHIGHAUS-25JUN25-B95.5,KXHIGHAUS-25JUN25,95-97F,95.0,95.0,97.0,between,between,0.01,0,94.0,no,0,10400,0.0,1.0
2025-06-25,KXHIGHAUS-25JUN25-T96,KXHIGHAUS-25JUN25,Above 96F,96.0,96.0,,above,greater,0.01,0,94.0,no,0,101,0.0,1.0
2025-06-26,KXHIGHAUS-25JUN26-B90.5,KXHIGHAUS-25JUN26,90-92F,90.0,90.0,92.0,between,between,0.01,0,94.0,no,0,9926,0.0,1.0
2025-06-26,KXHIGHAUS-25JUN26-T90,KXHIGHAUS-25JUN26,Below 90F,90.0,,90.0,below,less,0.01,0,94.0,no,0,17633,0.0,1.0
2025-06-26,KXHIGHAUS-25JUN26-B92.5,KXHIGHAUS-25JUN26,92-94F,92.0,92.0,94.0,between,between,0.01,0,94.0,no,0,22800,0.0,1.0
2025-06-26,KXHIGHAUS-25JUN26-B94.5,KXHIGHAUS-25JUN26,94-96F,94.0,94.0,96.0,between,between,0.98,1,94.0,yes,100,39944,0.0,1.0
2025-06-26,KXHIGHAUS-25JUN26-B96.5,KXHIGHAUS-25JUN26,96-98F,96.0,96.0,98.0,between,between,0.01,0,94.0,no,0,4351,0.0,1.0
2025-06-26,KXHIGHAUS-25JUN26-T97,KXHIGHAUS-25JUN26,Above 97F,97.0,97.0,,above,greater,0.01,0,94.0,no,0,10,0.0,1.0
2025-06-27,KXHIGHAUS-25JUN27-B92.5,KXHIGHAUS-25JUN27,92-94F,92.0,92.0,94.0,between,between,0.01,0,95.0,no,0,7589,0.0,1.0
2025-06-27,KXHIGHAUS-25JUN27-T92,KXHIGHAUS-25JUN27,Below 92F,92.0,,92.0,below,less,0.01,0,95.0,no,0,1169,0.0,1.0
2025-06-27,KXHIGHAUS-25JUN27-B94.5,KXHIGHAUS-25JUN27,94-96F,94.0,94.0,96.0,between,between,0.99,1,95.0,yes,100,17504,0.0,1.0
2025-06-27,KXHIGHAUS-25JUN27-B96.5,KXHIGHAUS-25JUN27,96-98F,96.0,96.0,98.0,between,between,0.01,0,95.0,no,0,17712,0.0,1.0
2025-06-27,KXHIGHAUS-25JUN27-B98.5,KXHIGHAUS-25JUN27,98-100F,98.0,98.0,100.0,between,between,0.01,0,95.0,no,0,540,0.0,1.0
2025-06-27,KXHIGHAUS-25JUN27-T99,KXHIGHAUS-25JUN27,Above 99F,99.0,99.0,,above,greater,0.03,0,95.0,no,0,113,0.0,1.0
2025-06-28,KXHIGHAUS-25JUN28-B93.5,KXHIGHAUS-25JUN28,93-95F,93.0,93.0,95.0,between,between,0.01,0,95.0,no,0,14783,0.0,1.0
2025-06-28,KXHIGHAUS-25JUN28-T93,KXHIGHAUS-25JUN28,Below 93F,93.0,,93.0,below,less,0.01,0,95.0,no,0,924,0.0,1.0
2025-06-28,KXHIGHAUS-25JUN28-B95.5,KXHIGHAUS-25JUN28,95-97F,95.0,95.0,97.0,between,between,0.99,1,95.0,yes,100,21343,0.0,1.0
2025-06-28,KXHIGHAUS-25JUN28-B97.5,KXHIGHAUS-25JUN28,97-99F,97.0,97.0,99.0,between,between,0.01,0,95.0,no,0,10161,0.0,1.0
2025-06-28,KXHIGHAUS-25JUN28-B99.5,KXHIGHAUS-25JUN28,99-101F,99.0,99.0,101.0,between,between,0.06,0,95.0,no,0,304,0.0,1.0
2025-06-28,KXHIGHAUS-25JUN28-T100,KXHIGHAUS-25JUN28,Above 100F,100.0,100.0,,above,greater,0.01,0,95.0,no,0,10,0.0,1.0
2025-06-29,KXHIGHAUS-25JUN29-T90,KXHIGHAUS-25JUN29,Below 90F,90.0,,90.0,below,less,0.01,0,96.0,no,0,15,0.0,1.0
2025-06-29,KXHIGHAUS-25JUN29-B90.5,KXHIGHAUS-25JUN29,90-92F,90.0,90.0,92.0,between,between,0.03,0,96.0,no,0,766,0.0,1.0
2025-06-29,KXHIGHAUS-25JUN29-B92.5,KXHIGHAUS-25JUN29,92-94F,92.0,92.0,94.0,between,between,0.01,0,96.0,no,0,3189,0.0,1.0
2025-06-29,KXHIGHAUS-25JUN29-B94.5,KXHIGHAUS-25JUN29,94-96F,94.0,94.0,96.0,between,between,0.01,0,96.0,no,0,14175,0.0,1.0
2025-06-29,KXHIGHAUS-25JUN29-B96.5,KXHIGHAUS-25JUN29,96-98F,96.0,96.0,98.0,between,between,0.99,1,96.0,yes,100,8020,0.0,1.0
2025-06-29,KXHIGHAUS-25JUN29-T97,KXHIGHAUS-25JUN29,Above 97F,97.0,97.0,,above,greater,0.01,0,96.0,no,0,2656,0.0,1.0
2025-06-30,KXHIGHAUS-25JUN30-T92,KXHIGHAUS-25JUN30,Below 92F,92.0,,92.0,below,less,0.01,0,95.0,no,0,3352,0.0,1.0
2025-06-30,KXHIGHAUS-25JUN30-B92.5,KXHIGHAUS-25JUN30,92-94F,92.0,92.0,94.0,between,between,0.01,0,95.0,no,0,40384,0.0,1.0
2025-06-30,KXHIGHAUS-25JUN30-B94.5,KXHIGHAUS-25JUN30,94-96F,94.0,94.0,96.0,between,between,0.99,1,95.0,yes,100,11237,0.0,1.0
2025-06-30,KXHIGHAUS-25JUN30-B96.5,KXHIGHAUS-25JUN30,96-98F,96.0,96.0,98.0,between,between,0.01,0,95.0,no,0,15085,0.0,1.0
2025-06-30,KXHIGHAUS-25JUN30-B98.5,KXHIGHAUS-25JUN30,98-100F,98.0,98.0,100.0,between,between,0.01,0,95.0,no,0,7456,0.0,1.0
2025-06-30,KXHIGHAUS-25JUN30-T99,KXHIGHAUS-25JUN30,Above 99F,99.0,99.0,,above,greater,0.01,0,95.0,no,0,1151,0.0,1.0
2025-07-01,KXHIGHAUS-25JUL01-T93,KXHIGHAUS-25JUL01,Below 93F,93.0,,93.0,below,less,0.01,0,93.0,no,0,29810,0.0,1.0
2025-07-01,KXHIGHAUS-25JUL01-B93.5,KXHIGHAUS-25JUL01,93-95F,93.0,93.0,95.0,between,between,0.99,1,93.0,yes,100,18290,0.0,1.0
2025-07-01,KXHIGHAUS-25JUL01-B95.5,KXHIGHAUS-25JUL01,95-97F,95.0,95.0,97.0,between,between,0.01,0,93.0,no,0,24604,0.0,1.0
2025-07-01,KXHIGHAUS-25JUL01-B97.5,KXHIGHAUS-25JUL01,97-99F,97.0,97.0,99.0,between,between,0.01,0,93.0,no,0,12623,0.0,1.0
2025-07-01,KXHIGHAUS-25JUL01-B99.5,KXHIGHAUS-25JUL01,99-101F,99.0,99.0,101.0,between,between,0.01,0,93.0,no,0,537,0.0,1.0
2025-07-01,KXHIGHAUS-25JUL01-T100,KXHIGHAUS-25JUL01,Above 100F,100.0,100.0,,above,greater,0.01,0,93.0,no,0,32,0.0,1.0
2025-07-02,KXHIGHAUS-25JUL02-B91.5,KXHIGHAUS-25JUL02,91-93F,91.0,91.0,93.0,between,between,0.01,0,94.0,no,0,9735,0.0,1.0
2025-07-02,KXHIGHAUS-25JUL02-T91,KXHIGHAUS-25JUL02,Below 91F,91.0,,91.0,below,less,0.01,0,94.0,no,0,3428,0.0,1.0
2025-07-02,KXHIGHAUS-25JUL02-B93.5,KXHIGHAUS-25JUL02,93-95F,93.0,93.0,95.0,between,between,0.99,1,94.0,yes,100,11451,0.0,1.0
2025-07-02,KXHIGHAUS-25JUL02-B95.5,KXHIGHAUS-25JUL02,95-97F,95.0,95.0,97.0,between,between,0.01,0,94.0,no,0,9431,0.0,1.0
2025-07-02,KXHIGHAUS-25JUL02-B97.5,KXHIGHAUS-25JUL02,97-99F,97.0,97.0,99.0,between,between,0.01,0,94.0,no,0,5861,0.0,1.0
2025-07-02,KXHIGHAUS-25JUL02-T98,KXHIGHAUS-25JUL02,Above 98F,98.0,98.0,,above,greater,0.01,0,94.0,no,0,1554,0.0,1.0
2025-07-03,KXHIGHAUS-25JUL03-T87,KXHIGHAUS-25JUL03,Below 87F,87.0,,87.0,below,less,0.01,0,87.0,no,0,46203,0.0,1.0
2025-07-03,KXHIGHAUS-25JUL03-B87.5,KXHIGHAUS-25JUL03,87-89F,87.0,87.0,89.0,between,between,0.99,1,87.0,yes,100,6260,0.0,1.0
2025-07-03,KXHIGHAUS-25JUL03-B89.5,KXHIGHAUS-25JUL03,89-91F,89.0,89.0,91.0,between,between,0.01,0,87.0,no,0,9755,0.0,1.0
2025-07-03,KXHIGHAUS-25JUL03-B91.5,KXHIGHAUS-25JUL03,91-93F,91.0,91.0,93.0,between,between,0.01,0,87.0,no,0,6147,0.0,1.0
2025-07-03,KXHIGHAUS-25JUL03-B93.5,KXHIGHAUS-25JUL03,93-95F,93.0,93.0,95.0,between,between,0.01,0,87.0,no,0,802,0.0,1.0
2025-07-03,KXHIGHAUS-25JUL03-T94,KXHIGHAUS-25JUL03,Above 94F,94.0,94.0,,above,greater,0.02,0,87.0,no,0,41,0.0,1.0
2025-07-04,KXHIGHAUS-25JUL04-T88,KXHIGHAUS-25JUL04,Below 88F,88.0,,88.0,below,less,0.99,1,84.0,yes,100,11345,0.0,1.0
2025-07-04,KXHIGHAUS-25JUL04-B88.5,KXHIGHAUS-25JUL04,88-90F,88.0,88.0,90.0,between,between,0.01,0,84.0,no,0,2833,0.0,1.0
2025-07-04,KXHIGHAUS-25JUL04-B90.5,KXHIGHAUS-25JUL04,90-92F,90.0,90.0,92.0,between,between,0.01,0,84.0,no,0,3507,0.0,1.0
2025-07-04,KXHIGHAUS-25JUL04-B92.5,KXHIGHAUS-25JUL04,92-94F,92.0,92.0,94.0,between,between,0.01,0,84.0,no,0,1293,0.0,1.0
2025-07-04,KXHIGHAUS-25JUL04-B94.5,KXHIGHAUS-25JUL04,94-96F,94.0,94.0,96.0,between,between,0.02,0,84.0,no,0,322,0.0,1.0
2025-07-04,KXHIGHAUS-25JUL04-T95,KXHIGHAUS-25JUL04,Above 95F,95.0,95.0,,above,greater,0.02,0,84.0,no,0,200,0.0,1.0
2025-07-05,KXHIGHAUS-25JUL05-T87,KXHIGHAUS-25JUL05,Below 87F,87.0,,87.0,below,less,0.99,1,79.0,yes,100,19290,0.0,1.0
2025-07-05,KXHIGHAUS-25JUL05-B87.5,KXHIGHAUS-25JUL05,87-89F,87.0,87.0,89.0,between,between,0.01,0,79.0,no,0,4124,0.0,1.0
2025-07-05,KXHIGHAUS-25JUL05-B89.5,KXHIGHAUS-25JUL05,89-91F,89.0,89.0,91.0,between,between,0.01,0,79.0,no,0,782,0.0,1.0
2025-07-05,KXHIGHAUS-25JUL05-B91.5,KXHIGHAUS-25JUL05,91-93F,91.0,91.0,93.0,between,between,0.02,0,79.0,no,0,479,0.0,1.0
2025-07-05,KXHIGHAUS-25JUL05-B93.5,KXHIGHAUS-25JUL05,93-95F,93.0,93.0,95.0,between,between,0.01,0,79.0,no,0,366,0.0,1.0
2025-07-05,KXHIGHAUS-25JUL05-T94,KXHIGHAUS-25JUL05,Above 94F,94.0,94.0,,above,greater,0.01,0,79.0,no,0,101,0.0,1.0
2025-07-06,KXHIGHAUS-25JUL06-T87,KXHIGHAUS-25JUL06,Below 87F,87.0,,87.0,below,less,0.01,0,91.0,no,0,4860,0.0,1.0
2025-07-06,KXHIGHAUS-25JUL06-B87.5,KXHIGHAUS-25JUL06,87-89F,87.0,87.0,89.0,between,between,0.01,0,91.0,no,0,10911,0.0,1.0
2025-07-06,KXHIGHAUS-25JUL06-B89.5,KXHIGHAUS-25JUL06,89-91F,89.0,89.0,91.0,between,between,0.01,0,91.0,no,0,361293,0.0,1.0
2025-07-06,KXHIGHAUS-25JUL06-B91.5,KXHIGHAUS-25JUL06,91-93F,91.0,91.0,93.0,between,between,0.99,1,91.0,yes,100,41831,0.0,1.0
2025-07-06,KXHIGHAUS-25JUL06-B93.5,KXHIGHAUS-25JUL06,93-95F,93.0,93.0,95.0,between,between,0.01,0,91.0,no,0,3783,0.0,1.0
2025-07-06,KXHIGHAUS-25JUL06-T94,KXHIGHAUS-25JUL06,Above 94F,94.0,94.0,,above,greater,0.04,0,91.0,no,0,533,0.0,1.0
2025-07-07,KXHIGHAUS-25JUL07-T86,KXHIGHAUS-25JUL07,Below 86F,86.0,,86.0,below,less,0.01,0,91.0,no,0,2015,0.0,1.0
2025-07-07,KXHIGHAUS-25JUL07-B86.5,KXHIGHAUS-25JUL07,86-88F,86.0,86.0,88.0,between,between,0.01,0,91.0,no,0,6931,0.0,1.0
2025-07-07,KXHIGHAUS-25JUL07-B88.5,KXHIGHAUS-25JUL07,88-90F,88.0,88.0,90.0,between,between,0.01,0,91.0,no,0,12542,0.0,1.0
2025-07-07,KXHIGHAUS-25JUL07-B90.5,KXHIGHAUS-25JUL07,90-92F,90.0,90.0,92.0,between,between,0.99,1,91.0,yes,100,11085,0.0,1.0
2025-07-07,KXHIGHAUS-25JUL07-B92.5,KXHIGHAUS-25JUL07,92-94F,92.0,92.0,94.0,between,between,0.01,0,91.0,no,0,7061,0.0,1.0
2025-07-07,KXHIGHAUS-25JUL07-T93,KXHIGHAUS-25JUL07,Above 93F,93.0,93.0,,above,greater,0.01,0,91.0,no,0,3810,0.0,1.0
2025-07-08,KXHIGHAUS-25JUL08-T87,KXHIGHAUS-25JUL08,Below 87F,87.0,,87.0,below,less,0.01,0,94.0,no,0,63,0.0,1.0
2025-07-08,KXHIGHAUS-25JUL08-B87.5,KXHIGHAUS-25JUL08,87-89F,87.0,87.0,89.0,between,between,0.01,0,94.0,no,0,7775,0.0,1.0
2025-07-08,KXHIGHAUS-25JUL08-B89.5,KXHIGHAUS-25JUL08,89-91F,89.0,89.0,91.0,between,between,0.01,0,94.0,no,0,14693,0.0,1.0
2025-07-08,KXHIGHAUS-25JUL08-B91.5,KXHIGHAUS-25JUL08,91-93F,91.0,91.0,93.0,between,between,0.01,0,94.0,no,0,11987,0.0,1.0
2025-07-08,KXHIGHAUS-25JUL08-B93.5,KXHIGHAUS-25JUL08,93-95F,93.0,93.0,95.0,between,between,0.99,1,94.0,yes,100,5259,0.0,1.0
2025-07-08,KXHIGHAUS-25JUL08-T94,KXHIGHAUS-25JUL08,Above 94F,94.0,94.0,,above,greater,0.01,0,94.0,no,0,11237,0.0,1.0
2025-07-09,KXHIGHAUS-25JUL09-B88.5,KXHIGHAUS-25JUL09,88-90F,88.0,88.0,90.0,between,between,0.01,0,91.0,no,0,5849,0.0,1.0
2025-07-09,KXHIGHAUS-25JUL09-T88,KXHIGHAUS-25JUL09,Below 88F,88.0,,88.0,below,less,0.01,0,91.0,no,0,2000,0.0,1.0
2025-07-09,KXHIGHAUS-25JUL09-B90.5,KXHIGHAUS-25JUL09,90-92F,90.0,90.0,92.0,between,between,0.99,1,91.0,yes,100,6961,0.0,1.0
2025-07-09,KXHIGHAUS-25JUL09-B92.5,KXHIGHAUS-25JUL09,92-94F,92.0,92.0,94.0,between,between,0.01,0,91.0,no,0,6749,0.0,1.0
2025-07-09,KXHIGHAUS-25JUL09-B94.5,KXHIGHAUS-25JUL09,94-96F,94.0,94.0,96.0,between,between,0.01,0,91.0,no,0,4027,0.0,1.0
2025-07-09,KXHIGHAUS-25JUL09-T95,KXHIGHAUS-25JUL09,Above 95F,95.0,95.0,,above,greater,0.01,0,91.0,no,0,2175,0.0,1.0
2025-07-10,KXHIGHAUS-25JUL10-B91.5,KXHIGHAUS-25JUL10,91-93F,91.0,91.0,93.0,between,between,0.01,0,93.0,no,0,23910,0.0,1.0
2025-07-10,KXHIGHAUS-25JUL10-T91,KXHIGHAUS-25JUL10,Below 91F,91.0,,91.0,below,less,0.01,0,93.0,no,0,13636,0.0,1.0
2025-07-10,KXHIGHAUS-25JUL10-B93.5,KXHIGHAUS-25JUL10,93-95F,93.0,93.0,95.0,between,between,0.99,1,93.0,yes,100,7625,0.0,1.0
2025-07-10,KXHIGHAUS-25JUL10-B95.5,KXHIGHAUS-25JUL10,95-97F,95.0,95.0,97.0,between,between,0.01,0,93.0,no,0,4864,0.0,1.0
2025-07-10,KXHIGHAUS-25JUL10-B97.5,KXHIGHAUS-25JUL10,97-99F,97.0,97.0,99.0,between,between,0.01,0,93.0,no,0,1652,0.0,1.0
2025-07-10,KXHIGHAUS-25JUL10-T98,KXHIGHAUS-25JUL10,Above 98F,98.0,98.0,,above,greater,0.01,0,93.0,no,0,381,0.0,1.0
2025-07-11,KXHIGHAUS-25JUL11-T90,KXHIGHAUS-25JUL11,Below 90F,90.0,,90.0,below,less,0.01,0,93.0,no,0,2940,0.0,1.0
2025-07-11,KXHIGHAUS-25JUL11-B90.5,KXHIGHAUS-25JUL11,90-92F,90.0,90.0,92.0,between,between,0.01,0,93.0,no,0,12878,0.0,1.0
2025-07-11,KXHIGHAUS-25JUL11-B92.5,KXHIGHAUS-25JUL11,92-94F,92.0,92.0,94.0,between,between,0.99,1,93.0,yes,100,8351,0.0,1.0
2025-07-11,KXHIGHAUS-25JUL11-B94.5,KXHIGHAUS-25JUL11,94-96F,94.0,94.0,96.0,between,between,0.01,0,93.0,no,0,8810,0.0,1.0
2025-07-11,KXHIGHAUS-25JUL11-B96.5,KXHIGHAUS-25JUL11,96-98F,96.0,96.0,98.0,between,between,0.01,0,93.0,no,0,560,0.0,1.0
2025-07-11,KXHIGHAUS-25JUL11-T97,KXHIGHAUS-25JUL11,Above 97F,97.0,97.0,,above,greater,0.02,0,93.0,no,0,166,0.0,1.0
2025-07-12,KXHIGHAUS-25JUL12-T90,KXHIGHAUS-25JUL12,Below 90F,90.0,,90.0,below,less,0.01,0,93.0,no,0,1520,0.0,1.0
2025-07-12,KXHIGHAUS-25JUL12-B90.5,KXHIGHAUS-25JUL12,90-92F,90.0,90.0,92.0,between,between,0.01,0,93.0,no,0,9236,0.0,1.0
2025-07-12,KXHIGHAUS-25JUL12-B92.5,KXHIGHAUS-25JUL12,92-94F,92.0,92.0,94.0,between,between,0.99,1,93.0,yes,100,14938,0.0,1.0
2025-07-12,KXHIGHAUS-25JUL12-B94.5,KXHIGHAUS-25JUL12,94-96F,94.0,94.0,96.0,between,between,0.01,0,93.0,no,0,9904,0.0,1.0
2025-07-12,KXHIGHAUS-25JUL12-B96.5,KXHIGHAUS-25JUL12,96-98F,96.0,96.0,98.0,between,between,0.01,0,93.0,no,0,3033,0.0,1.0
2025-07-12,KXHIGHAUS-25JUL12-T97,KXHIGHAUS-25JUL12,Above 97F,97.0,97.0,,above,greater,0.01,0,93.0,no,0,212,0.0,1.0
2025-07-13,KXHIGHAUS-25JUL13-T87,KXHIGHAUS-25JUL13,Below 87F,87.0,,87.0,below,less,0.99,1,86.0,yes,100,20527,0.0,1.0
2025-07-13,KXHIGHAUS-25JUL13-B87.5,KXHIGHAUS-25JUL13,87-89F,87.0,87.0,89.0,between,between,0.01,0,86.0,no,0,5173,0.0,1.0
2025-07-13,KXHIGHAUS-25JUL13-B89.5,KXHIGHAUS-25JUL13,89-91F,89.0,89.0,91.0,between,between,0.01,0,86.0,no,0,2867,0.0,1.0
2025-07-13,KXHIGHAUS-25JUL13-B91.5,KXHIGHAUS-25JUL13,91-93F,91.0,91.0,93.0,between,between,0.02,0,86.0,no,0,4481,0.0,1.0
2025-07-13,KXHIGHAUS-25JUL13-B93.5,KXHIGHAUS-25JUL13,93-95F,93.0,93.0,95.0,between,between,0.01,0,86.0,no,0,7063,0.0,1.0
2025-07-13,KXHIGHAUS-25JUL13-T94,KXHIGHAUS-25JUL13,Above 94F,94.0,94.0,,above,greater,0.01,0,86.0,no,0,2114,0.0,1.0
2025-07-14,KXHIGHAUS-25JUL14-T87,KXHIGHAUS-25JUL14,Below 87F,87.0,,87.0,below,less,0.05,0,93.0,no,0,650,0.0,1.0
2025-07-14,KXHIGHAUS-25JUL14-B87.5,KXHIGHAUS-25JUL14,87-89F,87.0,87.0,89.0,between,between,0.01,0,93.0,no,0,2427,0.0,1.0
2025-07-14,KXHIGHAUS-25JUL14-B89.5,KXHIGHAUS-25JUL14,89-91F,89.0,89.0,91.0,between,between,0.01,0,93.0,no,0,9696,0.0,1.0
2025-07-14,KXHIGHAUS-25JUL14-B91.5,KXHIGHAUS-25JUL14,91-93F,91.0,91.0,93.0,between,between,0.01,0,93.0,no,0,8754,0.0,1.0
2025-07-14,KXHIGHAUS-25JUL14-B93.5,KXHIGHAUS-25JUL14,93-95F,93.0,93.0,95.0,between,between,0.99,1,93.0,yes,100,7497,0.0,1.0
2025-07-14,KXHIGHAUS-25JUL14-T94,KXHIGHAUS-25JUL14,Above 94F,94.0,94.0,,above,greater,0.01,0,93.0,no,0,5422,0.0,1.0
2025-07-15,KXHIGHAUS-25JUL15-T90,KXHIGHAUS-25JUL15,Below 90F,90.0,,90.0,below,less,0.01,0,93.0,no,0,572,0.0,1.0
2025-07-15,KXHIGHAUS-25JUL15-B90.5,KXHIGHAUS-25JUL15,90-92F,90.0,90.0,92.0,between,between,0.01,0,93.0,no,0,3343,0.0,1.0
2025-07-15,KXHIGHAUS-25JUL15-B92.5,KXHIGHAUS-25JUL15,92-94F,92.0,92.0,94.0,between,between,0.99,1,93.0,yes,100,15395,0.0,1.0
2025-07-15,KXHIGHAUS-25JUL15-B94.5,KXHIGHAUS-25JUL15,94-96F,94.0,94.0,96.0,between,between,0.01,0,93.0,no,0,14150,0.0,1.0
2025-07-15,KXHIGHAUS-25JUL15-B96.5,KXHIGHAUS-25JUL15,96-98F,96.0,96.0,98.0,between,between,0.01,0,93.0,no,0,2033,0.0,1.0
2025-07-15,KXHIGHAUS-25JUL15-T97,KXHIGHAUS-25JUL15,Above 97F,97.0,97.0,,above,greater,0.01,0,93.0,no,0,2385,0.0,1.0
2025-07-16,KXHIGHAUS-25JUL16-T93,KXHIGHAUS-25JUL16,Below 93F,93.0,,93.0,below,less,0.12,0,95.0,no,0,460,0.0,1.0
2025-07-16,KXHIGHAUS-25JUL16-B93.5,KXHIGHAUS-25JUL16,93-95F,93.0,93.0,95.0,between,between,0.01,0,95.0,no,0,10737,0.0,1.0
2025-07-16,KXHIGHAUS-25JUL16-B95.5,KXHIGHAUS-25JUL16,95-97F,95.0,95.0,97.0,between,between,0.99,1,95.0,yes,100,5837,0.0,1.0
2025-07-16,KXHIGHAUS-25JUL16-B97.5,KXHIGHAUS-25JUL16,97-99F,97.0,97.0,99.0,between,between,0.01,0,95.0,no,0,2074,0.0,1.0
2025-07-16,KXHIGHAUS-25JUL16-B99.5,KXHIGHAUS-25JUL16,99-101F,99.0,99.0,101.0,between,between,0.03,0,95.0,no,0,604,0.0,1.0
2025-07-16,KXHIGHAUS-25JUL16-T100,KXHIGHAUS-25JUL16,Above 100F,100.0,100.0,,above,greater,0.01,0,95.0,no,0,74,0.0,1.0
2025-07-17,KXHIGHAUS-25JUL17-B92.5,KXHIGHAUS-25JUL17,92-94F,92.0,92.0,94.0,between,between,0.01,0,95.0,no,0,5433,0.0,1.0
2025-07-17,KXHIGHAUS-25JUL17-T92,KXHIGHAUS-25JUL17,Below 92F,92.0,,92.0,below,less,0.01,0,95.0,no,0,7930,0.0,1.0
2025-07-17,KXHIGHAUS-25JUL17-B94.5,KXHIGHAUS-25JUL17,94-96F,94.0,94.0,96.0,between,between,0.99,1,95.0,yes,100,16540,0.0,1.0
2025-07-17,KXHIGHAUS-25JUL17-B96.5,KXHIGHAUS-25JUL17,96-98F,96.0,96.0,98.0,between,between,0.01,0,95.0,no,0,15558,0.0,1.0
2025-07-17,KXHIGHAUS-25JUL17-B98.5,KXHIGHAUS-25JUL17,98-100F,98.0,98.0,100.0,between,between,0.01,0,95.0,no,0,4641,0.0,1.0
2025-07-17,KXHIGHAUS-25JUL17-T99,KXHIGHAUS-25JUL17,Above 99F,99.0,99.0,,above,greater,0.07,0,95.0,no,0,605,0.0,1.0
2025-07-18,KXHIGHAUS-25JUL18-T90,KXHIGHAUS-25JUL18,Below 90F,90.0,,90.0,below,less,0.01,0,95.0,no,0,554,0.0,1.0
2025-07-18,KXHIGHAUS-25JUL18-B90.5,KXHIGHAUS-25JUL18,90-92F,90.0,90.0,92.0,between,between,0.01,0,95.0,no,0,3187,0.0,1.0
2025-07-18,KXHIGHAUS-25JUL18-B92.5,KXHIGHAUS-25JUL18,92-94F,92.0,92.0,94.0,between,between,0.01,0,95.0,no,0,10928,0.0,1.0
2025-07-18,KXHIGHAUS-25JUL18-B94.5,KXHIGHAUS-25JUL18,94-96F,94.0,94.0,96.0,between,between,0.99,1,95.0,yes,100,8993,0.0,1.0
2025-07-18,KXHIGHAUS-25JUL18-B96.5,KXHIGHAUS-25JUL18,96-98F,96.0,96.0,98.0,between,between,0.01,0,95.0,no,0,6997,0.0,1.0
2025-07-18,KXHIGHAUS-25JUL18-T97,KXHIGHAUS-25JUL18,Above 97F,97.0,97.0,,above,greater,0.01,0,95.0,no,0,3975,0.0,1.0
2025-07-19,KXHIGHAUS-25JUL19-T91,KXHIGHAUS-25JUL19,Below 91F,91.0,,91.0,below,less,0.01,0,94.0,no,0,863,0.0,1.0
2025-07-19,KXHIGHAUS-25JUL19-B91.5,KXHIGHAUS-25JUL19,91-93F,91.0,91.0,93.0,between,between,0.01,0,94.0,no,0,3520,0.0,1.0
2025-07-19,KXHIGHAUS-25JUL19-B93.5,KXHIGHAUS-25JUL19,93-95F,93.0,93.0,95.0,between,between,0.99,1,94.0,yes,100,13206,0.0,1.0
2025-07-19,KXHIGHAUS-25JUL19-B95.5,KXHIGHAUS-25JUL19,95-97F,95.0,95.0,97.0,between,between,0.01,0,94.0,no,0,12280,0.0,1.0
2025-07-19,KXHIGHAUS-25JUL19-B97.5,KXHIGHAUS-25JUL19,97-99F,97.0,97.0,99.0,between,between,0.01,0,94.0,no,0,2454,0.0,1.0
2025-07-19,KXHIGHAUS-25JUL19-T98,KXHIGHAUS-25JUL19,Above 98F,98.0,98.0,,above,greater,0.01,0,94.0,no,0,3156,0.0,1.0
2025-07-20,KXHIGHAUS-25JUL20-T92,KXHIGHAUS-25JUL20,Below 92F,92.0,,92.0,below,less,0.01,0,92.0,no,0,13089,0.0,1.0
2025-07-20,KXHIGHAUS-25JUL20-B92.5,KXHIGHAUS-25JUL20,92-94F,92.0,92.0,94.0,between,between,0.99,1,92.0,yes,100,14529,0.0,1.0
2025-07-20,KXHIGHAUS-25JUL20-B94.5,KXHIGHAUS-25JUL20,94-96F,94.0,94.0,96.0,between,between,0.01,0,92.0,no,0,11002,0.0,1.0
2025-07-20,KXHIGHAUS-25JUL20-B96.5,KXHIGHAUS-25JUL20,96-98F,96.0,96.0,98.0,between,between,0.01,0,92.0,no,0,7709,0.0,1.0
2025-07-20,KXHIGHAUS-25JUL20-B98.5,KXHIGHAUS-25JUL20,98-100F,98.0,98.0,100.0,between,between,0.01,0,92.0,no,0,653,0.0,1.0
2025-07-20,KXHIGHAUS-25JUL20-T99,KXHIGHAUS-25JUL20,Above 99F,99.0,99.0,,above,greater,0.03,0,92.0,no,0,140,0.0,1.0
2025-07-21,KXHIGHAUS-25JUL21-T93,KXHIGHAUS-25JUL21,Below 93F,93.0,,93.0,below,less,0.01,0,93.0,no,0,5053,0.0,1.0
2025-07-21,KXHIGHAUS-25JUL21-B93.5,KXHIGHAUS-25JUL21,93-95F,93.0,93.0,95.0,between,between,0.99,1,93.0,yes,100,14954,0.0,1.0
2025-07-21,KXHIGHAUS-25JUL21-B95.5,KXHIGHAUS-25JUL21,95-97F,95.0,95.0,97.0,between,between,0.01,0,93.0,no,0,9769,0.0,1.0
2025-07-21,KXHIGHAUS-25JUL21-B97.5,KXHIGHAUS-25JUL21,97-99F,97.0,97.0,99.0,between,between,0.01,0,93.0,no,0,5917,0.0,1.0
2025-07-21,KXHIGHAUS-25JUL21-B99.5,KXHIGHAUS-25JUL21,99-101F,99.0,99.0,101.0,between,between,0.01,0,93.0,no,0,1339,0.0,1.0
2025-07-21,KXHIGHAUS-25JUL21-T100,KXHIGHAUS-25JUL21,Above 100F,100.0,100.0,,above,greater,0.01,0,93.0,no,0,498,0.0,1.0
2025-07-22,KXHIGHAUS-25JUL22-B92.5,KXHIGHAUS-25JUL22,92-94F,92.0,92.0,94.0,between,between,0.01,0,97.0,no,0,5606,0.0,1.0
2025-07-22,KXHIGHAUS-25JUL22-T92,KXHIGHAUS-25JUL22,Below 92F,92.0,,92.0,below,less,0.03,0,97.0,no,0,544,0.0,1.0
2025-07-22,KXHIGHAUS-25JUL22-B94.5,KXHIGHAUS-25JUL22,94-96F,94.0,94.0,96.0,between,between,0.01,0,97.0,no,0,12488,0.0,1.0
2025-07-22,KXHIGHAUS-25JUL22-B96.5,KXHIGHAUS-25JUL22,96-98F,96.0,96.0,98.0,between,between,0.99,1,97.0,yes,100,9619,0.0,1.0
2025-07-22,KXHIGHAUS-25JUL22-B98.5,KXHIGHAUS-25JUL22,98-100F,98.0,98.0,100.0,between,between,0.01,0,97.0,no,0,9386,0.0,1.0
2025-07-22,KXHIGHAUS-25JUL22-T99,KXHIGHAUS-25JUL22,Above 99F,99.0,99.0,,above,greater,0.06,0,97.0,no,0,184,0.0,1.0
2025-07-23,KXHIGHAUS-25JUL23-T93,KXHIGHAUS-25JUL23,Below 93F,93.0,,93.0,below,less,0.01,0,98.0,no,0,30,0.0,1.0
2025-07-23,KXHIGHAUS-25JUL23-B93.5,KXHIGHAUS-25JUL23,93-95F,93.0,93.0,95.0,between,between,0.01,0,98.0,no,0,609,0.0,1.0
2025-07-23,KXHIGHAUS-25JUL23-B95.5,KXHIGHAUS-25JUL23,95-97F,95.0,95.0,97.0,between,between,0.01,0,98.0,no,0,5263,0.0,1.0
2025-07-23,KXHIGHAUS-25JUL23-B97.5,KXHIGHAUS-25JUL23,97-99F,97.0,97.0,99.0,between,between,0.99,1,98.0,yes,100,20324,0.0,1.0
2025-07-23,KXHIGHAUS-25JUL23-B99.5,KXHIGHAUS-25JUL23,99-101F,99.0,99.0,101.0,between,between,0.01,0,98.0,no,0,15817,0.0,1.0
2025-07-23,KXHIGHAUS-25JUL23-T100,KXHIGHAUS-25JUL23,Above 100F,100.0,100.0,,above,greater,0.01,0,98.0,no,0,1434,0.0,1.0
2025-07-24,KXHIGHAUS-25JUL24-T97,KXHIGHAUS-25JUL24,Below 97F,97.0,,97.0,below,less,0.01,0,99.0,no,0,2012,0.0,1.0
2025-07-24,KXHIGHAUS-25JUL24-B97.5,KXHIGHAUS-25JUL24,97-99F,97.0,97.0,99.0,between,between,0.01,0,99.0,no,0,11544,0.0,1.0
2025-07-24,KXHIGHAUS-25JUL24-B99.5,KXHIGHAUS-25JUL24,99-101F,99.0,99.0,101.0,between,between,0.99,1,99.0,yes,100,10994,0.0,1.0
2025-07-24,KXHIGHAUS-25JUL24-B101.5,KXHIGHAUS-25JUL24,101-103F,101.0,101.0,103.0,between,between,0.01,0,99.0,no,0,6368,0.0,1.0
2025-07-24,KXHIGHAUS-25JUL24-B103.5,KXHIGHAUS-25JUL24,103-105F,103.0,103.0,105.0,between,between,0.01,0,99.0,no,0,854,0.0,1.0
2025-07-24,KXHIGHAUS-25JUL24-T104,KXHIGHAUS-25JUL24,Above 104F,104.0,104.0,,above,greater,0.0,0,99.0,no,0,0,0.0,1.0
2025-07-25,KXHIGHAUS-25JUL25-B95.5,KXHIGHAUS-25JUL25,95-97F,95.0,95.0,97.0,between,between,0.01,0,89.0,no,0,10254,0.0,1.0
2025-07-25,KXHIGHAUS-25JUL25-T95,KXHIGHAUS-25JUL25,Below 95F,95.0,,95.0,below,less,0.96,1,89.0,yes,100,24522,0.0,1.0
2025-07-25,KXHIGHAUS-25JUL25-B97.5,KXHIGHAUS-25JUL25,97-99F,97.0,97.0,99.0,between,between,0.01,0,89.0,no,0,6860,0.0,1.0
2025-07-25,KXHIGHAUS-25JUL25-B99.5,KXHIGHAUS-25JUL25,99-101F,99.0,99.0,101.0,between,between,0.01,0,89.0,no,0,6354,0.0,1.0
2025-07-25,KXHIGHAUS-25JUL25-B101.5,KXHIGHAUS-25JUL25,101-103F,101.0,101.0,103.0,between,between,0.02,0,89.0,no,0,72,0.0,1.0
2025-07-25,KXHIGHAUS-25JUL25-T102,KXHIGHAUS-25JUL25,Above 102F,102.0,102.0,,above,greater,0.01,0,89.0,no,0,1,0.0,1.0
2025-07-26,KXHIGHAUS-25JUL26-T86,KXHIGHAUS-25JUL26,Below 86F,86.0,,86.0,below,less,0.01,0,94.0,no,0,596,0.0,1.0
2025-07-26,KXHIGHAUS-25JUL26-B86.5,KXHIGHAUS-25JUL26,86-88F,86.0,86.0,88.0,between,between,0.01,0,94.0,no,0,2339,0.0,1.0
2025-07-26,KXHIGHAUS-25JUL26-B88.5,KXHIGHAUS-25JUL26,88-90F,88.0,88.0,90.0,between,between,0.01,0,94.0,no,0,2901,0.0,1.0
2025-07-26,KXHIGHAUS-25JUL26-B90.5,KXHIGHAUS-25JUL26,90-92F,90.0,90.0,92.0,between,between,0.01,0,94.0,no,0,72911,0.0,1.0
2025-07-26,KXHIGHAUS-25JUL26-B92.5,KXHIGHAUS-25JUL26,92-94F,92.0,92.0,94.0,between,between,0.01,0,94.0,no,0,7898,0.0,1.0
2025-07-26,KXHIGHAUS-25JUL26-T93,KXHIGHAUS-25JUL26,Above 93F,93.0,93.0,,above,greater,0.99,1,94.0,yes,100,15870,0.0,1.0
2025-07-27,KXHIGHAUS-25JUL27-T90,KXHIGHAUS-25JUL27,Below 90F,90.0,,90.0,below,less,0.04,0,97.0,no,0,649,0.0,1.0
2025-07-27,KXHIGHAUS-25JUL27-B90.5,KXHIGHAUS-25JUL27,90-92F,90.0,90.0,92.0,between,between,0.01,0,97.0,no,0,2573,0.0,1.0
2025-07-27,KXHIGHAUS-25JUL27-B92.5,KXHIGHAUS-25JUL27,92-94F,92.0,92.0,94.0,between,between,0.01,0,97.0,no,0,4806,0.0,1.0
2025-07-27,KXHIGHAUS-25JUL27-B94.5,KXHIGHAUS-25JUL27,94-96F,94.0,94.0,96.0,between,between,0.01,0,97.0,no,0,11628,0.0,1.0
2025-07-27,KXHIGHAUS-25JUL27-B96.5,KXHIGHAUS-25JUL27,96-98F,96.0,96.0,98.0,between,between,0.99,1,97.0,yes,100,5942,0.0,1.0
2025-07-27,KXHIGHAUS-25JUL27-T97,KXHIGHAUS-25JUL27,Above 97F,97.0,97.0,,above,greater,0.01,0,97.0,no,0,4860,0.0,1.0
2025-07-28,KXHIGHAUS-25JUL28-T93,KXHIGHAUS-25JUL28,Below 93F,93.0,,93.0,below,less,0.01,0,97.0,no,0,641,0.0,1.0
2025-07-28,KXHIGHAUS-25JUL28-B93.5,KXHIGHAUS-25JUL28,93-95F,93.0,93.0,95.0,between,between,0.01,0,97.0,no,0,10460,0.0,1.0
2025-07-28,KXHIGHAUS-25JUL28-B95.5,KXHIGHAUS-25JUL28,95-97F,95.0,95.0,97.0,between,between,0.01,0,97.0,no,0,29900,0.0,1.0
2025-07-28,KXHIGHAUS-25JUL28-B97.5,KXHIGHAUS-25JUL28,97-99F,97.0,97.0,99.0,between,between,0.99,1,97.0,yes,100,19505,0.0,1.0
2025-07-28,KXHIGHAUS-25JUL28-B99.5,KXHIGHAUS-25JUL28,99-101F,99.0,99.0,101.0,between,between,0.01,0,97.0,no,0,7898,0.0,1.0
2025-07-28,KXHIGHAUS-25JUL28-T100,KXHIGHAUS-25JUL28,Above 100F,100.0,100.0,,above,greater,0.01,0,97.0,no,0,873,0.0,1.0
2025-07-29,KXHIGHAUS-25JUL29-T96,KXHIGHAUS-25JUL29,Below 96F,96.0,,96.0,below,less,0.1,0,100.0,no,0,781,0.0,1.0
2025-07-29,KXHIGHAUS-25JUL29-B96.5,KXHIGHAUS-25JUL29,96-98F,96.0,96.0,98.0,between,between,0.01,0,100.0,no,0,10707,0.0,1.0
2025-07-29,KXHIGHAUS-25JUL29-B98.5,KXHIGHAUS-25JUL29,98-100F,98.0,98.0,100.0,between,between,0.01,0,100.0,no,0,17899,0.0,1.0
2025-07-29,KXHIGHAUS-25JUL29-B100.5,KXHIGHAUS-25JUL29,100-102F,100.0,100.0,102.0,between,between,0.99,1,100.0,yes,100,11980,0.0,1.0
2025-07-29,KXHIGHAUS-25JUL29-B102.5,KXHIGHAUS-25JUL29,102-104F,102.0,102.0,104.0,between,between,0.01,0,100.0,no,0,4087,0.0,1.0
2025-07-29,KXHIGHAUS-25JUL29-T103,KXHIGHAUS-25JUL29,Above 103F,103.0,103.0,,above,greater,0.03,0,100.0,no,0,634,0.0,1.0
2025-07-30,KXHIGHAUS-25JUL30-T97,KXHIGHAUS-25JUL30,Below 97F,97.0,,97.0,below,less,0.01,0,100.0,no,0,2307,0.0,1.0
2025-07-30,KXHIGHAUS-25JUL30-B97.5,KXHIGHAUS-25JUL30,97-99F,97.0,97.0,99.0,between,between,0.01,0,100.0,no,0,9491,0.0,1.0
2025-07-30,KXHIGHAUS-25JUL30-B99.5,KXHIGHAUS-25JUL30,99-101F,99.0,99.0,101.0,between,between,0.99,1,100.0,yes,100,17686,0.0,1.0
2025-07-30,KXHIGHAUS-25JUL30-B101.5,KXHIGHAUS-25JUL30,101-103F,101.0,101.0,103.0,between,between,0.01,0,100.0,no,0,13827,0.0,1.0
2025-07-30,KXHIGHAUS-25JUL30-B103.5,KXHIGHAUS-25JUL30,103-105F,103.0,103.0,105.0,between,between,0.01,0,100.0,no,0,5551,0.0,1.0
2025-07-30,KXHIGHAUS-25JUL30-T104,KXHIGHAUS-25JUL30,Above 104F,104.0,104.0,,above,greater,0.01,0,100.0,no,0,298,0.0,1.0
2025-07-31,KXHIGHAUS-25JUL31-T97,KXHIGHAUS-25JUL31,Below 97F,97.0,,97.0,below,less,0.01,0,101.0,no,0,338,0.0,1.0
2025-07-31,KXHIGHAUS-25JUL31-B97.5,KXHIGHAUS-25JUL31,97-99F,97.0,97.0,99.0,between,between,0.01,0,101.0,no,0,3334,0.0,1.0
2025-07-31,KXHIGHAUS-25JUL31-B99.5,KXHIGHAUS-25JUL31,99-101F,99.0,99.0,101.0,between,between,0.01,0,101.0,no,0,11861,0.0,1.0
2025-07-31,KXHIGHAUS-25JUL31-B101.5,KXHIGHAUS-25JUL31,101-103F,101.0,101.0,103.0,between,between,0.99,1,101.0,yes,100,18900,0.0,1.0
2025-07-31,KXHIGHAUS-25JUL31-B103.5,KXHIGHAUS-25JUL31,103-105F,103.0,103.0,105.0,between,between,0.01,0,101.0,no,0,11283,0.0,1.0
2025-07-31,KXHIGHAUS-25JUL31-T104,KXHIGHAUS-25JUL31,Above 104F,104.0,104.0,,above,greater,0.01,0,101.0,no,0,996,0.0,1.0
2025-08-01,KXHIGHAUS-25AUG01-B96.5,KXHIGHAUS-25AUG01,96-98F,96.0,96.0,98.0,between,between,0.01,0,102.0,no,0,4058,0.0,1.0
2025-08-01,KXHIGHAUS-25AUG01-T96,KXHIGHAUS-25AUG01,Below 96F,96.0,,96.0,below,less,0.01,0,102.0,no,0,1007,0.0,1.0
2025-08-01,KXHIGHAUS-25AUG01-B98.5,KXHIGHAUS-25AUG01,98-100F,98.0,98.0,100.0,between,between,0.01,0,102.0,no,0,13397,0.0,1.0
2025-08-01,KXHIGHAUS-25AUG01-B100.5,KXHIGHAUS-25AUG01,100-102F,100.0,100.0,102.0,between,between,0.01,0,102.0,no,0,25459,0.0,1.0
2025-08-01,KXHIGHAUS-25AUG01-B102.5,KXHIGHAUS-25AUG01,102-104F,102.0,102.0,104.0,between,between,0.99,1,102.0,yes,100,12114,0.0,1.0
2025-08-01,KXHIGHAUS-25AUG01-T103,KXHIGHAUS-25AUG01,Above 103F,103.0,103.0,,above,greater,0.01,0,102.0,no,0,4219,0.0,1.0
2025-08-02,KXHIGHAUS-25AUG02-B95.5,KXHIGHAUS-25AUG02,95-97F,95.0,95.0,97.0,between,between,0.01,0,100.0,no,0,9049,0.0,1.0
2025-08-02,KXHIGHAUS-25AUG02-T95,KXHIGHAUS-25AUG02,Below 95F,95.0,,95.0,below,less,0.01,0,100.0,no,0,6252,0.0,1.0
2025-08-02,KXHIGHAUS-25AUG02-B97.5,KXHIGHAUS-25AUG02,97-99F,97.0,97.0,99.0,between,between,0.01,0,100.0,no,0,10332,0.0,1.0
2025-08-02,KXHIGHAUS-25AUG02-B99.5,KXHIGHAUS-25AUG02,99-101F,99.0,99.0,101.0,between,between,0.99,1,100.0,yes,100,7463,0.0,1.0
2025-08-02,KXHIGHAUS-25AUG02-B101.5,KXHIGHAUS-25AUG02,101-103F,101.0,101.0,103.0,between,between,0.01,0,100.0,no,0,8227,0.0,1.0
2025-08-02,KXHIGHAUS-25AUG02-T102,KXHIGHAUS-25AUG02,Above 102F,102.0,102.0,,above,greater,0.01,0,100.0,no,0,1999,0.0,1.0
2025-08-03,KXHIGHAUS-25AUG03-T96,KXHIGHAUS-25AUG03,Below 96F,96.0,,96.0,below,less,0.01,0,99.0,no,0,3411,0.0,1.0
2025-08-03,KXHIGHAUS-25AUG03-B96.5,KXHIGHAUS-25AUG03,96-98F,96.0,96.0,98.0,between,between,0.01,0,99.0,no,0,23857,0.0,1.0
2025-08-03,KXHIGHAUS-25AUG03-B98.5,KXHIGHAUS-25AUG03,98-100F,98.0,98.0,100.0,between,between,0.99,1,99.0,yes,100,15517,0.0,1.0
2025-08-03,KXHIGHAUS-25AUG03-B100.5,KXHIGHAUS-25AUG03,100-102F,100.0,100.0,102.0,between,between,0.01,0,99.0,no,0,13705,0.0,1.0
2025-08-03,KXHIGHAUS-25AUG03-B102.5,KXHIGHAUS-25AUG03,102-104F,102.0,102.0,104.0,between,between,0.01,0,99.0,no,0,4913,0.0,1.0
2025-08-03,KXHIGHAUS-25AUG03-T103,KXHIGHAUS-25AUG03,Above 103F,103.0,103.0,,above,greater,0.01,0,99.0,no,0,762,0.0,1.0
2025-08-04,KXHIGHAUS-25AUG04-T91,KXHIGHAUS-25AUG04,Below 91F,91.0,,91.0,below,less,0.01,0,92.0,no,0,74991,0.0,1.0
2025-08-04,KXHIGHAUS-25AUG04-B91.5,KXHIGHAUS-25AUG04,91-93F,91.0,91.0,93.0,between,between,0.99,1,92.0,yes,100,15025,0.0,1.0
2025-08-04,KXHIGHAUS-25AUG04-B93.5,KXHIGHAUS-25AUG04,93-95F,93.0,93.0,95.0,between,between,0.01,0,92.0,no,0,18423,0.0,1.0
2025-08-04,KXHIGHAUS-25AUG04-B95.5,KXHIGHAUS-25AUG04,95-97F,95.0,95.0,97.0,between,between,0.01,0,92.0,no,0,10995,0.0,1.0
2025-08-04,KXHIGHAUS-25AUG04-B97.5,KXHIGHAUS-25AUG04,97-99F,97.0,97.0,99.0,between,between,0.01,0,92.0,no,0,13313,0.0,1.0
2025-08-04,KXHIGHAUS-25AUG04-T98,KXHIGHAUS-25AUG04,Above 98F,98.0,98.0,,above,greater,0.01,0,92.0,no,0,8528,0.0,1.0
2025-08-05,KXHIGHAUS-25AUG05-B92.5,KXHIGHAUS-25AUG05,92-94F,92.0,92.0,94.0,between,between,0.01,0,96.0,no,0,5411,0.0,1.0
2025-08-05,KXHIGHAUS-25AUG05-T92,KXHIGHAUS-25AUG05,Below 92F,92.0,,92.0,below,less,0.01,0,96.0,no,0,113,0.0,1.0
2025-08-05,KXHIGHAUS-25AUG05-B94.5,KXHIGHAUS-25AUG05,94-96F,94.0,94.0,96.0,between,between,0.01,0,96.0,no,0,20856,0.0,1.0
2025-08-05,KXHIGHAUS-25AUG05-B96.5,KXHIGHAUS-25AUG05,96-98F,96.0,96.0,98.0,between,between,0.99,1,96.0,yes,100,17017,0.0,1.0
2025-08-05,KXHIGHAUS-25AUG05-B98.5,KXHIGHAUS-25AUG05,98-100F,98.0,98.0,100.0,between,between,0.01,0,96.0,no,0,11058,0.0,1.0
2025-08-05,KXHIGHAUS-25AUG05-T99,KXHIGHAUS-25AUG05,Above 99F,99.0,99.0,,above,greater,0.01,0,96.0,no,0,3488,0.0,1.0
2025-08-06,KXHIGHAUS-25AUG06-T93,KXHIGHAUS-25AUG06,Below 93F,93.0,,93.0,below,less,0.01,0,100.0,no,0,10692,0.0,1.0
2025-08-06,KXHIGHAUS-25AUG06-B93.5,KXHIGHAUS-25AUG06,93-95F,93.0,93.0,95.0,between,between,0.01,0,100.0,no,0,11454,0.0,1.0
2025-08-06,KXHIGHAUS-25AUG06-B95.5,KXHIGHAUS-25AUG06,95-97F,95.0,95.0,97.0,between,between,0.01,0,100.0,no,0,17607,0.0,1.0
2025-08-06,KXHIGHAUS-25AUG06-B97.5,KXHIGHAUS-25AUG06,97-99F,97.0,97.0,99.0,between,between,0.01,0,100.0,no,0,18434,0.0,1.0
2025-08-06,KXHIGHAUS-25AUG06-B99.5,KXHIGHAUS-25AUG06,99-101F,99.0,99.0,101.0,between,between,0.99,1,100.0,yes,100,15728,0.0,1.0
2025-08-06,KXHIGHAUS-25AUG06-T100,KXHIGHAUS-25AUG06,Above 100F,100.0,100.0,,above,greater,0.03,0,100.0,no,0,6741,0.0,1.0
2025-08-07,KXHIGHAUS-25AUG07-T95,KXHIGHAUS-25AUG07,Below 95F,95.0,,95.0,below,less,0.01,0,100.0,no,0,1025,0.0,1.0
2025-08-07,KXHIGHAUS-25AUG07-B95.5,KXHIGHAUS-25AUG07,95-97F,95.0,95.0,97.0,between,between,0.01,0,100.0,no,0,1913,0.0,1.0
2025-08-07,KXHIGHAUS-25AUG07-B97.5,KXHIGHAUS-25AUG07,97-99F,97.0,97.0,99.0,between,between,0.01,0,100.0,no,0,20087,0.0,1.0
2025-08-07,KXHIGHAUS-25AUG07-B99.5,KXHIGHAUS-25AUG07,99-101F,99.0,99.0,101.0,between,between,0.99,1,100.0,yes,100,11100,0.0,1.0
2025-08-07,KXHIGHAUS-25AUG07-B101.5,KXHIGHAUS-25AUG07,101-103F,101.0,101.0,103.0,between,between,0.01,0,100.0,no,0,15637,0.0,1.0
2025-08-07,KXHIGHAUS-25AUG07-T102,KXHIGHAUS-25AUG07,Above 102F,102.0,102.0,,above,greater,0.01,0,100.0,no,0,7578,0.0,1.0
2025-08-08,KXHIGHAUS-25AUG08-T96,KXHIGHAUS-25AUG08,Below 96F,96.0,,96.0,below,less,0.02,0,101.0,no,0,100,0.0,1.0
2025-08-08,KXHIGHAUS-25AUG08-B96.5,KXHIGHAUS-25AUG08,96-98F,96.0,96.0,98.0,between,between,0.01,0,101.0,no,0,1120,0.0,1.0
2025-08-08,KXHIGHAUS-25AUG08-B98.5,KXHIGHAUS-25AUG08,98-100F,98.0,98.0,100.0,between,between,0.01,0,101.0,no,0,6895,0.0,1.0
2025-08-08,KXHIGHAUS-25AUG08-B100.5,KXHIGHAUS-25AUG08,100-102F,100.0,100.0,102.0,between,between,0.99,1,101.0,yes,100,10870,0.0,1.0
2025-08-08,KXHIGHAUS-25AUG08-B102.5,KXHIGHAUS-25AUG08,102-104F,102.0,102.0,104.0,between,between,0.01,0,101.0,no,0,7958,0.0,1.0
2025-08-08,KXHIGHAUS-25AUG08-T103,KXHIGHAUS-25AUG08,Above 103F,103.0,103.0,,above,greater,0.01,0,101.0,no,0,1052,0.0,1.0
2025-08-09,KXHIGHAUS-25AUG09-T94,KXHIGHAUS-25AUG09,Below 94F,94.0,,94.0,below,less,0.01,0,99.0,no,0,100,0.0,1.0
2025-08-09,KXHIGHAUS-25AUG09-B94.5,KXHIGHAUS-25AUG09,94-96F,94.0,94.0,96.0,between,between,0.01,0,99.0,no,0,200,0.0,1.0
2025-08-09,KXHIGHAUS-25AUG09-B96.5,KXHIGHAUS-25AUG09,96-98F,96.0,96.0,98.0,between,between,0.01,0,99.0,no,0,9990,0.0,1.0
2025-08-09,KXHIGHAUS-25AUG09-B98.5,KXHIGHAUS-25AUG09,98-100F,98.0,98.0,100.0,between,between,0.99,1,99.0,yes,100,17798,0.0,1.0
2025-08-09,KXHIGHAUS-25AUG09-B100.5,KXHIGHAUS-25AUG09,100-102F,100.0,100.0,102.0,between,between,0.01,0,99.0,no,0,17326,0.0,1.0
2025-08-09,KXHIGHAUS-25AUG09-T101,KXHIGHAUS-25AUG09,Above 101F,101.0,101.0,,above,greater,0.01,0,99.0,no,0,2868,0.0,1.0
2025-08-10,KXHIGHAUS-25AUG10-B93.5,KXHIGHAUS-25AUG10,93-95F,93.0,93.0,95.0,between,between,0.01,0,98.0,no,0,706,0.0,1.0
2025-08-10,KXHIGHAUS-25AUG10-T93,KXHIGHAUS-25AUG10,Below 93F,93.0,,93.0,below,less,0.0,0,98.0,no,0,0,0.0,1.0
2025-08-10,KXHIGHAUS-25AUG10-B95.5,KXHIGHAUS-25AUG10,95-97F,95.0,95.0,97.0,between,between,0.01,0,98.0,no,0,7546,0.0,1.0
2025-08-10,KXHIGHAUS-25AUG10-B97.5,KXHIGHAUS-25AUG10,97-99F,97.0,97.0,99.0,between,between,0.99,1,98.0,yes,100,22216,0.0,1.0
2025-08-10,KXHIGHAUS-25AUG10-B99.5,KXHIGHAUS-25AUG10,99-101F,99.0,99.0,101.0,between,between,0.01,0,98.0,no,0,11157,0.0,1.0
2025-08-10,KXHIGHAUS-25AUG10-T100,KXHIGHAUS-25AUG10,Above 100F,100.0,100.0,,above,greater,0.03,0,98.0,no,0,3183,0.0,1.0
2025-08-11,KXHIGHAUS-25AUG11-B93.5,KXHIGHAUS-25AUG11,93-95F,93.0,93.0,95.0,between,between,0.01,0,99.0,no,0,220,0.0,1.0
2025-08-11,KXHIGHAUS-25AUG11-T93,KXHIGHAUS-25AUG11,Below 93F,93.0,,93.0,below,less,0.01,0,99.0,no,0,5,0.0,1.0
2025-08-11,KXHIGHAUS-25AUG11-B95.5,KXHIGHAUS-25AUG11,95-97F,95.0,95.0,97.0,between,between,0.01,0,99.0,no,0,11343,0.0,1.0
2025-08-11,KXHIGHAUS-25AUG11-B97.5,KXHIGHAUS-25AUG11,97-99F,97.0,97.0,99.0,between,between,0.01,0,99.0,no,0,12264,0.0,1.0
2025-08-11,KXHIGHAUS-25AUG11-B99.5,KXHIGHAUS-25AUG11,99-101F,99.0,99.0,101.0,between,between,0.99,1,99.0,yes,100,11495,0.0,1.0
2025-08-11,KXHIGHAUS-25AUG11-T100,KXHIGHAUS-25AUG11,Above 100F,100.0,100.0,,above,greater,0.01,0,99.0,no,0,3874,0.0,1.0
2025-08-12,KXHIGHAUS-25AUG12-T92,KXHIGHAUS-25AUG12,Below 92F,92.0,,92.0,below,less,0.01,0,99.0,no,0,84,0.0,1.0
2025-08-12,KXHIGHAUS-25AUG12-B92.5,KXHIGHAUS-25AUG12,92-94F,92.0,92.0,94.0,between,between,0.01,0,99.0,no,0,122,0.0,1.0
2025-08-12,KXHIGHAUS-25AUG12-B94.5,KXHIGHAUS-25AUG12,94-96F,94.0,94.0,96.0,between,between,0.01,0,99.0,no,0,5787,0.0,1.0
2025-08-12,KXHIGHAUS-25AUG12-B96.5,KXHIGHAUS-25AUG12,96-98F,96.0,96.0,98.0,between,between,0.01,0,99.0,no,0,18446,0.0,1.0
2025-08-12,KXHIGHAUS-25AUG12-B98.5,KXHIGHAUS-25AUG12,98-100F,98.0,98.0,100.0,between,between,0.99,1,99.0,yes,100,12011,0.0,1.0
2025-08-12,KXHIGHAUS-25AUG12-T99,KXHIGHAUS-25AUG12,Above 99F,99.0,99.0,,above,greater,0.01,0,99.0,no,0,16652,0.0,1.0
2025-08-13,KXHIGHAUS-25AUG13-T93,KXHIGHAUS-25AUG13,Below 93F,93.0,,93.0,below,less,0.01,0,96.0,no,0,5995,0.0,1.0
2025-08-13,KXHIGHAUS-25AUG13-B93.5,KXHIGHAUS-25AUG13,93-95F,93.0,93.0,95.0,between,between,0.01,0,96.0,no,0,11070,0.0,1.0
2025-08-13,KXHIGHAUS-25AUG13-B95.5,KXHIGHAUS-25AUG13,95-97F,95.0,95.0,97.0,between,between,0.99,1,96.0,yes,100,13822,0.0,1.0
2025-08-13,KXHIGHAUS-25AUG13-B97.5,KXHIGHAUS-25AUG13,97-99F,97.0,97.0,99.0,between,between,0.01,0,96.0,no,0,10313,0.0,1.0
2025-08-13,KXHIGHAUS-25AUG13-B99.5,KXHIGHAUS-25AUG13,99-101F,99.0,99.0,101.0,between,between,0.01,0,96.0,no,0,7821,0.0,1.0
2025-08-13,KXHIGHAUS-25AUG13-T100,KXHIGHAUS-25AUG13,Above 100F,100.0,100.0,,above,greater,0.01,0,96.0,no,0,1997,0.0,1.0
2025-08-14,KXHIGHAUS-25AUG14-B92.5,KXHIGHAUS-25AUG14,92-94F,92.0,92.0,94.0,between,between,0.02,0,100.0,no,0,200,0.0,1.0
2025-08-14,KXHIGHAUS-25AUG14-T92,KXHIGHAUS-25AUG14,Below 92F,92.0,,92.0,below,less,0.0,0,100.0,no,0,0,0.0,1.0
2025-08-14,KXHIGHAUS-25AUG14-B94.5,KXHIGHAUS-25AUG14,94-96F,94.0,94.0,96.0,between,between,0.01,0,100.0,no,0,1550,0.0,1.0
2025-08-14,KXHIGHAUS-25AUG14-B96.5,KXHIGHAUS-25AUG14,96-98F,96.0,96.0,98.0,between,between,0.01,0,100.0,no,0,4604,0.0,1.0
2025-08-14,KXHIGHAUS-25AUG14-B98.5,KXHIGHAUS-25AUG14,98-100F,98.0,98.0,100.0,between,between,0.01,0,100.0,no,0,27015,0.0,1.0
2025-08-14,KXHIGHAUS-25AUG14-T99,KXHIGHAUS-25AUG14,Above 99F,99.0,99.0,,above,greater,0.99,1,100.0,yes,100,15128,0.0,1.0
2025-08-15,KXHIGHAUS-25AUG15-B94.5,KXHIGHAUS-25AUG15,94-96F,94.0,94.0,96.0,between,between,0.01,0,97.0,no,0,8382,0.0,1.0
2025-08-15,KXHIGHAUS-25AUG15-T94,KXHIGHAUS-25AUG15,Below 94F,94.0,,94.0,below,less,0.04,0,97.0,no,0,2074,0.0,1.0
2025-08-15,KXHIGHAUS-25AUG15-B96.5,KXHIGHAUS-25AUG15,96-98F,96.0,96.0,98.0,between,between,0.99,1,97.0,yes,100,14188,0.0,1.0
2025-08-15,KXHIGHAUS-25AUG15-B98.5,KXHIGHAUS-25AUG15,98-100F,98.0,98.0,100.0,between,between,0.01,0,97.0,no,0,14837,0.0,1.0
2025-08-15,KXHIGHAUS-25AUG15-B100.5,KXHIGHAUS-25AUG15,100-102F,100.0,100.0,102.0,between,between,0.01,0,97.0,no,0,6655,0.0,1.0
2025-08-15,KXHIGHAUS-25AUG15-T101,KXHIGHAUS-25AUG15,Above 101F,101.0,101.0,,above,greater,0.05,0,97.0,no,0,1355,0.0,1.0
2025-08-16,KXHIGHAUS-25AUG16-T93,KXHIGHAUS-25AUG16,Below 93F,93.0,,93.0,below,less,0.01,0,100.0,no,0,1172,0.0,1.0
2025-08-16,KXHIGHAUS-25AUG16-B93.5,KXHIGHAUS-25AUG16,93-95F,93.0,93.0,95.0,between,between,0.01,0,100.0,no,0,5188,0.0,1.0
2025-08-16,KXHIGHAUS-25AUG16-B95.5,KXHIGHAUS-25AUG16,95-97F,95.0,95.0,97.0,between,between,0.01,0,100.0,no,0,7649,0.0,1.0
2025-08-16,KXHIGHAUS-25AUG16-B97.5,KXHIGHAUS-25AUG16,97-99F,97.0,97.0,99.0,between,between,0.01,0,100.0,no,0,11386,0.0,1.0
2025-08-16,KXHIGHAUS-25AUG16-B99.5,KXHIGHAUS-25AUG16,99-101F,99.0,99.0,101.0,between,between,0.99,1,100.0,yes,100,10247,0.0,1.0
2025-08-16,KXHIGHAUS-25AUG16-T100,KXHIGHAUS-25AUG16,Above 100F,100.0,100.0,,above,greater,0.01,0,100.0,no,0,2054,0.0,1.0
2025-08-17,KXHIGHAUS-25AUG17-T97,KXHIGHAUS-25AUG17,Below 97F,97.0,,97.0,below,less,0.01,0,100.0,no,0,1429,0.0,1.0
2025-08-17,KXHIGHAUS-25AUG17-B97.5,KXHIGHAUS-25AUG17,97-99F,97.0,97.0,99.0,between,between,0.01,0,100.0,no,0,5275,0.0,1.0
2025-08-17,KXHIGHAUS-25AUG17-B99.5,KXHIGHAUS-25AUG17,99-101F,99.0,99.0,101.0,between,between,0.99,1,100.0,yes,100,9108,0.0,1.0
2025-08-17,KXHIGHAUS-25AUG17-B101.5,KXHIGHAUS-25AUG17,101-103F,101.0,101.0,103.0,between,between,0.01,0,100.0,no,0,11444,0.0,1.0
2025-08-17,KXHIGHAUS-25AUG17-B103.5,KXHIGHAUS-25AUG17,103-105F,103.0,103.0,105.0,between,between,0.01,0,100.0,no,0,5288,0.0,1.0
2025-08-17,KXHIGHAUS-25AUG17-T104,KXHIGHAUS-25AUG17,Above 104F,104.0,104.0,,above,greater,0.03,0,100.0,no,0,363,0.0,1.0
2025-08-18,KXHIGHAUS-25AUG18-B95.5,KXHIGHAUS-25AUG18,95-97F,95.0,95.0,97.0,between,between,0.01,0,101.0,no,0,1069,0.0,1.0
2025-08-18,KXHIGHAUS-25AUG18-T95,KXHIGHAUS-25AUG18,Below 95F,95.0,,95.0,below,less,0.01,0,101.0,no,0,93,0.0,1.0
2025-08-18,KXHIGHAUS-25AUG18-B97.5,KXHIGHAUS-25AUG18,97-99F,97.0,97.0,99.0,between,between,0.01,0,101.0,no,0,5154,0.0,1.0
2025-08-18,KXHIGHAUS-25AUG18-B99.5,KXHIGHAUS-25AUG18,99-101F,99.0,99.0,101.0,between,between,0.01,0,101.0,no,0,32829,0.0,1.0
2025-08-18,KXHIGHAUS-25AUG18-B101.5,KXHIGHAUS-25AUG18,101-103F,101.0,101.0,103.0,between,between,0.99,1,101.0,yes,100,21774,0.0,1.0
2025-08-18,KXHIGHAUS-25AUG18-T102,KXHIGHAUS-25AUG18,Above 102F,102.0,102.0,,above,greater,0.01,0,101.0,no,0,19042,0.0,1.0
2025-08-19,KXHIGHAUS-25AUG19-T94,KXHIGHAUS-25AUG19,Below 94F,94.0,,94.0,below,less,0.01,0,94.0,no,0,50150,0.0,1.0
2025-08-19,KXHIGHAUS-25AUG19-B94.5,KXHIGHAUS-25AUG19,94-96F,94.0,94.0,96.0,between,between,0.99,1,94.0,yes,100,25011,0.0,1.0
2025-08-19,KXHIGHAUS-25AUG19-B96.5,KXHIGHAUS-25AUG19,96-98F,96.0,96.0,98.0,between,between,0.01,0,94.0,no,0,18280,0.0,1.0
2025-08-19,KXHIGHAUS-25AUG19-B98.5,KXHIGHAUS-25AUG19,98-100F,98.0,98.0,100.0,between,between,0.01,0,94.0,no,0,14432,0.0,1.0
2025-08-19,KXHIGHAUS-25AUG19-B100.5,KXHIGHAUS-25AUG19,100-102F,100.0,100.0,102.0,between,between,0.01,0,94.0,no,0,14407,0.0,1.0
2025-08-19,KXHIGHAUS-25AUG19-T101,KXHIGHAUS-25AUG19,Above 101F,101.0,101.0,,above,greater,0.01,0,94.0,no,0,6750,0.0,1.0
2025-08-20,KXHIGHAUS-25AUG20-B97.5,KXHIGHAUS-25AUG20,97-99F,97.0,97.0,99.0,between,between,0.01,0,100.0,no,0,4936,0.0,1.0
2025-08-20,KXHIGHAUS-25AUG20-T97,KXHIGHAUS-25AUG20,Below 97F,97.0,,97.0,below,less,0.01,0,100.0,no,0,9908,0.0,1.0
2025-08-20,KXHIGHAUS-25AUG20-B99.5,KXHIGHAUS-25AUG20,99-101F,99.0,99.0,101.0,between,between,0.99,1,100.0,yes,100,14279,0.0,1.0
2025-08-20,KXHIGHAUS-25AUG20-B101.5,KXHIGHAUS-25AUG20,101-103F,101.0,101.0,103.0,between,between,0.01,0,100.0,no,0,12802,0.0,1.0
2025-08-20,KXHIGHAUS-25AUG20-B103.5,KXHIGHAUS-25AUG20,103-105F,103.0,103.0,105.0,between,between,0.01,0,100.0,no,0,2333,0.0,1.0
2025-08-20,KXHIGHAUS-25AUG20-T104,KXHIGHAUS-25AUG20,Above 104F,104.0,104.0,,above,greater,0.01,0,100.0,no,0,51,0.0,1.0
2025-08-21,KXHIGHAUS-25AUG21-T94,KXHIGHAUS-25AUG21,Below 94F,94.0,,94.0,below,less,0.01,0,96.0,no,0,12648,0.0,1.0
2025-08-21,KXHIGHAUS-25AUG21-B94.5,KXHIGHAUS-25AUG21,94-96F,94.0,94.0,96.0,between,between,0.01,0,96.0,no,0,29655,0.0,1.0
2025-08-21,KXHIGHAUS-25AUG21-B96.5,KXHIGHAUS-25AUG21,96-98F,96.0,96.0,98.0,between,between,0.99,1,96.0,yes,100,13584,0.0,1.0
2025-08-21,KXHIGHAUS-25AUG21-B98.5,KXHIGHAUS-25AUG21,98-100F,98.0,98.0,100.0,between,between,0.01,0,96.0,no,0,6917,0.0,1.0
2025-08-21,KXHIGHAUS-25AUG21-B100.5,KXHIGHAUS-25AUG21,100-102F,100.0,100.0,102.0,between,between,0.01,0,96.0,no,0,3127,0.0,1.0
2025-08-21,KXHIGHAUS-25AUG21-T101,KXHIGHAUS-25AUG21,Above 101F,101.0,101.0,,above,greater,0.01,0,96.0,no,0,1136,0.0,1.0
2025-08-22,KXHIGHAUS-25AUG22-T89,KXHIGHAUS-25AUG22,Below 89F,89.0,,89.0,below,less,0.01,0,95.0,no,0,2493,0.0,1.0
2025-08-22,KXHIGHAUS-25AUG22-B89.5,KXHIGHAUS-25AUG22,89-91F,89.0,89.0,91.0,between,between,0.01,0,95.0,no,0,5226,0.0,1.0
2025-08-22,KXHIGHAUS-25AUG22-B91.5,KXHIGHAUS-25AUG22,91-93F,91.0,91.0,93.0,between,between,0.01,0,95.0,no,0,5518,0.0,1.0
2025-08-22,KXHIGHAUS-25AUG22-B93.5,KXHIGHAUS-25AUG22,93-95F,93.0,93.0,95.0,between,between,0.01,0,95.0,no,0,8692,0.0,1.0
2025-08-22,KXHIGHAUS-25AUG22-B95.5,KXHIGHAUS-25AUG22,95-97F,95.0,95.0,97.0,between,between,0.99,1,95.0,yes,100,8894,0.0,1.0
2025-08-22,KXHIGHAUS-25AUG22-T96,KXHIGHAUS-25AUG22,Above 96F,96.0,96.0,,above,greater,0.01,0,95.0,no,0,7226,0.0,1.0
2025-08-23,KXHIGHAUS-25AUG23-T88,KXHIGHAUS-25AUG23,Below 88F,88.0,,88.0,below,less,0.01,0,96.0,no,0,261,0.0,1.0
2025-08-23,KXHIGHAUS-25AUG23-B88.5,KXHIGHAUS-25AUG23,88-90F,88.0,88.0,90.0,between,between,0.01,0,96.0,no,0,100,0.0,1.0
2025-08-23,KXHIGHAUS-25AUG23-B90.5,KXHIGHAUS-25AUG23,90-92F,90.0,90.0,92.0,between,between,0.01,0,96.0,no,0,2025,0.0,1.0
2025-08-23,KXHIGHAUS-25AUG23-B92.5,KXHIGHAUS-25AUG23,92-94F,92.0,92.0,94.0,between,between,0.01,0,96.0,no,0,5156,0.0,1.0
2025-08-23,KXHIGHAUS-25AUG23-B94.5,KXHIGHAUS-25AUG23,94-96F,94.0,94.0,96.0,between,between,0.01,0,96.0,no,0,13180,0.0,1.0
2025-08-23,KXHIGHAUS-25AUG23-T95,KXHIGHAUS-25AUG23,Above 95F,95.0,95.0,,above,greater,0.99,1,96.0,yes,100,14790,0.0,1.0
2025-08-24,KXHIGHAUS-25AUG24-T93,KXHIGHAUS-25AUG24,Below 93F,93.0,,93.0,below,less,0.03,0,99.0,no,0,4737,0.0,1.0
2025-08-24,KXHIGHAUS-25AUG24-B93.5,KXHIGHAUS-25AUG24,93-95F,93.0,93.0,95.0,between,between,0.01,0,99.0,no,0,1624,0.0,1.0
2025-08-24,KXHIGHAUS-25AUG24-B95.5,KXHIGHAUS-25AUG24,95-97F,95.0,95.0,97.0,between,between,0.01,0,99.0,no,0,4016,0.0,1.0
2025-08-24,KXHIGHAUS-25AUG24-B97.5,KXHIGHAUS-25AUG24,97-99F,97.0,97.0,99.0,between,between,0.01,0,99.0,no,0,17143,0.0,1.0
2025-08-24,KXHIGHAUS-25AUG24-B99.5,KXHIGHAUS-25AUG24,99-101F,99.0,99.0,101.0,between,between,0.99,1,99.0,yes,100,10443,0.0,1.0
2025-08-24,KXHIGHAUS-25AUG24-T100,KXHIGHAUS-25AUG24,Above 100F,100.0,100.0,,above,greater,0.01,0,99.0,no,0,5667,0.0,1.0
2025-08-25,KXHIGHAUS-25AUG25-T94,KXHIGHAUS-25AUG25,Below 94F,94.0,,94.0,below,less,0.01,0,98.0,no,0,95,0.0,1.0
2025-08-25,KXHIGHAUS-25AUG25-B94.5,KXHIGHAUS-25AUG25,94-96F,94.0,94.0,96.0,between,between,0.01,0,98.0,no,0,7497,0.0,1.0
2025-08-25,KXHIGHAUS-25AUG25-B96.5,KXHIGHAUS-25AUG25,96-98F,96.0,96.0,98.0,between,between,0.01,0,98.0,no,0,17218,0.0,1.0
2025-08-25,KXHIGHAUS-25AUG25-B98.5,KXHIGHAUS-25AUG25,98-100F,98.0,98.0,100.0,between,between,0.99,1,98.0,yes,100,19876,0.0,1.0
2025-08-25,KXHIGHAUS-25AUG25-B100.5,KXHIGHAUS-25AUG25,100-102F,100.0,100.0,102.0,between,between,0.01,0,98.0,no,0,5541,0.0,1.0
2025-08-25,KXHIGHAUS-25AUG25-T101,KXHIGHAUS-25AUG25,Above 101F,101.0,101.0,,above,greater,0.01,0,98.0,no,0,1863,0.0,1.0
2025-08-26,KXHIGHAUS-25AUG26-T94,KXHIGHAUS-25AUG26,Below 94F,94.0,,94.0,below,less,0.01,0,98.0,no,0,6142,0.0,1.0
2025-08-26,KXHIGHAUS-25AUG26-B94.5,KXHIGHAUS-25AUG26,94-96F,94.0,94.0,96.0,between,between,0.01,0,98.0,no,0,10251,0.0,1.0
2025-08-26,KXHIGHAUS-25AUG26-B96.5,KXHIGHAUS-25AUG26,96-98F,96.0,96.0,98.0,between,between,0.01,0,98.0,no,0,14423,0.0,1.0
2025-08-26,KXHIGHAUS-25AUG26-B98.5,KXHIGHAUS-25AUG26,98-100F,98.0,98.0,100.0,between,between,0.99,1,98.0,yes,100,19585,0.0,1.0
2025-08-26,KXHIGHAUS-25AUG26-B100.5,KXHIGHAUS-25AUG26,100-102F,100.0,100.0,102.0,between,between,0.01,0,98.0,no,0,8149,0.0,1.0
2025-08-26,KXHIGHAUS-25AUG26-T101,KXHIGHAUS-25AUG26,Above 101F,101.0,101.0,,above,greater,0.01,0,98.0,no,0,1267,0.0,1.0
2025-08-27,KXHIGHAUS-25AUG27-B92.5,KXHIGHAUS-25AUG27,92-94F,92.0,92.0,94.0,between,between,0.01,0,96.0,no,0,16192,0.0,1.0
2025-08-27,KXHIGHAUS-25AUG27-T92,KXHIGHAUS-25AUG27,Below 92F,92.0,,92.0,below,less,0.01,0,96.0,no,0,13565,0.0,1.0
2025-08-27,KXHIGHAUS-25AUG27-B94.5,KXHIGHAUS-25AUG27,94-96F,94.0,94.0,96.0,between,between,0.01,0,96.0,no,0,19463,0.0,1.0
2025-08-27,KXHIGHAUS-25AUG27-B96.5,KXHIGHAUS-25AUG27,96-98F,96.0,96.0,98.0,between,between,0.99,1,96.0,yes,100,15874,0.0,1.0
2025-08-27,KXHIGHAUS-25AUG27-B98.5,KXHIGHAUS-25AUG27,98-100F,98.0,98.0,100.0,between,between,0.01,0,96.0,no,0,10214,0.0,1.0
2025-08-27,KXHIGHAUS-25AUG27-T99,KXHIGHAUS-25AUG27,Above 99F,99.0,99.0,,above,greater,0.01,0,96.0,no,0,3162,0.0,1.0
2025-08-28,KXHIGHAUS-25AUG28-T95,KXHIGHAUS-25AUG28,Below 95F,95.0,,95.0,below,less,0.03,0,100.0,no,0,624,0.0,1.0
2025-08-28,KXHIGHAUS-25AUG28-B95.5,KXHIGHAUS-25AUG28,95-97F,95.0,95.0,97.0,between,between,0.01,0,100.0,no,0,4066,0.0,1.0
2025-08-28,KXHIGHAUS-25AUG28-B97.5,KXHIGHAUS-25AUG28,97-99F,97.0,97.0,99.0,between,between,0.01,0,100.0,no,0,13673,0.0,1.0
2025-08-28,KXHIGHAUS-25AUG28-B99.5,KXHIGHAUS-25AUG28,99-101F,99.0,99.0,101.0,between,between,0.99,1,100.0,yes,100,14983,0.0,1.0
2025-08-28,KXHIGHAUS-25AUG28-B101.5,KXHIGHAUS-25AUG28,101-103F,101.0,101.0,103.0,between,between,0.03,0,100.0,no,0,12784,0.0,1.0
2025-08-28,KXHIGHAUS-25AUG28-T102,KXHIGHAUS-25AUG28,Above 102F,102.0,102.0,,above,greater,0.02,0,100.0,no,0,2536,0.0,1.0
2025-08-29,KXHIGHAUS-25AUG29-T96,KXHIGHAUS-25AUG29,Below 96F,96.0,,96.0,below,less,0.01,0,99.0,no,0,6350,0.0,1.0
2025-08-29,KXHIGHAUS-25AUG29-B96.5,KXHIGHAUS-25AUG29,96-98F,96.0,96.0,98.0,between,between,0.01,0,99.0,no,0,8080,0.0,1.0
2025-08-29,KXHIGHAUS-25AUG29-B98.5,KXHIGHAUS-25AUG29,98-100F,98.0,98.0,100.0,between,between,0.99,1,99.0,yes,100,15133,0.0,1.0
2025-08-29,KXHIGHAUS-25AUG29-B100.5,KXHIGHAUS-25AUG29,100-102F,100.0,100.0,102.0,between,between,0.01,0,99.0,no,0,13485,0.0,1.0
2025-08-29,KXHIGHAUS-25AUG29-B102.5,KXHIGHAUS-25AUG29,102-104F,102.0,102.0,104.0,between,between,0.01,0,99.0,no,0,10811,0.0,1.0
2025-08-29,KXHIGHAUS-25AUG29-T103,KXHIGHAUS-25AUG29,Above 103F,103.0,103.0,,above,greater,0.04,0,99.0,no,0,1147,0.0,1.0
2025-08-30,KXHIGHAUS-25AUG30-T93,KXHIGHAUS-25AUG30,Below 93F,93.0,,93.0,below,less,0.01,0,101.0,no,0,37,0.0,1.0
2025-08-30,KXHIGHAUS-25AUG30-B93.5,KXHIGHAUS-25AUG30,93-95F,93.0,93.0,95.0,between,between,0.01,0,101.0,no,0,4198,0.0,1.0
2025-08-30,KXHIGHAUS-25AUG30-B95.5,KXHIGHAUS-25AUG30,95-97F,95.0,95.0,97.0,between,between,0.12,0,101.0,no,0,5333,0.0,1.0
2025-08-30,KXHIGHAUS-25AUG30-B97.5,KXHIGHAUS-25AUG30,97-99F,97.0,97.0,99.0,between,between,0.01,0,101.0,no,0,13175,0.0,1.0
2025-08-30,KXHIGHAUS-25AUG30-B99.5,KXHIGHAUS-25AUG30,99-101F,99.0,99.0,101.0,between,between,0.01,0,101.0,no,0,16066,0.0,1.0
2025-08-30,KXHIGHAUS-25AUG30-T100,KXHIGHAUS-25AUG30,Above 100F,100.0,100.0,,above,greater,0.99,1,101.0,yes,100,7660,0.0,1.0
2025-08-31,KXHIGHAUS-25AUG31-B87.5,KXHIGHAUS-25AUG31,87-89F,87.0,87.0,89.0,between,between,0.01,0,89.0,no,0,36359,0.0,1.0
2025-08-31,KXHIGHAUS-25AUG31-T87,KXHIGHAUS-25AUG31,Below 87F,87.0,,87.0,below,less,0.01,0,89.0,no,0,32623,0.0,1.0
2025-08-31,KXHIGHAUS-25AUG31-B89.5,KXHIGHAUS-25AUG31,89-91F,89.0,89.0,91.0,between,between,0.99,1,89.0,yes,100,14826,0.0,1.0
2025-08-31,KXHIGHAUS-25AUG31-B91.5,KXHIGHAUS-25AUG31,91-93F,91.0,91.0,93.0,between,between,0.01,0,89.0,no,0,11643,0.0,1.0
2025-08-31,KXHIGHAUS-25AUG31-B93.5,KXHIGHAUS-25AUG31,93-95F,93.0,93.0,95.0,between,between,0.01,0,89.0,no,0,11446,0.0,1.0
2025-08-31,KXHIGHAUS-25AUG31-T94,KXHIGHAUS-25AUG31,Above 94F,94.0,94.0,,above,greater,0.01,0,89.0,no,0,8516,0.0,1.0
2025-09-01,KXHIGHAUS-25SEP01-T84,KXHIGHAUS-25SEP01,Below 84F,84.0,,84.0,below,less,0.01,0,95.0,no,0,468,0.0,1.0
2025-09-01,KXHIGHAUS-25SEP01-B84.5,KXHIGHAUS-25SEP01,84-86F,84.0,84.0,86.0,between,between,0.01,0,95.0,no,0,1,0.0,1.0
2025-09-01,KXHIGHAUS-25SEP01-B86.5,KXHIGHAUS-25SEP01,86-88F,86.0,86.0,88.0,between,between,0.01,0,95.0,no,0,902,0.0,1.0
2025-09-01,KXHIGHAUS-25SEP01-B88.5,KXHIGHAUS-25SEP01,88-90F,88.0,88.0,90.0,between,between,0.01,0,95.0,no,0,18401,0.0,1.0
2025-09-01,KXHIGHAUS-25SEP01-B90.5,KXHIGHAUS-25SEP01,90-92F,90.0,90.0,92.0,between,between,0.01,0,95.0,no,0,8093,0.0,1.0
2025-09-01,KXHIGHAUS-25SEP01-T91,KXHIGHAUS-25SEP01,Above 91F,91.0,91.0,,above,greater,0.99,1,95.0,yes,100,29510,0.0,1.0
2025-09-02,KXHIGHAUS-25SEP02-T92,KXHIGHAUS-25SEP02,Below 92F,92.0,,92.0,below,less,0.09,0,98.0,no,0,3101,0.0,1.0
2025-09-02,KXHIGHAUS-25SEP02-B92.5,KXHIGHAUS-25SEP02,92-94F,92.0,92.0,94.0,between,between,0.01,0,98.0,no,0,5429,0.0,1.0
2025-09-02,KXHIGHAUS-25SEP02-B94.5,KXHIGHAUS-25SEP02,94-96F,94.0,94.0,96.0,between,between,0.01,0,98.0,no,0,12827,0.0,1.0
2025-09-02,KXHIGHAUS-25SEP02-B96.5,KXHIGHAUS-25SEP02,96-98F,96.0,96.0,98.0,between,between,0.01,0,98.0,no,0,14163,0.0,1.0
2025-09-02,KXHIGHAUS-25SEP02-B98.5,KXHIGHAUS-25SEP02,98-100F,98.0,98.0,100.0,between,between,0.99,1,98.0,yes,100,14920,0.0,1.0
2025-09-02,KXHIGHAUS-25SEP02-T99,KXHIGHAUS-25SEP02,Above 99F,99.0,99.0,,above,greater,0.01,0,98.0,no,0,6382,0.0,1.0
2025-09-03,KXHIGHAUS-25SEP03-T94,KXHIGHAUS-25SEP03,Below 94F,94.0,,94.0,below,less,0.05,0,99.0,no,0,118,0.0,1.0
2025-09-03,KXHIGHAUS-25SEP03-B94.5,KXHIGHAUS-25SEP03,94-96F,94.0,94.0,96.0,between,between,0.01,0,99.0,no,0,7821,0.0,1.0
2025-09-03,KXHIGHAUS-25SEP03-B96.5,KXHIGHAUS-25SEP03,96-98F,96.0,96.0,98.0,between,between,0.01,0,99.0,no,0,14669,0.0,1.0
2025-09-03,KXHIGHAUS-25SEP03-B98.5,KXHIGHAUS-25SEP03,98-100F,98.0,98.0,100.0,between,between,0.99,1,99.0,yes,100,8966,0.0,1.0
2025-09-03,KXHIGHAUS-25SEP03-B100.5,KXHIGHAUS-25SEP03,100-102F,100.0,100.0,102.0,between,between,0.01,0,99.0,no,0,10279,0.0,1.0
2025-09-03,KXHIGHAUS-25SEP03-T101,KXHIGHAUS-25SEP03,Above 101F,101.0,101.0,,above,greater,0.01,0,99.0,no,0,3919,0.0,1.0
2025-09-04,KXHIGHAUS-25SEP04-T98,KXHIGHAUS-25SEP04,Below 98F,98.0,,98.0,below,less,0.05,0,103.0,no,0,1728,0.0,1.0
2025-09-04,KXHIGHAUS-25SEP04-B98.5,KXHIGHAUS-25SEP04,98-100F,98.0,98.0,100.0,between,between,0.01,0,103.0,no,0,2222,0.0,1.0
2025-09-04,KXHIGHAUS-25SEP04-B100.5,KXHIGHAUS-25SEP04,100-102F,100.0,100.0,102.0,between,between,0.01,0,103.0,no,0,14371,0.0,1.0
2025-09-04,KXHIGHAUS-25SEP04-B102.5,KXHIGHAUS-25SEP04,102-104F,102.0,102.0,104.0,between,between,0.99,1,103.0,yes,100,11624,0.0,1.0
2025-09-04,KXHIGHAUS-25SEP04-B104.5,KXHIGHAUS-25SEP04,104-106F,104.0,104.0,106.0,between,between,0.01,0,103.0,no,0,10454,0.0,1.0
2025-09-04,KXHIGHAUS-25SEP04-T105,KXHIGHAUS-25SEP04,Above 105F,105.0,105.0,,above,greater,0.01,0,103.0,no,0,3730,0.0,1.0
2025-09-05,KXHIGHAUS-25SEP05-B98.5,KXHIGHAUS-25SEP05,98-100F,98.0,98.0,100.0,between,between,0.01,0,100.0,no,0,23225,0.0,1.0
2025-09-05,KXHIGHAUS-25SEP05-T98,KXHIGHAUS-25SEP05,Below 98F,98.0,,98.0,below,less,0.01,0,100.0,no,0,4496,0.0,1.0
2025-09-05,KXHIGHAUS-25SEP05-B100.5,KXHIGHAUS-25SEP05,100-102F,100.0,100.0,102.0,between,between,0.99,1,100.0,yes,100,8308,0.0,1.0
2025-09-05,KXHIGHAUS-25SEP05-B102.5,KXHIGHAUS-25SEP05,102-104F,102.0,102.0,104.0,between,between,0.01,0,100.0,no,0,6503,0.0,1.0
2025-09-05,KXHIGHAUS-25SEP05-B104.5,KXHIGHAUS-25SEP05,104-106F,104.0,104.0,106.0,between,between,0.05,0,100.0,no,0,3,0.0,1.0
2025-09-05,KXHIGHAUS-25SEP05-T105,KXHIGHAUS-25SEP05,Above 105F,105.0,105.0,,above,greater,0.0,0,100.0,no,0,0,0.0,1.0
2025-09-06,KXHIGHAUS-25SEP06-T87,KXHIGHAUS-25SEP06,Below 87F,87.0,,87.0,below,less,0.01,0,89.0,no,0,36985,0.0,1.0
2025-09-06,KXHIGHAUS-25SEP06-B87.5,KXHIGHAUS-25SEP06,87-89F,87.0,87.0,89.0,between,between,0.01,0,89.0,no,0,15709,0.0,1.0
2025-09-06,KXHIGHAUS-25SEP06-B89.5,KXHIGHAUS-25SEP06,89-91F,89.0,89.0,91.0,between,between,0.99,1,89.0,yes,100,17601,0.0,1.0
2025-09-06,KXHIGHAUS-25SEP06-B91.5,KXHIGHAUS-25SEP06,91-93F,91.0,91.0,93.0,between,between,0.01,0,89.0,no,0,10097,0.0,1.0
2025-09-06,KXHIGHAUS-25SEP06-B93.5,KXHIGHAUS-25SEP06,93-95F,93.0,93.0,95.0,between,between,0.01,0,89.0,no,0,5152,0.0,1.0
2025-09-06,KXHIGHAUS-25SEP06-T94,KXHIGHAUS-25SEP06,Above 94F,94.0,94.0,,above,greater,0.01,0,89.0,no,0,2548,0.0,1.0
2025-09-07,KXHIGHAUS-25SEP07-T82,KXHIGHAUS-25SEP07,Below 82F,82.0,,82.0,below,less,0.99,1,76.0,yes,100,25156,0.0,1.0
2025-09-07,KXHIGHAUS-25SEP07-B82.5,KXHIGHAUS-25SEP07,82-84F,82.0,82.0,84.0,between,between,0.01,0,76.0,no,0,9488,0.0,1.0
2025-09-07,KXHIGHAUS-25SEP07-B84.5,KXHIGHAUS-25SEP07,84-86F,84.0,84.0,86.0,between,between,0.01,0,76.0,no,0,9098,0.0,1.0
2025-09-07,KXHIGHAUS-25SEP07-B86.5,KXHIGHAUS-25SEP07,86-88F,86.0,86.0,88.0,between,between,0.01,0,76.0,no,0,4602,0.0,1.0
2025-09-07,KXHIGHAUS-25SEP07-B88.5,KXHIGHAUS-25SEP07,88-90F,88.0,88.0,90.0,between,between,0.01,0,76.0,no,0,5144,0.0,1.0
2025-09-07,KXHIGHAUS-25SEP07-T89,KXHIGHAUS-25SEP07,Above 89F,89.0,89.0,,above,greater,0.01,0,76.0,no,0,6815,0.0,1.0
2025-09-08,KXHIGHAUS-25SEP08-T86,KXHIGHAUS-25SEP08,Below 86F,86.0,,86.0,below,less,0.01,0,90.0,no,0,592,0.0,1.0
2025-09-08,KXHIGHAUS-25SEP08-B86.5,KXHIGHAUS-25SEP08,86-88F,86.0,86.0,88.0,between,between,0.01,0,90.0,no,0,9683,0.0,1.0
2025-09-08,KXHIGHAUS-25SEP08-B88.5,KXHIGHAUS-25SEP08,88-90F,88.0,88.0,90.0,between,between,0.01,0,90.0,no,0,14199,0.0,1.0
2025-09-08,KXHIGHAUS-25SEP08-B90.5,KXHIGHAUS-25SEP08,90-92F,90.0,90.0,92.0,between,between,0.99,1,90.0,yes,100,8934,0.0,1.0
2025-09-08,KXHIGHAUS-25SEP08-B92.5,KXHIGHAUS-25SEP08,92-94F,92.0,92.0,94.0,between,between,0.01,0,90.0,no,0,10711,0.0,1.0
2025-09-08,KXHIGHAUS-25SEP08-T93,KXHIGHAUS-25SEP08,Above 93F,93.0,93.0,,above,greater,0.04,0,90.0,no,0,3149,0.0,1.0
2025-09-09,KXHIGHAUS-25SEP09-T89,KXHIGHAUS-25SEP09,Below 89F,89.0,,89.0,below,less,0.01,0,93.0,no,0,406,0.0,1.0
2025-09-09,KXHIGHAUS-25SEP09-B89.5,KXHIGHAUS-25SEP09,89-91F,89.0,89.0,91.0,between,between,0.01,0,93.0,no,0,7344,0.0,1.0
2025-09-09,KXHIGHAUS-25SEP09-B91.5,KXHIGHAUS-25SEP09,91-93F,91.0,91.0,93.0,between,between,0.01,0,93.0,no,0,40937,0.0,1.0
2025-09-09,KXHIGHAUS-25SEP09-B93.5,KXHIGHAUS-25SEP09,93-95F,93.0,93.0,95.0,between,between,0.99,1,93.0,yes,100,22635,0.0,1.0
2025-09-09,KXHIGHAUS-25SEP09-B95.5,KXHIGHAUS-25SEP09,95-97F,95.0,95.0,97.0,between,between,0.01,0,93.0,no,0,6087,0.0,1.0
2025-09-09,KXHIGHAUS-25SEP09-T96,KXHIGHAUS-25SEP09,Above 96F,96.0,96.0,,above,greater,0.07,0,93.0,no,0,164,0.0,1.0
2025-09-10,KXHIGHAUS-25SEP10-T92,KXHIGHAUS-25SEP10,Below 92F,92.0,,92.0,below,less,0.01,0,97.0,no,0,3466,0.0,1.0
2025-09-10,KXHIGHAUS-25SEP10-B92.5,KXHIGHAUS-25SEP10,92-94F,92.0,92.0,94.0,between,between,0.01,0,97.0,no,0,3804,0.0,1.0
2025-09-10,KXHIGHAUS-25SEP10-B94.5,KXHIGHAUS-25SEP10,94-96F,94.0,94.0,96.0,between,between,0.01,0,97.0,no,0,11960,0.0,1.0
2025-09-10,KXHIGHAUS-25SEP10-B96.5,KXHIGHAUS-25SEP10,96-98F,96.0,96.0,98.0,between,between,0.99,1,97.0,yes,100,13668,0.0,1.0
2025-09-10,KXHIGHAUS-25SEP10-B98.5,KXHIGHAUS-25SEP10,98-100F,98.0,98.0,100.0,between,between,0.05,0,97.0,no,0,4454,0.0,1.0
2025-09-10,KXHIGHAUS-25SEP10-T99,KXHIGHAUS-25SEP10,Above 99F,99.0,99.0,,above,greater,0.01,0,97.0,no,0,548,0.0,1.0
2025-09-11,KXHIGHAUS-25SEP11-T93,KXHIGHAUS-25SEP11,Below 93F,93.0,,93.0,below,less,0.01,0,97.0,no,0,1580,0.0,1.0
2025-09-11,KXHIGHAUS-25SEP11-B93.5,KXHIGHAUS-25SEP11,93-95F,93.0,93.0,95.0,between,between,0.01,0,97.0,no,0,9473,0.0,1.0
2025-09-11,KXHIGHAUS-25SEP11-B95.5,KXHIGHAUS-25SEP11,95-97F,95.0,95.0,97.0,between,between,0.01,0,97.0,no,0,17282,0.0,1.0
2025-09-11,KXHIGHAUS-25SEP11-B97.5,KXHIGHAUS-25SEP11,97-99F,97.0,97.0,99.0,between,between,0.99,1,97.0,yes,100,16607,0.0,1.0
2025-09-11,KXHIGHAUS-25SEP11-B99.5,KXHIGHAUS-25SEP11,99-101F,99.0,99.0,101.0,between,between,0.01,0,97.0,no,0,5773,0.0,1.0
2025-09-11,KXHIGHAUS-25SEP11-T100,KXHIGHAUS-25SEP11,Above 100F,100.0,100.0,,above,greater,0.01,0,97.0,no,0,225,0.0,1.0
2025-09-12,KXHIGHAUS-25SEP12-T93,KXHIGHAUS-25SEP12,Below 93F,93.0,,93.0,below,less,0.03,0,97.0,no,0,45,0.0,1.0
2025-09-12,KXHIGHAUS-25SEP12-B93.5,KXHIGHAUS-25SEP12,93-95F,93.0,93.0,95.0,between,between,0.01,0,97.0,no,0,2302,0.0,1.0
2025-09-12,KXHIGHAUS-25SEP12-B95.5,KXHIGHAUS-25SEP12,95-97F,95.0,95.0,97.0,between,between,0.01,0,97.0,no,0,16700,0.0,1.0
2025-09-12,KXHIGHAUS-25SEP12-B97.5,KXHIGHAUS-25SEP12,97-99F,97.0,97.0,99.0,between,between,0.99,1,97.0,yes,100,14897,0.0,1.0
2025-09-12,KXHIGHAUS-25SEP12-B99.5,KXHIGHAUS-25SEP12,99-101F,99.0,99.0,101.0,between,between,0.01,0,97.0,no,0,8305,0.0,1.0
2025-09-12,KXHIGHAUS-25SEP12-T100,KXHIGHAUS-25SEP12,Above 100F,100.0,100.0,,above,greater,0.01,0,97.0,no,0,1183,0.0,1.0
2025-09-13,KXHIGHAUS-25SEP13-T94,KXHIGHAUS-25SEP13,Below 94F,94.0,,94.0,below,less,0.01,0,96.0,no,0,3680,0.0,1.0
2025-09-13,KXHIGHAUS-25SEP13-B94.5,KXHIGHAUS-25SEP13,94-96F,94.0,94.0,96.0,between,between,0.01,0,96.0,no,0,15584,0.0,1.0
2025-09-13,KXHIGHAUS-25SEP13-B96.5,KXHIGHAUS-25SEP13,96-98F,96.0,96.0,98.0,between,between,0.99,1,96.0,yes,100,8596,0.0,1.0
2025-09-13,KXHIGHAUS-25SEP13-B98.5,KXHIGHAUS-25SEP13,98-100F,98.0,98.0,100.0,between,between,0.01,0,96.0,no,0,4219,0.0,1.0
2025-09-13,KXHIGHAUS-25SEP13-B100.5,KXHIGHAUS-25SEP13,100-102F,100.0,100.0,102.0,between,between,0.01,0,96.0,no,0,489,0.0,1.0
2025-09-13,KXHIGHAUS-25SEP13-T101,KXHIGHAUS-25SEP13,Above 101F,101.0,101.0,,above,greater,0.0,0,96.0,no,0,0,0.0,1.0
2025-09-14,KXHIGHAUS-25SEP14-B92.5,KXHIGHAUS-25SEP14,92-94F,92.0,92.0,94.0,between,between,0.01,0,96.0,no,0,4774,0.0,1.0
2025-09-14,KXHIGHAUS-25SEP14-T92,KXHIGHAUS-25SEP14,Below 92F,92.0,,92.0,below,less,0.01,0,96.0,no,0,1747,0.0,1.0
2025-09-14,KXHIGHAUS-25SEP14-B94.5,KXHIGHAUS-25SEP14,94-96F,94.0,94.0,96.0,between,between,0.01,0,96.0,no,0,12240,0.0,1.0
2025-09-14,KXHIGHAUS-25SEP14-B96.5,KXHIGHAUS-25SEP14,96-98F,96.0,96.0,98.0,between,between,0.99,1,96.0,yes,100,11039,0.0,1.0
2025-09-14,KXHIGHAUS-25SEP14-B98.5,KXHIGHAUS-25SEP14,98-100F,98.0,98.0,100.0,between,between,0.01,0,96.0,no,0,3748,0.0,1.0
2025-09-14,KXHIGHAUS-25SEP14-T99,KXHIGHAUS-25SEP14,Above 99F,99.0,99.0,,above,greater,0.01,0,96.0,no,0,845,0.0,1.0
2025-09-15,KXHIGHAUS-25SEP15-B92.5,KXHIGHAUS-25SEP15,92-94F,92.0,92.0,94.0,between,between,0.01,0,96.0,no,0,12277,0.0,1.0
2025-09-15,KXHIGHAUS-25SEP15-T92,KXHIGHAUS-25SEP15,Below 92F,92.0,,92.0,below,less,0.01,0,96.0,no,0,3900,0.0,1.0
2025-09-15,KXHIGHAUS-25SEP15-B94.5,KXHIGHAUS-25SEP15,94-96F,94.0,94.0,96.0,between,between,0.01,0,96.0,no,0,39956,0.0,1.0
2025-09-15,KXHIGHAUS-25SEP15-B96.5,KXHIGHAUS-25SEP15,96-98F,96.0,96.0,98.0,between,between,0.99,1,96.0,yes,100,17899,0.0,1.0
2025-09-15,KXHIGHAUS-25SEP15-B98.5,KXHIGHAUS-25SEP15,98-100F,98.0,98.0,100.0,between,between,0.01,0,96.0,no,0,1194,0.0,1.0
2025-09-15,KXHIGHAUS-25SEP15-T99,KXHIGHAUS-25SEP15,Above 99F,99.0,99.0,,above,greater,0.01,0,96.0,no,0,277,0.0,1.0
2025-09-16,KXHIGHAUS-25SEP16-T91,KXHIGHAUS-25SEP16,Below 91F,91.0,,91.0,below,less,0.01,0,96.0,no,0,210,0.0,1.0
2025-09-16,KXHIGHAUS-25SEP16-B91.5,KXHIGHAUS-25SEP16,91-93F,91.0,91.0,93.0,between,between,0.01,0,96.0,no,0,3010,0.0,1.0
2025-09-16,KXHIGHAUS-25SEP16-B93.5,KXHIGHAUS-25SEP16,93-95F,93.0,93.0,95.0,between,between,0.01,0,96.0,no,0,13931,0.0,1.0
2025-09-16,KXHIGHAUS-25SEP16-B95.5,KXHIGHAUS-25SEP16,95-97F,95.0,95.0,97.0,between,between,0.99,1,96.0,yes,100,26315,0.0,1.0
2025-09-16,KXHIGHAUS-25SEP16-B97.5,KXHIGHAUS-25SEP16,97-99F,97.0,97.0,99.0,between,between,0.01,0,96.0,no,0,22215,0.0,1.0
2025-09-16,KXHIGHAUS-25SEP16-T98,KXHIGHAUS-25SEP16,Above 98F,98.0,98.0,,above,greater,0.01,0,96.0,no,0,2611,0.0,1.0
2025-09-17,KXHIGHAUS-25SEP17-T92,KXHIGHAUS-25SEP17,Below 92F,92.0,,92.0,below,less,0.01,0,97.0,no,0,8935,0.0,1.0
2025-09-17,KXHIGHAUS-25SEP17-B92.5,KXHIGHAUS-25SEP17,92-94F,92.0,92.0,94.0,between,between,0.01,0,97.0,no,0,5798,0.0,1.0
2025-09-17,KXHIGHAUS-25SEP17-B94.5,KXHIGHAUS-25SEP17,94-96F,94.0,94.0,96.0,between,between,0.01,0,97.0,no,0,10242,0.0,1.0
2025-09-17,KXHIGHAUS-25SEP17-B96.5,KXHIGHAUS-25SEP17,96-98F,96.0,96.0,98.0,between,between,0.99,1,97.0,yes,100,16932,0.0,1.0
2025-09-17,KXHIGHAUS-25SEP17-B98.5,KXHIGHAUS-25SEP17,98-100F,98.0,98.0,100.0,between,between,0.01,0,97.0,no,0,4057,0.0,1.0
2025-09-17,KXHIGHAUS-25SEP17-T99,KXHIGHAUS-25SEP17,Above 99F,99.0,99.0,,above,greater,0.01,0,97.0,no,0,871,0.0,1.0
2025-09-18,KXHIGHAUS-25SEP18-T92,KXHIGHAUS-25SEP18,Below 92F,92.0,,92.0,below,less,0.01,0,95.0,no,0,414,0.0,1.0
2025-09-18,KXHIGHAUS-25SEP18-B92.5,KXHIGHAUS-25SEP18,92-94F,92.0,92.0,94.0,between,between,0.01,0,95.0,no,0,8884,0.0,1.0
2025-09-18,KXHIGHAUS-25SEP18-B94.5,KXHIGHAUS-25SEP18,94-96F,94.0,94.0,96.0,between,between,0.99,1,95.0,yes,100,21800,0.0,1.0
2025-09-18,KXHIGHAUS-25SEP18-B96.5,KXHIGHAUS-25SEP18,96-98F,96.0,96.0,98.0,between,between,0.01,0,95.0,no,0,14876,0.0,1.0
2025-09-18,KXHIGHAUS-25SEP18-B98.5,KXHIGHAUS-25SEP18,98-100F,98.0,98.0,100.0,between,between,0.01,0,95.0,no,0,3183,0.0,1.0
2025-09-18,KXHIGHAUS-25SEP18-T99,KXHIGHAUS-25SEP18,Above 99F,99.0,99.0,,above,greater,0.01,0,95.0,no,0,1881,0.0,1.0
2025-09-19,KXHIGHAUS-25SEP19-B92.5,KXHIGHAUS-25SEP19,92-94F,92.0,92.0,94.0,between,between,0.06,0,96.0,no,0,1854,0.0,1.0
2025-09-19,KXHIGHAUS-25SEP19-T92,KXHIGHAUS-25SEP19,Below 92F,92.0,,92.0,below,less,0.01,0,96.0,no,0,3046,0.0,1.0
2025-09-19,KXHIGHAUS-25SEP19-B94.5,KXHIGHAUS-25SEP19,94-96F,94.0,94.0,96.0,between,between,0.01,0,96.0,no,0,11012,0.0,1.0
2025-09-19,KXHIGHAUS-25SEP19-B96.5,KXHIGHAUS-25SEP19,96-98F,96.0,96.0,98.0,between,between,0.99,1,96.0,yes,100,11230,0.0,1.0
2025-09-19,KXHIGHAUS-25SEP19-B98.5,KXHIGHAUS-25SEP19,98-100F,98.0,98.0,100.0,between,between,0.01,0,96.0,no,0,12243,0.0,1.0
2025-09-19,KXHIGHAUS-25SEP19-T99,KXHIGHAUS-25SEP19,Above 99F,99.0,99.0,,above,greater,0.01,0,96.0,no,0,1910,0.0,1.0
2025-09-20,KXHIGHAUS-25SEP20-T92,KXHIGHAUS-25SEP20,Below 92F,92.0,,92.0,below,less,0.01,0,95.0,no,0,347,0.0,1.0
2025-09-20,KXHIGHAUS-25SEP20-B92.5,KXHIGHAUS-25SEP20,92-94F,92.0,92.0,94.0,between,between,0.01,0,95.0,no,0,2531,0.0,1.0
2025-09-20,KXHIGHAUS-25SEP20-B94.5,KXHIGHAUS-25SEP20,94-96F,94.0,94.0,96.0,between,between,0.99,1,95.0,yes,100,10155,0.0,1.0
2025-09-20,KXHIGHAUS-25SEP20-B96.5,KXHIGHAUS-25SEP20,96-98F,96.0,96.0,98.0,between,between,0.01,0,95.0,no,0,9585,0.0,1.0
2025-09-20,KXHIGHAUS-25SEP20-B98.5,KXHIGHAUS-25SEP20,98-100F,98.0,98.0,100.0,between,between,0.01,0,95.0,no,0,5233,0.0,1.0
2025-09-20,KXHIGHAUS-25SEP20-T99,KXHIGHAUS-25SEP20,Above 99F,99.0,99.0,,above,greater,0.02,0,95.0,no,0,286,0.0,1.0
2025-09-21,KXHIGHAUS-25SEP21-T92,KXHIGHAUS-25SEP21,Below 92F,92.0,,92.0,below,less,0.01,0,98.0,no,0,108,0.0,1.0
2025-09-21,KXHIGHAUS-25SEP21-B92.5,KXHIGHAUS-25SEP21,92-94F,92.0,92.0,94.0,between,between,0.01,0,98.0,no,0,1233,0.0,1.0
2025-09-21,KXHIGHAUS-25SEP21-B94.5,KXHIGHAUS-25SEP21,94-96F,94.0,94.0,96.0,between,between,0.01,0,98.0,no,0,15622,0.0,1.0
2025-09-21,KXHIGHAUS-25SEP21-B96.5,KXHIGHAUS-25SEP21,96-98F,96.0,96.0,98.0,between,between,0.01,0,98.0,no,0,9924,0.0,1.0
2025-09-21,KXHIGHAUS-25SEP21-B98.5,KXHIGHAUS-25SEP21,98-100F,98.0,98.0,100.0,between,between,0.99,1,98.0,yes,100,9483,0.0,1.0
2025-09-21,KXHIGHAUS-25SEP21-T99,KXHIGHAUS-25SEP21,Above 99F,99.0,99.0,,above,greater,0.01,0,98.0,no,0,4360,0.0,1.0
2025-09-22,KXHIGHAUS-25SEP22-T94,KXHIGHAUS-25SEP22,Below 94F,94.0,,94.0,below,less,0.01,0,99.0,no,0,2975,0.0,1.0
2025-09-22,KXHIGHAUS-25SEP22-B94.5,KXHIGHAUS-25SEP22,94-96F,94.0,94.0,96.0,between,between,0.01,0,99.0,no,0,7884,0.0,1.0
2025-09-22,KXHIGHAUS-25SEP22-B96.5,KXHIGHAUS-25SEP22,96-98F,96.0,96.0,98.0,between,between,0.01,0,99.0,no,0,20946,0.0,1.0
2025-09-22,KXHIGHAUS-25SEP22-B98.5,KXHIGHAUS-25SEP22,98-100F,98.0,98.0,100.0,between,between,0.99,1,99.0,yes,100,17506,0.0,1.0
2025-09-22,KXHIGHAUS-25SEP22-B100.5,KXHIGHAUS-25SEP22,100-102F,100.0,100.0,102.0,between,between,0.01,0,99.0,no,0,12552,0.0,1.0
2025-09-22,KXHIGHAUS-25SEP22-T101,KXHIGHAUS-25SEP22,Above 101F,101.0,101.0,,above,greater,0.01,0,99.0,no,0,794,0.0,1.0
2025-09-23,KXHIGHAUS-25SEP23-B95.5,KXHIGHAUS-25SEP23,95-97F,95.0,95.0,97.0,between,between,0.01,0,100.0,no,0,8049,0.0,1.0
2025-09-23,KXHIGHAUS-25SEP23-T95,KXHIGHAUS-25SEP23,Below 95F,95.0,,95.0,below,less,0.01,0,100.0,no,0,2538,0.0,1.0
2025-09-23,KXHIGHAUS-25SEP23-B97.5,KXHIGHAUS-25SEP23,97-99F,97.0,97.0,99.0,between,between,0.01,0,100.0,no,0,14680,0.0,1.0
2025-09-23,KXHIGHAUS-25SEP23-B99.5,KXHIGHAUS-25SEP23,99-101F,99.0,99.0,101.0,between,between,0.99,1,100.0,yes,100,24918,0.0,1.0
2025-09-23,KXHIGHAUS-25SEP23-B101.5,KXHIGHAUS-25SEP23,101-103F,101.0,101.0,103.0,between,between,0.01,0,100.0,no,0,27789,0.0,1.0
2025-09-23,KXHIGHAUS-25SEP23-T102,KXHIGHAUS-25SEP23,Above 102F,102.0,102.0,,above,greater,0.01,0,100.0,no,0,3476,0.0,1.0
2025-09-24,KXHIGHAUS-25SEP24-T85,KXHIGHAUS-25SEP24,Below 85F,85.0,,85.0,below,less,0.09,0,92.0,no,0,1359,0.0,1.0
2025-09-24,KXHIGHAUS-25SEP24-B85.5,KXHIGHAUS-25SEP24,85-87F,85.0,85.0,87.0,between,between,0.01,0,92.0,no,0,4413,0.0,1.0
2025-09-24,KXHIGHAUS-25SEP24-B87.5,KXHIGHAUS-25SEP24,87-89F,87.0,87.0,89.0,between,between,0.01,0,92.0,no,0,33775,0.0,1.0
2025-09-24,KXHIGHAUS-25SEP24-B89.5,KXHIGHAUS-25SEP24,89-91F,89.0,89.0,91.0,between,between,0.01,0,92.0,no,0,26474,0.0,1.0
2025-09-24,KXHIGHAUS-25SEP24-B91.5,KXHIGHAUS-25SEP24,91-93F,91.0,91.0,93.0,between,between,0.99,1,92.0,yes,100,19953,0.0,1.0
2025-09-24,KXHIGHAUS-25SEP24-T92,KXHIGHAUS-25SEP24,Above 92F,92.0,92.0,,above,greater,0.01,0,92.0,no,0,20605,0.0,1.0
2025-09-25,KXHIGHAUS-25SEP25-T87,KXHIGHAUS-25SEP25,Below 87F,87.0,,87.0,below,less,0.01,0,92.0,no,0,1527,0.0,1.0
2025-09-25,KXHIGHAUS-25SEP25-B87.5,KXHIGHAUS-25SEP25,87-89F,87.0,87.0,89.0,between,between,0.01,0,92.0,no,0,16595,0.0,1.0
2025-09-25,KXHIGHAUS-25SEP25-B89.5,KXHIGHAUS-25SEP25,89-91F,89.0,89.0,91.0,between,between,0.01,0,92.0,no,0,21859,0.0,1.0
2025-09-25,KXHIGHAUS-25SEP25-B91.5,KXHIGHAUS-25SEP25,91-93F,91.0,91.0,93.0,between,between,0.99,1,92.0,yes,100,20528,0.0,1.0
2025-09-25,KXHIGHAUS-25SEP25-B93.5,KXHIGHAUS-25SEP25,93-95F,93.0,93.0,95.0,between,between,0.01,0,92.0,no,0,10659,0.0,1.0
2025-09-25,KXHIGHAUS-25SEP25-T94,KXHIGHAUS-25SEP25,Above 94F,94.0,94.0,,above,greater,0.01,0,92.0,no,0,8190,0.0,1.0
2025-09-26,KXHIGHAUS-25SEP26-T89,KXHIGHAUS-25SEP26,Below 89F,89.0,,89.0,below,less,0.01,0,93.0,no,0,2746,0.0,1.0
2025-09-26,KXHIGHAUS-25SEP26-B89.5,KXHIGHAUS-25SEP26,89-91F,89.0,89.0,91.0,between,between,0.01,0,93.0,no,0,21789,0.0,1.0
2025-09-26,KXHIGHAUS-25SEP26-B91.5,KXHIGHAUS-25SEP26,91-93F,91.0,91.0,93.0,between,between,0.01,0,93.0,no,0,50322,0.0,1.0
2025-09-26,KXHIGHAUS-25SEP26-B93.5,KXHIGHAUS-25SEP26,93-95F,93.0,93.0,95.0,between,between,0.99,1,93.0,yes,100,25851,0.0,1.0
2025-09-26,KXHIGHAUS-25SEP26-B95.5,KXHIGHAUS-25SEP26,95-97F,95.0,95.0,97.0,between,between,0.01,0,93.0,no,0,16281,0.0,1.0
2025-09-26,KXHIGHAUS-25SEP26-T96,KXHIGHAUS-25SEP26,Above 96F,96.0,96.0,,above,greater,0.01,0,93.0,no,0,1095,0.0,1.0
2025-09-27,KXHIGHAUS-25SEP27-T90,KXHIGHAUS-25SEP27,Below 90F,90.0,,90.0,below,less,0.01,0,93.0,no,0,810,0.0,1.0
2025-09-27,KXHIGHAUS-25SEP27-B90.5,KXHIGHAUS-25SEP27,90-92F,90.0,90.0,92.0,between,between,0.01,0,93.0,no,0,16416,0.0,1.0
2025-09-27,KXHIGHAUS-25SEP27-B92.5,KXHIGHAUS-25SEP27,92-94F,92.0,92.0,94.0,between,between,0.99,1,93.0,yes,100,41085,0.0,1.0
2025-09-27,KXHIGHAUS-25SEP27-B94.5,KXHIGHAUS-25SEP27,94-96F,94.0,94.0,96.0,between,between,0.01,0,93.0,no,0,24720,0.0,1.0
2025-09-27,KXHIGHAUS-25SEP27-B96.5,KXHIGHAUS-25SEP27,96-98F,96.0,96.0,98.0,between,between,0.01,0,93.0,no,0,7864,0.0,1.0
2025-09-27,KXHIGHAUS-25SEP27-T97,KXHIGHAUS-25SEP27,Above 97F,97.0,97.0,,above,greater,0.02,0,93.0,no,0,1160,0.0,1.0
2025-09-28,KXHIGHAUS-25SEP28-T89,KXHIGHAUS-25SEP28,Below 89F,89.0,,89.0,below,less,0.01,0,92.0,no,0,3569,0.0,1.0
2025-09-28,KXHIGHAUS-25SEP28-B89.5,KXHIGHAUS-25SEP28,89-91F,89.0,89.0,91.0,between,between,0.01,0,92.0,no,0,10571,0.0,1.0
2025-09-28,KXHIGHAUS-25SEP28-B91.5,KXHIGHAUS-25SEP28,91-93F,91.0,91.0,93.0,between,between,0.99,1,92.0,yes,100,9604,0.0,1.0
2025-09-28,KXHIGHAUS-25SEP28-B93.5,KXHIGHAUS-25SEP28,93-95F,93.0,93.0,95.0,between,between,0.01,0,92.0,no,0,7683,0.0,1.0
2025-09-28,KXHIGHAUS-25SEP28-B95.5,KXHIGHAUS-25SEP28,95-97F,95.0,95.0,97.0,between,between,0.02,0,92.0,no,0,422,0.0,1.0
2025-09-28,KXHIGHAUS-25SEP28-T96,KXHIGHAUS-25SEP28,Above 96F,96.0,96.0,,above,greater,0.02,0,92.0,no,0,7,0.0,1.0
2025-09-29,KXHIGHAUS-25SEP29-T89,KXHIGHAUS-25SEP29,Below 89F,89.0,,89.0,below,less,0.01,0,90.0,no,0,36159,0.0,1.0
2025-09-29,KXHIGHAUS-25SEP29-B89.5,KXHIGHAUS-25SEP29,89-91F,89.0,89.0,91.0,between,between,0.99,1,90.0,yes,100,13668,0.0,1.0
2025-09-29,KXHIGHAUS-25SEP29-B91.5,KXHIGHAUS-25SEP29,91-93F,91.0,91.0,93.0,between,between,0.01,0,90.0,no,0,15384,0.0,1.0
2025-09-29,KXHIGHAUS-25SEP29-B93.5,KXHIGHAUS-25SEP29,93-95F,93.0,93.0,95.0,between,between,0.01,0,90.0,no,0,2845,0.0,1.0
2025-09-29,KXHIGHAUS-25SEP29-B95.5,KXHIGHAUS-25SEP29,95-97F,95.0,95.0,97.0,between,between,0.01,0,90.0,no,0,294,0.0,1.0
2025-09-29,KXHIGHAUS-25SEP29-T96,KXHIGHAUS-25SEP29,Above 96F,96.0,96.0,,above,greater,0.01,0,90.0,no,0,417,0.0,1.0
2025-09-30,KXHIGHAUS-25SEP30-T91,KXHIGHAUS-25SEP30,Below 91F,91.0,,91.0,below,less,0.01,0,95.0,no,0,2478,0.0,1.0
2025-09-30,KXHIGHAUS-25SEP30-B91.5,KXHIGHAUS-25SEP30,91-93F,91.0,91.0,93.0,between,between,0.01,0,95.0,no,0,9852,0.0,1.0
2025-09-30,KXHIGHAUS-25SEP30-B93.5,KXHIGHAUS-25SEP30,93-95F,93.0,93.0,95.0,between,between,0.01,0,95.0,no,0,35177,0.0,1.0
2025-09-30,KXHIGHAUS-25SEP30-B95.5,KXHIGHAUS-25SEP30,95-97F,95.0,95.0,97.0,between,between,0.99,1,95.0,yes,100,17623,0.0,1.0
2025-09-30,KXHIGHAUS-25SEP30-B97.5,KXHIGHAUS-25SEP30,97-99F,97.0,97.0,99.0,between,between,0.01,0,95.0,no,0,6172,0.0,1.0
2025-09-30,KXHIGHAUS-25SEP30-T98,KXHIGHAUS-25SEP30,Above 98F,98.0,98.0,,above,greater,0.01,0,95.0,no,0,903,0.0,1.0
2025-10-01,KXHIGHAUS-25OCT01-T93,KXHIGHAUS-25OCT01,Below 93F,93.0,,93.0,below,less,0.01,0,96.0,no,0,2618,0.0,1.0
2025-10-01,KXHIGHAUS-25OCT01-B93.5,KXHIGHAUS-25OCT01,93-95F,93.0,93.0,95.0,between,between,0.01,0,96.0,no,0,7147,0.0,1.0
2025-10-01,KXHIGHAUS-25OCT01-B95.5,KXHIGHAUS-25OCT01,95-97F,95.0,95.0,97.0,between,between,0.99,1,96.0,yes,100,27406,0.0,1.0
2025-10-01,KXHIGHAUS-25OCT01-B97.5,KXHIGHAUS-25OCT01,97-99F,97.0,97.0,99.0,between,between,0.01,0,96.0,no,0,27751,0.0,1.0
2025-10-01,KXHIGHAUS-25OCT01-B99.5,KXHIGHAUS-25OCT01,99-101F,99.0,99.0,101.0,between,between,0.01,0,96.0,no,0,6461,0.0,1.0
2025-10-01,KXHIGHAUS-25OCT01-T100,KXHIGHAUS-25OCT01,Above 100F,100.0,100.0,,above,greater,0.01,0,96.0,no,0,100,0.0,1.0
2025-10-02,KXHIGHAUS-25OCT02-T92,KXHIGHAUS-25OCT02,Below 92F,92.0,,92.0,below,less,0.01,0,96.0,no,0,149,0.0,1.0
2025-10-02,KXHIGHAUS-25OCT02-B92.5,KXHIGHAUS-25OCT02,92-94F,92.0,92.0,94.0,between,between,0.01,0,96.0,no,0,4436,0.0,1.0
2025-10-02,KXHIGHAUS-25OCT02-B94.5,KXHIGHAUS-25OCT02,94-96F,94.0,94.0,96.0,between,between,0.01,0,96.0,no,0,173855,0.0,1.0
2025-10-02,KXHIGHAUS-25OCT02-B96.5,KXHIGHAUS-25OCT02,96-98F,96.0,96.0,98.0,between,between,0.99,1,96.0,yes,100,17707,0.0,1.0
2025-10-02,KXHIGHAUS-25OCT02-B98.5,KXHIGHAUS-25OCT02,98-100F,98.0,98.0,100.0,between,between,0.01,0,96.0,no,0,8249,0.0,1.0
2025-10-02,KXHIGHAUS-25OCT02-T99,KXHIGHAUS-25OCT02,Above 99F,99.0,99.0,,above,greater,0.05,0,96.0,no,0,1435,0.0,1.0
2025-10-03,KXHIGHAUS-25OCT03-T90,KXHIGHAUS-25OCT03,Below 90F,90.0,,90.0,below,less,0.01,0,95.0,no,0,48,0.0,1.0
2025-10-03,KXHIGHAUS-25OCT03-B90.5,KXHIGHAUS-25OCT03,90-92F,90.0,90.0,92.0,between,between,0.01,0,95.0,no,0,6935,0.0,1.0
2025-10-03,KXHIGHAUS-25OCT03-B92.5,KXHIGHAUS-25OCT03,92-94F,92.0,92.0,94.0,between,between,0.01,0,95.0,no,0,19054,0.0,1.0
2025-10-03,KXHIGHAUS-25OCT03-B94.5,KXHIGHAUS-25OCT03,94-96F,94.0,94.0,96.0,between,between,0.99,1,95.0,yes,100,15769,0.0,1.0
2025-10-03,KXHIGHAUS-25OCT03-B96.5,KXHIGHAUS-25OCT03,96-98F,96.0,96.0,98.0,between,between,0.01,0,95.0,no,0,12658,0.0,1.0
2025-10-03,KXHIGHAUS-25OCT03-T97,KXHIGHAUS-25OCT03,Above 97F,97.0,97.0,,above,greater,0.02,0,95.0,no,0,1587,0.0,1.0
2025-10-04,KXHIGHAUS-25OCT04-T89,KXHIGHAUS-25OCT04,Below 89F,89.0,,89.0,below,less,0.01,0,93.0,no,0,3336,0.0,1.0
2025-10-04,KXHIGHAUS-25OCT04-B89.5,KXHIGHAUS-25OCT04,89-91F,89.0,89.0,91.0,between,between,0.01,0,93.0,no,0,9504,0.0,1.0
2025-10-04,KXHIGHAUS-25OCT04-B91.5,KXHIGHAUS-25OCT04,91-93F,91.0,91.0,93.0,between,between,0.01,0,93.0,no,0,426563,0.0,1.0
2025-10-04,KXHIGHAUS-25OCT04-B93.5,KXHIGHAUS-25OCT04,93-95F,93.0,93.0,95.0,between,between,0.99,1,93.0,yes,100,29907,0.0,1.0
2025-10-04,KXHIGHAUS-25OCT04-B95.5,KXHIGHAUS-25OCT04,95-97F,95.0,95.0,97.0,between,between,0.05,0,93.0,no,0,8231,0.0,1.0
2025-10-04,KXHIGHAUS-25OCT04-T96,KXHIGHAUS-25OCT04,Above 96F,96.0,96.0,,above,greater,0.01,0,93.0,no,0,129,0.0,1.0
2025-10-05,KXHIGHAUS-25OCT05-T90,KXHIGHAUS-25OCT05,Below 90F,90.0,,90.0,below,less,0.01,0,94.0,no,0,380,0.0,1.0
2025-10-05,KXHIGHAUS-25OCT05-B90.5,KXHIGHAUS-25OCT05,90-92F,90.0,90.0,92.0,between,between,0.01,0,94.0,no,0,22230,0.0,1.0
2025-10-05,KXHIGHAUS-25OCT05-B92.5,KXHIGHAUS-25OCT05,92-94F,92.0,92.0,94.0,between,between,0.01,0,94.0,no,0,15324,0.0,1.0
2025-10-05,KXHIGHAUS-25OCT05-B94.5,KXHIGHAUS-25OCT05,94-96F,94.0,94.0,96.0,between,between,0.99,1,94.0,yes,100,20901,0.0,1.0
2025-10-05,KXHIGHAUS-25OCT05-B96.5,KXHIGHAUS-25OCT05,96-98F,96.0,96.0,98.0,between,between,0.01,0,94.0,no,0,1701,0.0,1.0
2025-10-05,KXHIGHAUS-25OCT05-T97,KXHIGHAUS-25OCT05,Above 97F,97.0,97.0,,above,greater,0.01,0,94.0,no,0,235,0.0,1.0
2025-10-06,KXHIGHAUS-25OCT06-T90,KXHIGHAUS-25OCT06,Below 90F,90.0,,90.0,below,less,0.01,0,95.0,no,0,1595,0.0,1.0
2025-10-06,KXHIGHAUS-25OCT06-B90.5,KXHIGHAUS-25OCT06,90-92F,90.0,90.0,92.0,between,between,0.01,0,95.0,no,0,6093,0.0,1.0
2025-10-06,KXHIGHAUS-25OCT06-B92.5,KXHIGHAUS-25OCT06,92-94F,92.0,92.0,94.0,between,between,0.01,0,95.0,no,0,28379,0.0,1.0
2025-10-06,KXHIGHAUS-25OCT06-B94.5,KXHIGHAUS-25OCT06,94-96F,94.0,94.0,96.0,between,between,0.99,1,95.0,yes,100,27075,0.0,1.0
2025-10-06,KXHIGHAUS-25OCT06-B96.5,KXHIGHAUS-25OCT06,96-98F,96.0,96.0,98.0,between,between,0.01,0,95.0,no,0,7184,0.0,1.0
2025-10-06,KXHIGHAUS-25OCT06-T97,KXHIGHAUS-25OCT06,Above 97F,97.0,97.0,,above,greater,0.01,0,95.0,no,0,375,0.0,1.0
2025-10-07,KXHIGHAUS-25OCT07-T91,KXHIGHAUS-25OCT07,Below 91F,91.0,,91.0,below,less,0.01,0,94.0,no,0,2484,0.0,1.0
2025-10-07,KXHIGHAUS-25OCT07-B91.5,KXHIGHAUS-25OCT07,91-93F,91.0,91.0,93.0,between,between,0.01,0,94.0,no,0,24470,0.0,1.0
2025-10-07,KXHIGHAUS-25OCT07-B93.5,KXHIGHAUS-25OCT07,93-95F,93.0,93.0,95.0,between,between,0.99,1,94.0,yes,100,19137,0.0,1.0
2025-10-07,KXHIGHAUS-25OCT07-B95.5,KXHIGHAUS-25OCT07,95-97F,95.0,95.0,97.0,between,between,0.01,0,94.0,no,0,18428,0.0,1.0
2025-10-07,KXHIGHAUS-25OCT07-B97.5,KXHIGHAUS-25OCT07,97-99F,97.0,97.0,99.0,between,between,0.01,0,94.0,no,0,2252,0.0,1.0
2025-10-07,KXHIGHAUS-25OCT07-T98,KXHIGHAUS-25OCT07,Above 98F,98.0,98.0,,above,greater,0.03,0,94.0,no,0,525,0.0,1.0
2025-10-08,KXHIGHAUS-25OCT08-T89,KXHIGHAUS-25OCT08,Below 89F,89.0,,89.0,below,less,0.01,0,95.0,no,0,3178,0.0,1.0
2025-10-08,KXHIGHAUS-25OCT08-B89.5,KXHIGHAUS-25OCT08,89-91F,89.0,89.0,91.0,between,between,0.01,0,95.0,no,0,3098,0.0,1.0
2025-10-08,KXHIGHAUS-25OCT08-B91.5,KXHIGHAUS-25OCT08,91-93F,91.0,91.0,93.0,between,between,0.01,0,95.0,no,0,11712,0.0,1.0
2025-10-08,KXHIGHAUS-25OCT08-B93.5,KXHIGHAUS-25OCT08,93-95F,93.0,93.0,95.0,between,between,0.01,0,95.0,no,0,18060,0.0,1.0
2025-10-08,KXHIGHAUS-25OCT08-B95.5,KXHIGHAUS-25OCT08,95-97F,95.0,95.0,97.0,between,between,0.99,1,95.0,yes,100,21042,0.0,1.0
2025-10-08,KXHIGHAUS-25OCT08-T96,KXHIGHAUS-25OCT08,Above 96F,96.0,96.0,,above,greater,0.01,0,95.0,no,0,7143,0.0,1.0
2025-10-09,KXHIGHAUS-25OCT09-T90,KXHIGHAUS-25OCT09,Below 90F,90.0,,90.0,below,less,0.01,0,93.0,no,0,916,0.0,1.0
2025-10-09,KXHIGHAUS-25OCT09-B90.5,KXHIGHAUS-25OCT09,90-92F,90.0,90.0,92.0,between,between,0.01,0,93.0,no,0,9036,0.0,1.0
2025-10-09,KXHIGHAUS-25OCT09-B92.5,KXHIGHAUS-25OCT09,92-94F,92.0,92.0,94.0,between,between,0.99,1,93.0,yes,100,21913,0.0,1.0
2025-10-09,KXHIGHAUS-25OCT09-B94.5,KXHIGHAUS-25OCT09,94-96F,94.0,94.0,96.0,between,between,0.01,0,93.0,no,0,19265,0.0,1.0
2025-10-09,KXHIGHAUS-25OCT09-B96.5,KXHIGHAUS-25OCT09,96-98F,96.0,96.0,98.0,between,between,0.01,0,93.0,no,0,4138,0.0,1.0
2025-10-09,KXHIGHAUS-25OCT09-T97,KXHIGHAUS-25OCT09,Above 97F,97.0,97.0,,above,greater,0.01,0,93.0,no,0,72,0.0,1.0
2025-10-10,KXHIGHAUS-25OCT10-T88,KXHIGHAUS-25OCT10,Below 88F,88.0,,88.0,below,less,0.01,0,92.0,no,0,10101,0.0,1.0
2025-10-10,KXHIGHAUS-25OCT10-B88.5,KXHIGHAUS-25OCT10,88-90F,88.0,88.0,90.0,between,between,0.01,0,92.0,no,0,5907,0.0,1.0
2025-10-10,KXHIGHAUS-25OCT10-B90.5,KXHIGHAUS-25OCT10,90-92F,90.0,90.0,92.0,between,between,0.01,0,92.0,no,0,22053,0.0,1.0
2025-10-10,KXHIGHAUS-25OCT10-B92.5,KXHIGHAUS-25OCT10,92-94F,92.0,92.0,94.0,between,between,0.99,1,92.0,yes,100,19675,0.0,1.0
2025-10-10,KXHIGHAUS-25OCT10-B94.5,KXHIGHAUS-25OCT10,94-96F,94.0,94.0,96.0,between,between,0.01,0,92.0,no,0,17215,0.0,1.0
2025-10-10,KXHIGHAUS-25OCT10-T95,KXHIGHAUS-25OCT10,Above 95F,95.0,95.0,,above,greater,0.03,0,92.0,no,0,980,0.0,1.0
2025-10-11,KXHIGHAUS-25OCT11-T89,KXHIGHAUS-25OCT11,Below 89F,89.0,,89.0,below,less,0.01,0,93.0,no,0,7075,0.0,1.0
2025-10-11,KXHIGHAUS-25OCT11-B89.5,KXHIGHAUS-25OCT11,89-91F,89.0,89.0,91.0,between,between,0.01,0,93.0,no,0,3896,0.0,1.0
2025-10-11,KXHIGHAUS-25OCT11-B91.5,KXHIGHAUS-25OCT11,91-93F,91.0,91.0,93.0,between,between,0.01,0,93.0,no,0,38406,0.0,1.0
2025-10-11,KXHIGHAUS-25OCT11-B93.5,KXHIGHAUS-25OCT11,93-95F,93.0,93.0,95.0,between,between,0.99,1,93.0,yes,100,22472,0.0,1.0
2025-10-11,KXHIGHAUS-25OCT11-B95.5,KXHIGHAUS-25OCT11,95-97F,95.0,95.0,97.0,between,between,0.01,0,93.0,no,0,6602,0.0,1.0
2025-10-11,KXHIGHAUS-25OCT11-T96,KXHIGHAUS-25OCT11,Above 96F,96.0,96.0,,above,greater,0.01,0,93.0,no,0,57,0.0,1.0
2025-10-12,KXHIGHAUS-25OCT12-T90,KXHIGHAUS-25OCT12,Below 90F,90.0,,90.0,below,less,0.01,0,92.0,no,0,7165,0.0,1.0
2025-10-12,KXHIGHAUS-25OCT12-B90.5,KXHIGHAUS-25OCT12,90-92F,90.0,90.0,92.0,between,between,0.01,0,92.0,no,0,17103,0.0,1.0
2025-10-12,KXHIGHAUS-25OCT12-B92.5,KXHIGHAUS-25OCT12,92-94F,92.0,92.0,94.0,between,between,0.99,1,92.0,yes,100,14194,0.0,1.0
2025-10-12,KXHIGHAUS-25OCT12-B94.5,KXHIGHAUS-25OCT12,94-96F,94.0,94.0,96.0,between,between,0.01,0,92.0,no,0,8579,0.0,1.0
2025-10-12,KXHIGHAUS-25OCT12-B96.5,KXHIGHAUS-25OCT12,96-98F,96.0,96.0,98.0,between,between,0.01,0,92.0,no,0,254,0.0,1.0
2025-10-12,KXHIGHAUS-25OCT12-T97,KXHIGHAUS-25OCT12,Above 97F,97.0,97.0,,above,greater,0.03,0,92.0,no,0,7,0.0,1.0
2025-10-13,KXHIGHAUS-25OCT13-T88,KXHIGHAUS-25OCT13,Below 88F,88.0,,88.0,below,less,0.01,0,91.0,no,0,1409,0.0,1.0
2025-10-13,KXHIGHAUS-25OCT13-B88.5,KXHIGHAUS-25OCT13,88-90F,88.0,88.0,90.0,between,between,0.01,0,91.0,no,0,15124,0.0,1.0
2025-10-13,KXHIGHAUS-25OCT13-B90.5,KXHIGHAUS-25OCT13,90-92F,90.0,90.0,92.0,between,between,0.99,1,91.0,yes,100,26819,0.0,1.0
2025-10-13,KXHIGHAUS-25OCT13-B92.5,KXHIGHAUS-25OCT13,92-94F,92.0,92.0,94.0,between,between,0.01,0,91.0,no,0,21550,0.0,1.0
2025-10-13,KXHIGHAUS-25OCT13-B94.5,KXHIGHAUS-25OCT13,94-96F,94.0,94.0,96.0,between,between,0.01,0,91.0,no,0,1950,0.0,1.0
2025-10-13,KXHIGHAUS-25OCT13-T95,KXHIGHAUS-25OCT13,Above 95F,95.0,95.0,,above,greater,0.01,0,91.0,no,0,13,0.0,1.0
2025-10-14,KXHIGHAUS-25OCT14-T89,KXHIGHAUS-25OCT14,Below 89F,89.0,,89.0,below,less,0.01,0,91.0,no,0,647,0.0,1.0
2025-10-14,KXHIGHAUS-25OCT14-B89.5,KXHIGHAUS-25OCT14,89-91F,89.0,89.0,91.0,between,between,0.01,0,91.0,no,0,14819,0.0,1.0
2025-10-14,KXHIGHAUS-25OCT14-B91.5,KXHIGHAUS-25OCT14,91-93F,91.0,91.0,93.0,between,between,0.99,1,91.0,yes,100,20656,0.0,1.0
2025-10-14,KXHIGHAUS-25OCT14-B93.5,KXHIGHAUS-25OCT14,93-95F,93.0,93.0,95.0,between,between,0.01,0,91.0,no,0,8628,0.0,1.0
2025-10-14,KXHIGHAUS-25OCT14-B95.5,KXHIGHAUS-25OCT14,95-97F,95.0,95.0,97.0,between,between,0.01,0,91.0,no,0,357,0.0,1.0
2025-10-14,KXHIGHAUS-25OCT14-T96,KXHIGHAUS-25OCT14,Above 96F,96.0,96.0,,above,greater,0.08,0,91.0,no,0,707,0.0,1.0
2025-10-15,KXHIGHAUS-25OCT15-T89,KXHIGHAUS-25OCT15,Below 89F,89.0,,89.0,below,less,0.01,0,93.0,no,0,1377,0.0,1.0
2025-10-15,KXHIGHAUS-25OCT15-B89.5,KXHIGHAUS-25OCT15,89-91F,89.0,89.0,91.0,between,between,0.01,0,93.0,no,0,6702,0.0,1.0
2025-10-15,KXHIGHAUS-25OCT15-B91.5,KXHIGHAUS-25OCT15,91-93F,91.0,91.0,93.0,between,between,0.01,0,93.0,no,0,17247,0.0,1.0
2025-10-15,KXHIGHAUS-25OCT15-B93.5,KXHIGHAUS-25OCT15,93-95F,93.0,93.0,95.0,between,between,0.99,1,93.0,yes,100,10051,0.0,1.0
2025-10-15,KXHIGHAUS-25OCT15-B95.5,KXHIGHAUS-25OCT15,95-97F,95.0,95.0,97.0,between,between,0.01,0,93.0,no,0,5436,0.0,1.0
2025-10-15,KXHIGHAUS-25OCT15-T96,KXHIGHAUS-25OCT15,Above 96F,96.0,96.0,,above,greater,0.0,0,93.0,no,0,0,0.0,1.0
2025-10-16,KXHIGHAUS-25OCT16-T86,KXHIGHAUS-25OCT16,Below 86F,86.0,,86.0,below,less,0.01,0,88.0,no,0,30358,0.0,1.0
2025-10-16,KXHIGHAUS-25OCT16-B86.5,KXHIGHAUS-25OCT16,86-88F,86.0,86.0,88.0,between,between,0.01,0,88.0,no,0,40617,0.0,1.0
2025-10-16,KXHIGHAUS-25OCT16-B88.5,KXHIGHAUS-25OCT16,88-90F,88.0,88.0,90.0,between,between,0.99,1,88.0,yes,100,35021,0.0,1.0
2025-10-16,KXHIGHAUS-25OCT16-B90.5,KXHIGHAUS-25OCT16,90-92F,90.0,90.0,92.0,between,between,0.01,0,88.0,no,0,16765,0.0,1.0
2025-10-16,KXHIGHAUS-25OCT16-B92.5,KXHIGHAUS-25OCT16,92-94F,92.0,92.0,94.0,between,between,0.01,0,88.0,no,0,4773,0.0,1.0
2025-10-16,KXHIGHAUS-25OCT16-T93,KXHIGHAUS-25OCT16,Above 93F,93.0,93.0,,above,greater,0.01,0,88.0,no,0,142,0.0,1.0
2025-10-17,KXHIGHAUS-25OCT17-T88,KXHIGHAUS-25OCT17,Below 88F,88.0,,88.0,below,less,0.01,0,93.0,no,0,299,0.0,1.0
2025-10-17,KXHIGHAUS-25OCT17-B88.5,KXHIGHAUS-25OCT17,88-90F,88.0,88.0,90.0,between,between,0.01,0,93.0,no,0,2706,0.0,1.0
2025-10-17,KXHIGHAUS-25OCT17-B90.5,KXHIGHAUS-25OCT17,90-92F,90.0,90.0,92.0,between,between,0.01,0,93.0,no,0,39125,0.0,1.0
2025-10-17,KXHIGHAUS-25OCT17-B92.5,KXHIGHAUS-25OCT17,92-94F,92.0,92.0,94.0,between,between,0.99,1,93.0,yes,100,18122,0.0,1.0
2025-10-17,KXHIGHAUS-25OCT17-B94.5,KXHIGHAUS-25OCT17,94-96F,94.0,94.0,96.0,between,between,0.01,0,93.0,no,0,13109,0.0,1.0
2025-10-17,KXHIGHAUS-25OCT17-T95,KXHIGHAUS-25OCT17,Above 95F,95.0,95.0,,above,greater,0.01,0,93.0,no,0,977,0.0,1.0
2025-10-18,KXHIGHAUS-25OCT18-T92,KXHIGHAUS-25OCT18,Below 92F,92.0,,92.0,below,less,0.01,0,95.0,no,0,2825,0.0,1.0
2025-10-18,KXHIGHAUS-25OCT18-B92.5,KXHIGHAUS-25OCT18,92-94F,92.0,92.0,94.0,between,between,0.01,0,95.0,no,0,10599,0.0,1.0
2025-10-18,KXHIGHAUS-25OCT18-B94.5,KXHIGHAUS-25OCT18,94-96F,94.0,94.0,96.0,between,between,0.99,1,95.0,yes,100,19281,0.0,1.0
2025-10-18,KXHIGHAUS-25OCT18-B96.5,KXHIGHAUS-25OCT18,96-98F,96.0,96.0,98.0,between,between,0.01,0,95.0,no,0,9566,0.0,1.0
2025-10-18,KXHIGHAUS-25OCT18-B98.5,KXHIGHAUS-25OCT18,98-100F,98.0,98.0,100.0,between,between,0.01,0,95.0,no,0,1737,0.0,1.0
2025-10-18,KXHIGHAUS-25OCT18-T99,KXHIGHAUS-25OCT18,Above 99F,99.0,99.0,,above,greater,0.01,0,95.0,no,0,1270,0.0,1.0
2025-10-19,KXHIGHAUS-25OCT19-T81,KXHIGHAUS-25OCT19,Below 81F,81.0,,81.0,below,less,0.01,0,86.0,no,0,23,0.0,1.0
2025-10-19,KXHIGHAUS-25OCT19-B81.5,KXHIGHAUS-25OCT19,81-83F,81.0,81.0,83.0,between,between,0.02,0,86.0,no,0,630,0.0,1.0
2025-10-19,KXHIGHAUS-25OCT19-B83.5,KXHIGHAUS-25OCT19,83-85F,83.0,83.0,85.0,between,between,0.01,0,86.0,no,0,11539,0.0,1.0
2025-10-19,KXHIGHAUS-25OCT19-B85.5,KXHIGHAUS-25OCT19,85-87F,85.0,85.0,87.0,between,between,0.99,1,86.0,yes,100,21187,0.0,1.0
2025-10-19,KXHIGHAUS-25OCT19-B87.5,KXHIGHAUS-25OCT19,87-89F,87.0,87.0,89.0,between,between,0.01,0,86.0,no,0,17452,0.0,1.0
2025-10-19,KXHIGHAUS-25OCT19-T88,KXHIGHAUS-25OCT19,Above 88F,88.0,88.0,,above,greater,0.02,0,86.0,no,0,9248,0.0,1.0
2025-10-20,KXHIGHAUS-25OCT20-T90,KXHIGHAUS-25OCT20,Below 90F,90.0,,90.0,below,less,0.01,0,94.0,no,0,2229,0.0,1.0
2025-10-20,KXHIGHAUS-25OCT20-B90.5,KXHIGHAUS-25OCT20,90-92F,90.0,90.0,92.0,between,between,0.01,0,94.0,no,0,4173,0.0,1.0
2025-10-20,KXHIGHAUS-25OCT20-B92.5,KXHIGHAUS-25OCT20,92-94F,92.0,92.0,94.0,between,between,0.01,0,94.0,no,0,19186,0.0,1.0
2025-10-20,KXHIGHAUS-25OCT20-B94.5,KXHIGHAUS-25OCT20,94-96F,94.0,94.0,96.0,between,between,0.99,1,94.0,yes,100,19378,0.0,1.0
2025-10-20,KXHIGHAUS-25OCT20-B96.5,KXHIGHAUS-25OCT20,96-98F,96.0,96.0,98.0,between,between,0.01,0,94.0,no,0,14835,0.0,1.0
2025-10-20,KXHIGHAUS-25OCT20-T97,KXHIGHAUS-25OCT20,Above 97F,97.0,97.0,,above,greater,0.01,0,94.0,no,0,2271,0.0,1.0
2025-10-21,KXHIGHAUS-25OCT21-T85,KXHIGHAUS-25OCT21,Below 85F,85.0,,85.0,below,less,0.01,0,89.0,no,0,9079,0.0,1.0
2025-10-21,KXHIGHAUS-25OCT21-B85.5,KXHIGHAUS-25OCT21,85-87F,85.0,85.0,87.0,between,between,0.01,0,89.0,no,0,28011,0.0,1.0
2025-10-21,KXHIGHAUS-25OCT21-B87.5,KXHIGHAUS-25OCT21,87-89F,87.0,87.0,89.0,between,between,0.01,0,89.0,no,0,78437,0.0,1.0
2025-10-21,KXHIGHAUS-25OCT21-B89.5,KXHIGHAUS-25OCT21,89-91F,89.0,89.0,91.0,between,between,0.99,1,89.0,yes,100,23332,0.0,1.0
2025-10-21,KXHIGHAUS-25OCT21-B91.5,KXHIGHAUS-25OCT21,91-93F,91.0,91.0,93.0,between,between,0.01,0,89.0,no,0,8270,0.0,1.0
2025-10-21,KXHIGHAUS-25OCT21-T92,KXHIGHAUS-25OCT21,Above 92F,92.0,92.0,,above,greater,0.01,0,89.0,no,0,1764,0.0,1.0
2025-10-22,KXHIGHAUS-25OCT22-T84,KXHIGHAUS-25OCT22,Below 84F,84.0,,84.0,below,less,0.01,0,88.0,no,0,856,0.0,1.0
2025-10-22,KXHIGHAUS-25OCT22-B84.5,KXHIGHAUS-25OCT22,84-86F,84.0,84.0,86.0,between,between,0.01,0,88.0,no,0,17140,0.0,1.0
2025-10-22,KXHIGHAUS-25OCT22-B86.5,KXHIGHAUS-25OCT22,86-88F,86.0,86.0,88.0,between,between,0.01,0,88.0,no,0,45327,0.0,1.0
2025-10-22,KXHIGHAUS-25OCT22-B88.5,KXHIGHAUS-25OCT22,88-90F,88.0,88.0,90.0,between,between,0.99,1,88.0,yes,100,37967,0.0,1.0
2025-10-22,KXHIGHAUS-25OCT22-B90.5,KXHIGHAUS-25OCT22,90-92F,90.0,90.0,92.0,between,between,0.01,0,88.0,no,0,11826,0.0,1.0
2025-10-22,KXHIGHAUS-25OCT22-T91,KXHIGHAUS-25OCT22,Above 91F,91.0,91.0,,above,greater,0.01,0,88.0,no,0,2304,0.0,1.0
2025-10-23,KXHIGHAUS-25OCT23-T88,KXHIGHAUS-25OCT23,Below 88F,88.0,,88.0,below,less,0.01,0,92.0,no,0,5010,0.0,1.0
2025-10-23,KXHIGHAUS-25OCT23-B88.5,KXHIGHAUS-25OCT23,88-90F,88.0,88.0,90.0,between,between,0.01,0,92.0,no,0,12944,0.0,1.0
2025-10-23,KXHIGHAUS-25OCT23-B90.5,KXHIGHAUS-25OCT23,90-92F,90.0,90.0,92.0,between,between,0.01,0,92.0,no,0,32893,0.0,1.0
2025-10-23,KXHIGHAUS-25OCT23-B92.5,KXHIGHAUS-25OCT23,92-94F,92.0,92.0,94.0,between,between,0.99,1,92.0,yes,100,67450,0.0,1.0
2025-10-23,KXHIGHAUS-25OCT23-B94.5,KXHIGHAUS-25OCT23,94-96F,94.0,94.0,96.0,between,between,0.01,0,92.0,no,0,4049,0.0,1.0
2025-10-23,KXHIGHAUS-25OCT23-T95,KXHIGHAUS-25OCT23,Above 95F,95.0,95.0,,above,greater,0.01,0,92.0,no,0,243,0.0,1.0
2025-10-24,KXHIGHAUS-25OCT24-T84,KXHIGHAUS-25OCT24,Below 84F,84.0,,84.0,below,less,0.01,0,90.0,no,0,1568,0.0,1.0
2025-10-24,KXHIGHAUS-25OCT24-B84.5,KXHIGHAUS-25OCT24,84-86F,84.0,84.0,86.0,between,between,0.01,0,90.0,no,0,17693,0.0,1.0
2025-10-24,KXHIGHAUS-25OCT24-B86.5,KXHIGHAUS-25OCT24,86-88F,86.0,86.0,88.0,between,between,0.01,0,90.0,no,0,14505,0.0,1.0
2025-10-24,KXHIGHAUS-25OCT24-B88.5,KXHIGHAUS-25OCT24,88-90F,88.0,88.0,90.0,between,between,0.01,0,90.0,no,0,43607,0.0,1.0
2025-10-24,KXHIGHAUS-25OCT24-B90.5,KXHIGHAUS-25OCT24,90-92F,90.0,90.0,92.0,between,between,0.99,1,90.0,yes,100,28497,0.0,1.0
2025-10-24,KXHIGHAUS-25OCT24-T91,KXHIGHAUS-25OCT24,Above 91F,91.0,91.0,,above,greater,0.01,0,90.0,no,0,16612,0.0,1.0
2025-10-25,KXHIGHAUS-25OCT25-T80,KXHIGHAUS-25OCT25,Below 80F,80.0,,80.0,below,less,0.99,1,77.0,yes,100,36610,0.0,1.0
2025-10-25,KXHIGHAUS-25OCT25-B80.5,KXHIGHAUS-25OCT25,80-82F,80.0,80.0,82.0,between,between,0.01,0,77.0,no,0,13528,0.0,1.0
2025-10-25,KXHIGHAUS-25OCT25-B82.5,KXHIGHAUS-25OCT25,82-84F,82.0,82.0,84.0,between,between,0.01,0,77.0,no,0,19223,0.0,1.0
2025-10-25,KXHIGHAUS-25OCT25-B84.5,KXHIGHAUS-25OCT25,84-86F,84.0,84.0,86.0,between,between,0.01,0,77.0,no,0,14104,0.0,1.0
2025-10-25,KXHIGHAUS-25OCT25-B86.5,KXHIGHAUS-25OCT25,86-88F,86.0,86.0,88.0,between,between,0.01,0,77.0,no,0,6346,0.0,1.0
2025-10-25,KXHIGHAUS-25OCT25-T87,KXHIGHAUS-25OCT25,Above 87F,87.0,87.0,,above,greater,0.02,0,77.0,no,0,732,0.0,1.0
2025-10-26,KXHIGHAUS-25OCT26-T80,KXHIGHAUS-25OCT26,Below 80F,80.0,,80.0,below,less,0.01,0,82.0,no,0,24019,0.0,1.0
2025-10-26,KXHIGHAUS-25OCT26-B80.5,KXHIGHAUS-25OCT26,80-82F,80.0,80.0,82.0,between,between,0.01,0,82.0,no,0,37342,0.0,1.0
2025-10-26,KXHIGHAUS-25OCT26-B82.5,KXHIGHAUS-25OCT26,82-84F,82.0,82.0,84.0,between,between,0.95,1,82.0,yes,100,13632,0.0,1.0
2025-10-26,KXHIGHAUS-25OCT26-B84.5,KXHIGHAUS-25OCT26,84-86F,84.0,84.0,86.0,between,between,0.01,0,82.0,no,0,23834,0.0,1.0
2025-10-26,KXHIGHAUS-25OCT26-B86.5,KXHIGHAUS-25OCT26,86-88F,86.0,86.0,88.0,between,between,0.01,0,82.0,no,0,10694,0.0,1.0
2025-10-26,KXHIGHAUS-25OCT26-T87,KXHIGHAUS-25OCT26,Above 87F,87.0,87.0,,above,greater,0.01,0,82.0,no,0,8251,0.0,1.0
2025-10-27,KXHIGHAUS-25OCT27-T83,KXHIGHAUS-25OCT27,Below 83F,83.0,,83.0,below,less,0.01,0,90.0,no,0,2372,0.0,1.0
2025-10-27,KXHIGHAUS-25OCT27-B83.5,KXHIGHAUS-25OCT27,83-85F,83.0,83.0,85.0,between,between,0.01,0,90.0,no,0,2868,0.0,1.0
2025-10-27,KXHIGHAUS-25OCT27-B85.5,KXHIGHAUS-25OCT27,85-87F,85.0,85.0,87.0,between,between,0.01,0,90.0,no,0,8037,0.0,1.0
2025-10-27,KXHIGHAUS-25OCT27-B87.5,KXHIGHAUS-25OCT27,87-89F,87.0,87.0,89.0,between,between,0.01,0,90.0,no,0,17104,0.0,1.0
2025-10-27,KXHIGHAUS-25OCT27-B89.5,KXHIGHAUS-25OCT27,89-91F,89.0,89.0,91.0,between,between,0.99,1,90.0,yes,100,18643,0.0,1.0
2025-10-27,KXHIGHAUS-25OCT27-T90,KXHIGHAUS-25OCT27,Above 90F,90.0,90.0,,above,greater,0.01,0,90.0,no,0,20210,0.0,1.0
2025-10-28,KXHIGHAUS-25OCT28-T84,KXHIGHAUS-25OCT28,Below 84F,84.0,,84.0,below,less,0.01,0,89.0,no,0,23442,0.0,1.0
2025-10-28,KXHIGHAUS-25OCT28-B84.5,KXHIGHAUS-25OCT28,84-86F,84.0,84.0,86.0,between,between,0.01,0,89.0,no,0,21738,0.0,1.0
2025-10-28,KXHIGHAUS-25OCT28-B86.5,KXHIGHAUS-25OCT28,86-88F,86.0,86.0,88.0,between,between,0.01,0,89.0,no,0,21755,0.0,1.0
2025-10-28,KXHIGHAUS-25OCT28-B88.5,KXHIGHAUS-25OCT28,88-90F,88.0,88.0,90.0,between,between,0.99,1,89.0,yes,100,37465,0.0,1.0
2025-10-28,KXHIGHAUS-25OCT28-B90.5,KXHIGHAUS-25OCT28,90-92F,90.0,90.0,92.0,between,between,0.01,0,89.0,no,0,18973,0.0,1.0
2025-10-28,KXHIGHAUS-25OCT28-T91,KXHIGHAUS-25OCT28,Above 91F,91.0,91.0,,above,greater,0.01,0,89.0,no,0,15840,0.0,1.0
2025-10-29,KXHIGHAUS-25OCT29-T66,KXHIGHAUS-25OCT29,Below 66F,66.0,,66.0,below,less,0.01,0,69.0,no,0,1411,0.0,1.0
2025-10-29,KXHIGHAUS-25OCT29-B66.5,KXHIGHAUS-25OCT29,66-68F,66.0,66.0,68.0,between,between,0.01,0,69.0,no,0,30868,0.0,1.0
2025-10-29,KXHIGHAUS-25OCT29-B68.5,KXHIGHAUS-25OCT29,68-70F,68.0,68.0,70.0,between,between,0.99,1,69.0,yes,100,24318,0.0,1.0
2025-10-29,KXHIGHAUS-25OCT29-B70.5,KXHIGHAUS-25OCT29,70-72F,70.0,70.0,72.0,between,between,0.01,0,69.0,no,0,15109,0.0,1.0
2025-10-29,KXHIGHAUS-25OCT29-B72.5,KXHIGHAUS-25OCT29,72-74F,72.0,72.0,74.0,between,between,0.01,0,69.0,no,0,7906,0.0,1.0
2025-10-29,KXHIGHAUS-25OCT29-T73,KXHIGHAUS-25OCT29,Above 73F,73.0,73.0,,above,greater,0.01,0,69.0,no,0,3301,0.0,1.0
2025-10-30,KXHIGHAUS-25OCT30-T69,KXHIGHAUS-25OCT30,Below 69F,69.0,,69.0,below,less,0.01,0,72.0,no,0,2869,0.0,1.0
2025-10-30,KXHIGHAUS-25OCT30-B69.5,KXHIGHAUS-25OCT30,69-71F,69.0,69.0,71.0,between,between,0.01,0,72.0,no,0,12585,0.0,1.0
2025-10-30,KXHIGHAUS-25OCT30-B71.5,KXHIGHAUS-25OCT30,71-73F,71.0,71.0,73.0,between,between,0.99,1,72.0,yes,100,10487,0.0,1.0
2025-10-30,KXHIGHAUS-25OCT30-B73.5,KXHIGHAUS-25OCT30,73-75F,73.0,73.0,75.0,between,between,0.01,0,72.0,no,0,18062,0.0,1.0
2025-10-30,KXHIGHAUS-25OCT30-B75.5,KXHIGHAUS-25OCT30,75-77F,75.0,75.0,77.0,between,between,0.01,0,72.0,no,0,7782,0.0,1.0
2025-10-30,KXHIGHAUS-25OCT30-T76,KXHIGHAUS-25OCT30,Above 76F,76.0,76.0,,above,greater,0.01,0,72.0,no,0,1409,0.0,1.0
2025-10-31,KXHIGHAUS-25OCT31-T73,KXHIGHAUS-25OCT31,Below 73F,73.0,,73.0,below,less,0.01,0,,no,0,4993,0.0,1.0
2025-10-31,KXHIGHAUS-25OCT31-B73.5,KXHIGHAUS-25OCT31,73-75F,73.0,73.0,75.0,between,between,0.01,0,,no,0,19563,0.0,1.0
2025-10-31,KXHIGHAUS-25OCT31-B75.5,KXHIGHAUS-25OCT31,75-77F,75.0,75.0,77.0,between,between,0.99,1,,yes,100,15703,0.0,1.0
2025-10-31,KXHIGHAUS-25OCT31-B77.5,KXHIGHAUS-25OCT31,77-79F,77.0,77.0,79.0,between,between,0.01,0,,no,0,13642,0.0,1.0
2025-10-31,KXHIGHAUS-25OCT31-B79.5,KXHIGHAUS-25OCT31,79-81F,79.0,79.0,81.0,between,between,0.01,0,,no,0,4636,0.0,1.0
2025-10-31,KXHIGHAUS-25OCT31-T80,KXHIGHAUS-25OCT31,Above 80F,80.0,80.0,,above,greater,0.01,0,,no,0,666,0.0,1.0
2025-11-01,KXHIGHAUS-25NOV01-T73,KXHIGHAUS-25NOV01,Below 73F,73.0,,73.0,below,less,0.99,1,,yes,100,15562,0.0,1.0
2025-11-01,KXHIGHAUS-25NOV01-B73.5,KXHIGHAUS-25NOV01,73-75F,73.0,73.0,75.0,between,between,0.01,0,,no,0,13090,0.0,1.0
2025-11-01,KXHIGHAUS-25NOV01-B75.5,KXHIGHAUS-25NOV01,75-77F,75.0,75.0,77.0,between,between,0.01,0,,no,0,8260,0.0,1.0
2025-11-01,KXHIGHAUS-25NOV01-B77.5,KXHIGHAUS-25NOV01,77-79F,77.0,77.0,79.0,between,between,0.01,0,,no,0,1928,0.0,1.0
2025-11-01,KXHIGHAUS-25NOV01-B79.5,KXHIGHAUS-25NOV01,79-81F,79.0,79.0,81.0,between,between,0.02,0,,no,0,454,0.0,1.0
2025-11-01,KXHIGHAUS-25NOV01-T80,KXHIGHAUS-25NOV01,Above 80F,80.0,80.0,,above,greater,0.01,0,,no,0,457,0.0,1.0
2025-11-02,KXHIGHAUS-25NOV02-T70,KXHIGHAUS-25NOV02,Below 70F,70.0,,70.0,below,less,0.01,0,,no,0,350,0.0,1.0
2025-11-02,KXHIGHAUS-25NOV02-B70.5,KXHIGHAUS-25NOV02,70-72F,70.0,70.0,72.0,between,between,0.01,0,,no,0,4407,0.0,1.0
2025-11-02,KXHIGHAUS-25NOV02-B72.5,KXHIGHAUS-25NOV02,72-74F,72.0,72.0,74.0,between,between,0.01,0,,no,0,24330,0.0,1.0
2025-11-02,KXHIGHAUS-25NOV02-B74.5,KXHIGHAUS-25NOV02,74-76F,74.0,74.0,76.0,between,between,0.99,1,,yes,100,25697,0.0,1.0
2025-11-02,KXHIGHAUS-25NOV02-B76.5,KXHIGHAUS-25NOV02,76-78F,76.0,76.0,78.0,between,between,0.01,0,,no,0,8502,0.0,1.0
2025-11-02,KXHIGHAUS-25NOV02-T77,KXHIGHAUS-25NOV02,Above 77F,77.0,77.0,,above,greater,0.01,0,,no,0,4257,0.0,1.0
2025-11-03,KXHIGHAUS-25NOV03-T77,KXHIGHAUS-25NOV03,Below 77F,77.0,,77.0,below,less,0.01,0,,no,0,8224,0.0,1.0
2025-11-03,KXHIGHAUS-25NOV03-B77.5,KXHIGHAUS-25NOV03,77-79F,77.0,77.0,79.0,between,between,0.01,0,,no,0,26754,0.0,1.0
2025-11-03,KXHIGHAUS-25NOV03-B79.5,KXHIGHAUS-25NOV03,79-81F,79.0,79.0,81.0,between,between,0.99,1,,yes,100,33731,0.0,1.0
2025-11-03,KXHIGHAUS-25NOV03-B81.5,KXHIGHAUS-25NOV03,81-83F,81.0,81.0,83.0,between,between,0.01,0,,no,0,9972,0.0,1.0
2025-11-03,KXHIGHAUS-25NOV03-B83.5,KXHIGHAUS-25NOV03,83-85F,83.0,83.0,85.0,between,between,0.01,0,,no,0,604,0.0,1.0
2025-11-03,KXHIGHAUS-25NOV03-T84,KXHIGHAUS-25NOV03,Above 84F,84.0,84.0,,above,greater,0.01,0,,no,0,472,0.0,1.0
2025-11-04,KXHIGHAUS-25NOV04-T78,KXHIGHAUS-25NOV04,Below 78F,78.0,,78.0,below,less,0.01,0,,no,0,2166,0.0,1.0
2025-11-04,KXHIGHAUS-25NOV04-B78.5,KXHIGHAUS-25NOV04,78-80F,78.0,78.0,80.0,between,between,0.01,0,,no,0,19387,0.0,1.0
2025-11-04,KXHIGHAUS-25NOV04-B80.5,KXHIGHAUS-25NOV04,80-82F,80.0,80.0,82.0,between,between,0.99,1,,yes,100,11106,0.0,1.0
2025-11-04,KXHIGHAUS-25NOV04-B82.5,KXHIGHAUS-25NOV04,82-84F,82.0,82.0,84.0,between,between,0.01,0,,no,0,6880,0.0,1.0
2025-11-04,KXHIGHAUS-25NOV04-B84.5,KXHIGHAUS-25NOV04,84-86F,84.0,84.0,86.0,between,between,0.01,0,,no,0,3263,0.0,1.0
2025-11-04,KXHIGHAUS-25NOV04-T85,KXHIGHAUS-25NOV04,Above 85F,85.0,85.0,,above,greater,0.01,0,,no,0,651,0.0,1.0
2025-11-05,KXHIGHAUS-25NOV05-T81,KXHIGHAUS-25NOV05,Below 81F,81.0,,81.0,below,less,0.01,0,,no,0,2187,0.0,1.0
2025-11-05,KXHIGHAUS-25NOV05-B81.5,KXHIGHAUS-25NOV05,81-83F,81.0,81.0,83.0,between,between,0.01,0,,no,0,5059,0.0,1.0
2025-11-05,KXHIGHAUS-25NOV05-B83.5,KXHIGHAUS-25NOV05,83-85F,83.0,83.0,85.0,between,between,0.99,1,,yes,100,13428,0.0,1.0
2025-11-05,KXHIGHAUS-25NOV05-B85.5,KXHIGHAUS-25NOV05,85-87F,85.0,85.0,87.0,between,between,0.01,0,,no,0,15745,0.0,1.0
2025-11-05,KXHIGHAUS-25NOV05-B87.5,KXHIGHAUS-25NOV05,87-89F,87.0,87.0,89.0,between,between,0.01,0,,no,0,3107,0.0,1.0
2025-11-05,KXHIGHAUS-25NOV05-T88,KXHIGHAUS-25NOV05,Above 88F,88.0,88.0,,above,greater,0.01,0,,no,0,1440,0.0,1.0
2025-11-06,KXHIGHAUS-25NOV06-T82,KXHIGHAUS-25NOV06,Below 82F,82.0,,82.0,below,less,0.01,0,,no,0,843,0.0,1.0
2025-11-06,KXHIGHAUS-25NOV06-B82.5,KXHIGHAUS-25NOV06,82-84F,82.0,82.0,84.0,between,between,0.01,0,,no,0,6384,0.0,1.0
2025-11-06,KXHIGHAUS-25NOV06-B84.5,KXHIGHAUS-25NOV06,84-86F,84.0,84.0,86.0,between,between,0.99,1,,yes,100,10397,0.0,1.0
2025-11-06,KXHIGHAUS-25NOV06-B86.5,KXHIGHAUS-25NOV06,86-88F,86.0,86.0,88.0,between,between,0.01,0,,no,0,10808,0.0,1.0
2025-11-06,KXHIGHAUS-25NOV06-B88.5,KXHIGHAUS-25NOV06,88-90F,88.0,88.0,90.0,between,between,0.01,0,,no,0,2568,0.0,1.0
2025-11-06,KXHIGHAUS-25NOV06-T89,KXHIGHAUS-25NOV06,Above 89F,89.0,89.0,,above,greater,0.01,0,,no,0,1387,0.0,1.0
2025-11-07,KXHIGHAUS-25NOV07-T87,KXHIGHAUS-25NOV07,Below 87F,87.0,,87.0,below,less,0.01,0,,no,0,3641,0.0,1.0
2025-11-07,KXHIGHAUS-25NOV07-B87.5,KXHIGHAUS-25NOV07,87-89F,87.0,87.0,89.0,between,between,0.01,0,,no,0,9668,0.0,1.0
2025-11-07,KXHIGHAUS-25NOV07-B89.5,KXHIGHAUS-25NOV07,89-91F,89.0,89.0,91.0,between,between,0.01,0,,no,0,228747,0.0,1.0
2025-11-07,KXHIGHAUS-25NOV07-B91.5,KXHIGHAUS-25NOV07,91-93F,91.0,91.0,93.0,between,between,0.99,1,,yes,100,26752,0.0,1.0
2025-11-07,KXHIGHAUS-25NOV07-B93.5,KXHIGHAUS-25NOV07,93-95F,93.0,93.0,95.0,between,between,0.01,0,,no,0,27781,0.0,1.0
2025-11-07,KXHIGHAUS-25NOV07-T94,KXHIGHAUS-25NOV07,Above 94F,94.0,94.0,,above,greater,0.01,0,,no,0,8322,0.0,1.0
2025-11-08,KXHIGHAUS-25NOV08-T83,KXHIGHAUS-25NOV08,Below 83F,83.0,,83.0,below,less,0.01,0,,no,0,374,0.0,1.0
2025-11-08,KXHIGHAUS-25NOV08-B83.5,KXHIGHAUS-25NOV08,83-85F,83.0,83.0,85.0,between,between,0.01,0,,no,0,11516,0.0,1.0
2025-11-08,KXHIGHAUS-25NOV08-B85.5,KXHIGHAUS-25NOV08,85-87F,85.0,85.0,87.0,between,between,0.99,1,,yes,100,17662,0.0,1.0
2025-11-08,KXHIGHAUS-25NOV08-B87.5,KXHIGHAUS-25NOV08,87-89F,87.0,87.0,89.0,between,between,0.01,0,,no,0,21220,0.0,1.0
2025-11-08,KXHIGHAUS-25NOV08-B89.5,KXHIGHAUS-25NOV08,89-91F,89.0,89.0,91.0,between,between,0.01,0,,no,0,9369,0.0,1.0
2025-11-08,KXHIGHAUS-25NOV08-T90,KXHIGHAUS-25NOV08,Above 90F,90.0,90.0,,above,greater,0.01,0,,no,0,4014,0.0,1.0
2025-11-09,KXHIGHAUS-25NOV09-T65,KXHIGHAUS-25NOV09,Below 65F,65.0,,65.0,below,less,0.01,0,71.0,no,0,552,0.0,1.0
2025-11-09,KXHIGHAUS-25NOV09-B65.5,KXHIGHAUS-25NOV09,65-67F,65.0,65.0,67.0,between,between,0.01,0,71.0,no,0,1340,0.0,1.0
2025-11-09,KXHIGHAUS-25NOV09-B67.5,KXHIGHAUS-25NOV09,67-69F,67.0,67.0,69.0,between,between,0.01,0,71.0,no,0,6650,0.0,1.0
2025-11-09,KXHIGHAUS-25NOV09-B69.5,KXHIGHAUS-25NOV09,69-71F,69.0,69.0,71.0,between,between,0.01,0,71.0,no,0,9584,0.0,1.0
2025-11-09,KXHIGHAUS-25NOV09-B71.5,KXHIGHAUS-25NOV09,71-73F,71.0,71.0,73.0,between,between,0.99,1,71.0,yes,100,10599,0.0,1.0
2025-11-09,KXHIGHAUS-25NOV09-T72,KXHIGHAUS-25NOV09,Above 72F,72.0,72.0,,above,greater,0.01,0,71.0,no,0,9241,0.0,1.0
2025-11-10,KXHIGHAUS-25NOV10-T58,KXHIGHAUS-25NOV10,Below 58F,58.0,,58.0,below,less,0.01,0,,no,0,1839,0.0,1.0
2025-11-10,KXHIGHAUS-25NOV10-B58.5,KXHIGHAUS-25NOV10,58-60F,58.0,58.0,60.0,between,between,0.01,0,,no,0,15586,0.0,1.0
2025-11-10,KXHIGHAUS-25NOV10-B60.5,KXHIGHAUS-25NOV10,60-62F,60.0,60.0,62.0,between,between,0.99,1,,yes,100,14848,0.0,1.0
2025-11-10,KXHIGHAUS-25NOV10-B62.5,KXHIGHAUS-25NOV10,62-64F,62.0,62.0,64.0,between,between,0.01,0,,no,0,15680,0.0,1.0
2025-11-10,KXHIGHAUS-25NOV10-B64.5,KXHIGHAUS-25NOV10,64-66F,64.0,64.0,66.0,between,between,0.01,0,,no,0,3379,0.0,1.0
2025-11-10,KXHIGHAUS-25NOV10-T65,KXHIGHAUS-25NOV10,Above 65F,65.0,65.0,,above,greater,0.01,0,,no,0,2427,0.0,1.0
2025-11-11,KXHIGHAUS-25NOV11-T71,KXHIGHAUS-25NOV11,Below 71F,71.0,,71.0,below,less,0.01,0,,no,0,1222,0.0,1.0
2025-11-11,KXHIGHAUS-25NOV11-B71.5,KXHIGHAUS-25NOV11,71-73F,71.0,71.0,73.0,between,between,0.01,0,,no,0,18581,0.0,1.0
2025-11-11,KXHIGHAUS-25NOV11-B73.5,KXHIGHAUS-25NOV11,73-75F,73.0,73.0,75.0,between,between,0.01,0,,no,0,14454,0.0,1.0
2025-11-11,KXHIGHAUS-25NOV11-B75.5,KXHIGHAUS-25NOV11,75-77F,75.0,75.0,77.0,between,between,0.99,1,,yes,100,19894,0.0,1.0
2025-11-11,KXHIGHAUS-25NOV11-B77.5,KXHIGHAUS-25NOV11,77-79F,77.0,77.0,79.0,between,between,0.01,0,,no,0,3305,0.0,1.0
2025-11-11,KXHIGHAUS-25NOV11-T78,KXHIGHAUS-25NOV11,Above 78F,78.0,78.0,,above,greater,0.01,0,,no,0,1354,0.0,1.0
2025-11-12,KXHIGHAUS-25NOV12-T80,KXHIGHAUS-25NOV12,Below 80F,80.0,,80.0,below,less,0.01,0,,no,0,3663,0.0,1.0
2025-11-12,KXHIGHAUS-25NOV12-B80.5,KXHIGHAUS-25NOV12,80-82F,80.0,80.0,82.0,between,between,0.01,0,,no,0,13542,0.0,1.0
2025-11-12,KXHIGHAUS-25NOV12-B82.5,KXHIGHAUS-25NOV12,82-84F,82.0,82.0,84.0,between,between,0.99,1,,yes,100,11058,0.0,1.0
2025-11-12,KXHIGHAUS-25NOV12-B84.5,KXHIGHAUS-25NOV12,84-86F,84.0,84.0,86.0,between,between,0.01,0,,no,0,9826,0.0,1.0
2025-11-12,KXHIGHAUS-25NOV12-B86.5,KXHIGHAUS-25NOV12,86-88F,86.0,86.0,88.0,between,between,0.01,0,,no,0,2419,0.0,1.0
2025-11-12,KXHIGHAUS-25NOV12-T87,KXHIGHAUS-25NOV12,Above 87F,87.0,87.0,,above,greater,0.01,0,,no,0,593,0.0,1.0
2025-11-13,KXHIGHAUS-25NOV13-T82,KXHIGHAUS-25NOV13,Below 82F,82.0,,82.0,below,less,0.01,0,,no,0,5215,0.0,1.0
2025-11-13,KXHIGHAUS-25NOV13-B82.5,KXHIGHAUS-25NOV13,82-84F,82.0,82.0,84.0,between,between,0.01,0,,no,0,26129,0.0,1.0
2025-11-13,KXHIGHAUS-25NOV13-B84.5,KXHIGHAUS-25NOV13,84-86F,84.0,84.0,86.0,between,between,0.01,0,,no,0,48179,0.0,1.0
2025-11-13,KXHIGHAUS-25NOV13-B86.5,KXHIGHAUS-25NOV13,86-88F,86.0,86.0,88.0,between,between,0.99,1,,yes,100,21994,0.0,1.0
2025-11-13,KXHIGHAUS-25NOV13-B88.5,KXHIGHAUS-25NOV13,88-90F,88.0,88.0,90.0,between,between,0.04,0,,no,0,2191,0.0,1.0
2025-11-13,KXHIGHAUS-25NOV13-T89,KXHIGHAUS-25NOV13,Above 89F,89.0,89.0,,above,greater,0.01,0,,no,0,1313,0.0,1.0
2025-11-14,KXHIGHAUS-25NOV14-T82,KXHIGHAUS-25NOV14,Below 82F,82.0,,82.0,below,less,0.01,0,,no,0,1755,0.0,1.0
2025-11-14,KXHIGHAUS-25NOV14-B82.5,KXHIGHAUS-25NOV14,82-84F,82.0,82.0,84.0,between,between,0.01,0,,no,0,23680,0.0,1.0
2025-11-14,KXHIGHAUS-25NOV14-B84.5,KXHIGHAUS-25NOV14,84-86F,84.0,84.0,86.0,between,between,0.99,1,,yes,100,16464,0.0,1.0
2025-11-14,KXHIGHAUS-25NOV14-B86.5,KXHIGHAUS-25NOV14,86-88F,86.0,86.0,88.0,between,between,0.01,0,,no,0,17541,0.0,1.0
2025-11-14,KXHIGHAUS-25NOV14-B88.5,KXHIGHAUS-25NOV14,88-90F,88.0,88.0,90.0,between,between,0.01,0,,no,0,2892,0.0,1.0
2025-11-14,KXHIGHAUS-25NOV14-T89,KXHIGHAUS-25NOV14,Above 89F,89.0,89.0,,above,greater,0.01,0,,no,0,1396,0.0,1.0
2025-11-15,KXHIGHAUS-25NOV15-T83,KXHIGHAUS-25NOV15,Below 83F,83.0,,83.0,below,less,0.01,0,,no,0,92719,0.0,1.0
2025-11-15,KXHIGHAUS-25NOV15-B83.5,KXHIGHAUS-25NOV15,83-85F,83.0,83.0,85.0,between,between,0.01,0,,no,0,24429,0.0,1.0
2025-11-15,KXHIGHAUS-25NOV15-B85.5,KXHIGHAUS-25NOV15,85-87F,85.0,85.0,87.0,between,between,0.99,1,,yes,100,16730,0.0,1.0
2025-11-15,KXHIGHAUS-25NOV15-B87.5,KXHIGHAUS-25NOV15,87-89F,87.0,87.0,89.0,between,between,0.01,0,,no,0,10621,0.0,1.0
2025-11-15,KXHIGHAUS-25NOV15-B89.5,KXHIGHAUS-25NOV15,89-91F,89.0,89.0,91.0,between,between,0.01,0,,no,0,2992,0.0,1.0
2025-11-15,KXHIGHAUS-25NOV15-T90,KXHIGHAUS-25NOV15,Above 90F,90.0,90.0,,above,greater,0.01,0,,no,0,2286,0.0,1.0
2025-11-16,KXHIGHAUS-25NOV16-T84,KXHIGHAUS-25NOV16,Below 84F,84.0,,84.0,below,less,0.01,0,,no,0,104,0.0,1.0
2025-11-16,KXHIGHAUS-25NOV16-B84.5,KXHIGHAUS-25NOV16,84-86F,84.0,84.0,86.0,between,between,0.01,0,,no,0,13695,0.0,1.0
2025-11-16,KXHIGHAUS-25NOV16-B86.5,KXHIGHAUS-25NOV16,86-88F,86.0,86.0,88.0,between,between,0.99,1,,yes,100,20803,0.0,1.0
2025-11-16,KXHIGHAUS-25NOV16-B88.5,KXHIGHAUS-25NOV16,88-90F,88.0,88.0,90.0,between,between,0.01,0,,no,0,8678,0.0,1.0
2025-11-16,KXHIGHAUS-25NOV16-B90.5,KXHIGHAUS-25NOV16,90-92F,90.0,90.0,92.0,between,between,0.01,0,,no,0,3572,0.0,1.0
2025-11-16,KXHIGHAUS-25NOV16-T91,KXHIGHAUS-25NOV16,Above 91F,91.0,91.0,,above,greater,0.01,0,,no,0,1276,0.0,1.0
2025-11-17,KXHIGHAUS-25NOV17-T85,KXHIGHAUS-25NOV17,Below 85F,85.0,,85.0,below,less,0.01,0,,no,0,9152,0.0,1.0
2025-11-17,KXHIGHAUS-25NOV17-B85.5,KXHIGHAUS-25NOV17,85-87F,85.0,85.0,87.0,between,between,0.01,0,,no,0,33616,0.0,1.0
2025-11-17,KXHIGHAUS-25NOV17-B87.5,KXHIGHAUS-25NOV17,87-89F,87.0,87.0,89.0,between,between,0.99,1,,yes,100,13012,0.0,1.0
2025-11-17,KXHIGHAUS-25NOV17-B89.5,KXHIGHAUS-25NOV17,89-91F,89.0,89.0,91.0,between,between,0.01,0,,no,0,14283,0.0,1.0
2025-11-17,KXHIGHAUS-25NOV17-B91.5,KXHIGHAUS-25NOV17,91-93F,91.0,91.0,93.0,between,between,0.01,0,,no,0,2412,0.0,1.0
2025-11-17,KXHIGHAUS-25NOV17-T92,KXHIGHAUS-25NOV17,Above 92F,92.0,92.0,,above,greater,0.01,0,,no,0,1204,0.0,1.0
2025-11-18,KXHIGHAUS-25NOV18-T84,KXHIGHAUS-25NOV18,Below 84F,84.0,,84.0,below,less,0.01,0,,no,0,14942,0.0,1.0
2025-11-18,KXHIGHAUS-25NOV18-B84.5,KXHIGHAUS-25NOV18,84-86F,84.0,84.0,86.0,between,between,0.01,0,,no,0,24818,0.0,1.0
2025-11-18,KXHIGHAUS-25NOV18-B86.5,KXHIGHAUS-25NOV18,86-88F,86.0,86.0,88.0,between,between,0.99,1,,yes,100,15407,0.0,1.0
2025-11-18,KXHIGHAUS-25NOV18-B88.5,KXHIGHAUS-25NOV18,88-90F,88.0,88.0,90.0,between,between,0.01,0,,no,0,8593,0.0,1.0
2025-11-18,KXHIGHAUS-25NOV18-B90.5,KXHIGHAUS-25NOV18,90-92F,90.0,90.0,92.0,between,between,0.03,0,,no,0,1107,0.0,1.0
2025-11-18,KXHIGHAUS-25NOV18-T91,KXHIGHAUS-25NOV18,Above 91F,91.0,91.0,,above,greater,0.02,0,,no,0,885,0.0,1.0
2025-11-19,KXHIGHAUS-25NOV19-T81,KXHIGHAUS-25NOV19,Below 81F,81.0,,81.0,below,less,0.01,0,,no,0,17841,0.0,1.0
2025-11-19,KXHIGHAUS-25NOV19-B81.5,KXHIGHAUS-25NOV19,81-83F,81.0,81.0,83.0,between,between,0.01,0,,no,0,12540,0.0,1.0
2025-11-19,KXHIGHAUS-25NOV19-B83.5,KXHIGHAUS-25NOV19,83-85F,83.0,83.0,85.0,between,between,0.01,0,,no,0,22252,0.0,1.0
2025-11-19,KXHIGHAUS-25NOV19-B85.5,KXHIGHAUS-25NOV19,85-87F,85.0,85.0,87.0,between,between,0.01,0,,no,0,41870,0.0,1.0
2025-11-19,KXHIGHAUS-25NOV19-B87.5,KXHIGHAUS-25NOV19,87-89F,87.0,87.0,89.0,between,between,0.99,1,,yes,100,39022,0.0,1.0
2025-11-19,KXHIGHAUS-25NOV19-T88,KXHIGHAUS-25NOV19,Above 88F,88.0,88.0,,above,greater,0.01,0,,no,0,7300,0.0,1.0
2025-11-20,KXHIGHAUS-25NOV20-T79,KXHIGHAUS-25NOV20,Below 79F,79.0,,79.0,below,less,0.01,0,,no,0,20952,0.0,1.0
2025-11-20,KXHIGHAUS-25NOV20-B79.5,KXHIGHAUS-25NOV20,79-81F,79.0,79.0,81.0,between,between,0.01,0,,no,0,20657,0.0,1.0
2025-11-20,KXHIGHAUS-25NOV20-B81.5,KXHIGHAUS-25NOV20,81-83F,81.0,81.0,83.0,between,between,0.01,0,,no,0,26150,0.0,1.0
2025-11-20,KXHIGHAUS-25NOV20-B83.5,KXHIGHAUS-25NOV20,83-85F,83.0,83.0,85.0,between,between,0.01,0,,no,0,21678,0.0,1.0
2025-11-20,KXHIGHAUS-25NOV20-B85.5,KXHIGHAUS-25NOV20,85-87F,85.0,85.0,87.0,between,between,0.99,1,,yes,100,15026,0.0,1.0
2025-11-20,KXHIGHAUS-25NOV20-T86,KXHIGHAUS-25NOV20,Above 86F,86.0,86.0,,above,greater,0.01,0,,no,0,6546,0.0,1.0
2025-11-21,KXHIGHAUS-25NOV21-T77,KXHIGHAUS-25NOV21,Below 77F,77.0,,77.0,below,less,0.01,0,,no,0,16478,0.0,1.0
2025-11-21,KXHIGHAUS-25NOV21-B77.5,KXHIGHAUS-25NOV21,77-79F,77.0,77.0,79.0,between,between,0.99,1,,yes,100,23147,0.0,1.0
2025-11-21,KXHIGHAUS-25NOV21-B79.5,KXHIGHAUS-25NOV21,79-81F,79.0,79.0,81.0,between,between,0.01,0,,no,0,7960,0.0,1.0
2025-11-21,KXHIGHAUS-25NOV21-B81.5,KXHIGHAUS-25NOV21,81-83F,81.0,81.0,83.0,between,between,0.01,0,,no,0,9853,0.0,1.0
2025-11-21,KXHIGHAUS-25NOV21-B83.5,KXHIGHAUS-25NOV21,83-85F,83.0,83.0,85.0,between,between,0.01,0,,no,0,5500,0.0,1.0
2025-11-21,KXHIGHAUS-25NOV21-T84,KXHIGHAUS-25NOV21,Above 84F,84.0,84.0,,above,greater,0.01,0,,no,0,2329,0.0,1.0
2025-11-22,KXHIGHAUS-25NOV22-T73,KXHIGHAUS-25NOV22,Below 73F,73.0,,73.0,below,less,0.01,0,76.0,no,0,2924,0.0,1.0
2025-11-22,KXHIGHAUS-25NOV22-B73.5,KXHIGHAUS-25NOV22,73-75F,73.0,73.0,75.0,between,between,0.01,0,76.0,no,0,7684,0.0,1.0
2025-11-22,KXHIGHAUS-25NOV22-B75.5,KXHIGHAUS-25NOV22,75-77F,75.0,75.0,77.0,between,between,0.99,1,76.0,yes,100,8031,0.0,1.0
2025-11-22,KXHIGHAUS-25NOV22-B77.5,KXHIGHAUS-25NOV22,77-79F,77.0,77.0,79.0,between,between,0.01,0,76.0,no,0,12058,0.0,1.0
2025-11-22,KXHIGHAUS-25NOV22-B79.5,KXHIGHAUS-25NOV22,79-81F,79.0,79.0,81.0,between,between,0.08,0,76.0,no,0,2378,0.0,1.0
2025-11-22,KXHIGHAUS-25NOV22-T80,KXHIGHAUS-25NOV22,Above 80F,80.0,80.0,,above,greater,0.01,0,76.0,no,0,1440,0.0,1.0
2025-11-23,KXHIGHAUS-25NOV23-T71,KXHIGHAUS-25NOV23,Below 71F,71.0,,71.0,below,less,0.99,1,,yes,100,25687,0.0,1.0
2025-11-23,KXHIGHAUS-25NOV23-B71.5,KXHIGHAUS-25NOV23,71-73F,71.0,71.0,73.0,between,between,0.01,0,,no,0,7759,0.0,1.0
2025-11-23,KXHIGHAUS-25NOV23-B73.5,KXHIGHAUS-25NOV23,73-75F,73.0,73.0,75.0,between,between,0.01,0,,no,0,14456,0.0,1.0
2025-11-23,KXHIGHAUS-25NOV23-B75.5,KXHIGHAUS-25NOV23,75-77F,75.0,75.0,77.0,between,between,0.01,0,,no,0,9263,0.0,1.0
2025-11-23,KXHIGHAUS-25NOV23-B77.5,KXHIGHAUS-25NOV23,77-79F,77.0,77.0,79.0,between,between,0.01,0,,no,0,1868,0.0,1.0
2025-11-23,KXHIGHAUS-25NOV23-T78,KXHIGHAUS-25NOV23,Above 78F,78.0,78.0,,above,greater,0.01,0,,no,0,732,0.0,1.0
2025-11-24,KXHIGHAUS-25NOV24-T77,KXHIGHAUS-25NOV24,Below 77F,77.0,,77.0,below,less,0.01,0,,no,0,19688,0.0,1.0
2025-11-24,KXHIGHAUS-25NOV24-B77.5,KXHIGHAUS-25NOV24,77-79F,77.0,77.0,79.0,between,between,0.99,1,,yes,100,29773,0.0,1.0
2025-11-24,KXHIGHAUS-25NOV24-B79.5,KXHIGHAUS-25NOV24,79-81F,79.0,79.0,81.0,between,between,0.01,0,,no,0,18332,0.0,1.0
2025-11-24,KXHIGHAUS-25NOV24-B81.5,KXHIGHAUS-25NOV24,81-83F,81.0,81.0,83.0,between,between,0.01,0,,no,0,5150,0.0,1.0
2025-11-24,KXHIGHAUS-25NOV24-B83.5,KXHIGHAUS-25NOV24,83-85F,83.0,83.0,85.0,between,between,0.01,0,,no,0,2734,0.0,1.0
2025-11-24,KXHIGHAUS-25NOV24-T84,KXHIGHAUS-25NOV24,Above 84F,84.0,84.0,,above,greater,0.01,0,,no,0,3480,0.0,1.0
2025-11-25,KXHIGHAUS-25NOV25-T75,KXHIGHAUS-25NOV25,Below 75F,75.0,,75.0,below,less,0.01,0,,no,0,2056,0.0,1.0
2025-11-25,KXHIGHAUS-25NOV25-B75.5,KXHIGHAUS-25NOV25,75-77F,75.0,75.0,77.0,between,between,0.01,0,,no,0,3165,0.0,1.0
2025-11-25,KXHIGHAUS-25NOV25-B77.5,KXHIGHAUS-25NOV25,77-79F,77.0,77.0,79.0,between,between,0.01,0,,no,0,8026,0.0,1.0
2025-11-25,KXHIGHAUS-25NOV25-B79.5,KXHIGHAUS-25NOV25,79-81F,79.0,79.0,81.0,between,between,0.01,0,,no,0,10789,0.0,1.0
2025-11-25,KXHIGHAUS-25NOV25-B81.5,KXHIGHAUS-25NOV25,81-83F,81.0,81.0,83.0,between,between,0.99,1,,yes,100,15061,0.0,1.0
2025-11-25,KXHIGHAUS-25NOV25-T82,KXHIGHAUS-25NOV25,Above 82F,82.0,82.0,,above,greater,0.01,0,,no,0,5808,0.0,1.0
2025-11-26,KXHIGHAUS-25NOV26-T61,KXHIGHAUS-25NOV26,Below 61F,61.0,,61.0,below,less,0.01,0,66.0,no,0,100,0.0,1.0
2025-11-26,KXHIGHAUS-25NOV26-B61.5,KXHIGHAUS-25NOV26,61-63F,61.0,61.0,63.0,between,between,0.01,0,66.0,no,0,3292,0.0,1.0
2025-11-26,KXHIGHAUS-25NOV26-B63.5,KXHIGHAUS-25NOV26,63-65F,63.0,63.0,65.0,between,between,0.01,0,66.0,no,0,4638,0.0,1.0
2025-11-26,KXHIGHAUS-25NOV26-B65.5,KXHIGHAUS-25NOV26,65-67F,65.0,65.0,67.0,between,between,0.99,1,66.0,yes,100,8198,0.0,1.0
2025-11-26,KXHIGHAUS-25NOV26-B67.5,KXHIGHAUS-25NOV26,67-69F,67.0,67.0,69.0,between,between,0.01,0,66.0,no,0,7559,0.0,1.0
2025-11-26,KXHIGHAUS-25NOV26-T68,KXHIGHAUS-25NOV26,Above 68F,68.0,68.0,,above,greater,0.01,0,66.0,no,0,1610,0.0,1.0
2025-11-27,KXHIGHAUS-25NOV27-T62,KXHIGHAUS-25NOV27,Below 62F,62.0,,62.0,below,less,0.01,0,,no,0,7494,0.0,1.0
2025-11-27,KXHIGHAUS-25NOV27-B62.5,KXHIGHAUS-25NOV27,62-64F,62.0,62.0,64.0,between,between,0.01,0,,no,0,7051,0.0,1.0
2025-11-27,KXHIGHAUS-25NOV27-B64.5,KXHIGHAUS-25NOV27,64-66F,64.0,64.0,66.0,between,between,0.99,1,,yes,100,18179,0.0,1.0
2025-11-27,KXHIGHAUS-25NOV27-B66.5,KXHIGHAUS-25NOV27,66-68F,66.0,66.0,68.0,between,between,0.01,0,,no,0,20244,0.0,1.0
2025-11-27,KXHIGHAUS-25NOV27-B68.5,KXHIGHAUS-25NOV27,68-70F,68.0,68.0,70.0,between,between,0.01,0,,no,0,5549,0.0,1.0
2025-11-27,KXHIGHAUS-25NOV27-T69,KXHIGHAUS-25NOV27,Above 69F,69.0,69.0,,above,greater,0.01,0,,no,0,657,0.0,1.0
2025-11-28,KXHIGHAUS-25NOV28-T64,KXHIGHAUS-25NOV28,Below 64F,64.0,,64.0,below,less,0.01,0,,no,0,9250,0.0,1.0
2025-11-28,KXHIGHAUS-25NOV28-B64.5,KXHIGHAUS-25NOV28,64-66F,64.0,64.0,66.0,between,between,0.01,0,,no,0,9312,0.0,1.0
2025-11-28,KXHIGHAUS-25NOV28-B66.5,KXHIGHAUS-25NOV28,66-68F,66.0,66.0,68.0,between,between,0.01,0,,no,0,14165,0.0,1.0
2025-11-28,KXHIGHAUS-25NOV28-B68.5,KXHIGHAUS-25NOV28,68-70F,68.0,68.0,70.0,between,between,0.99,1,,yes,100,10111,0.0,1.0
2025-11-28,KXHIGHAUS-25NOV28-B70.5,KXHIGHAUS-25NOV28,70-72F,70.0,70.0,72.0,between,between,0.01,0,,no,0,3730,0.0,1.0
2025-11-28,KXHIGHAUS-25NOV28-T71,KXHIGHAUS-25NOV28,Above 71F,71.0,71.0,,above,greater,0.01,0,,no,0,2014,0.0,1.0
2025-11-29,KXHIGHAUS-25NOV29-T75,KXHIGHAUS-25NOV29,Below 75F,75.0,,75.0,below,less,0.01,0,,no,0,14424,0.0,1.0
2025-11-29,KXHIGHAUS-25NOV29-B75.5,KXHIGHAUS-25NOV29,75-77F,75.0,75.0,77.0,between,between,0.01,0,,no,0,10839,0.0,1.0
2025-11-29,KXHIGHAUS-25NOV29-B77.5,KXHIGHAUS-25NOV29,77-79F,77.0,77.0,79.0,between,between,0.01,0,,no,0,31254,0.0,1.0
2025-11-29,KXHIGHAUS-25NOV29-B79.5,KXHIGHAUS-25NOV29,79-81F,79.0,79.0,81.0,between,between,0.01,0,,no,0,11446,0.0,1.0
2025-11-29,KXHIGHAUS-25NOV29-B81.5,KXHIGHAUS-25NOV29,81-83F,81.0,81.0,83.0,between,between,0.99,1,,yes,100,9230,0.0,1.0
2025-11-29,KXHIGHAUS-25NOV29-T82,KXHIGHAUS-25NOV29,Above 82F,82.0,82.0,,above,greater,0.01,0,,no,0,10917,0.0,1.0
2025-11-30,KXHIGHAUS-25NOV30-T55,KXHIGHAUS-25NOV30,Below 55F,55.0,,55.0,below,less,0.01,0,60.0,no,0,181187,0.0,1.0
2025-11-30,KXHIGHAUS-25NOV30-B55.5,KXHIGHAUS-25NOV30,55-57F,55.0,55.0,57.0,between,between,0.01,0,60.0,no,0,48577,0.0,1.0
2025-11-30,KXHIGHAUS-25NOV30-B57.5,KXHIGHAUS-25NOV30,57-59F,57.0,57.0,59.0,between,between,0.01,0,60.0,no,0,10424,0.0,1.0
2025-11-30,KXHIGHAUS-25NOV30-B59.5,KXHIGHAUS-25NOV30,59-61F,59.0,59.0,61.0,between,between,0.99,1,60.0,yes,100,17526,0.0,1.0
2025-11-30,KXHIGHAUS-25NOV30-B61.5,KXHIGHAUS-25NOV30,61-63F,61.0,61.0,63.0,between,between,0.01,0,60.0,no,0,17443,0.0,1.0
2025-11-30,KXHIGHAUS-25NOV30-T62,KXHIGHAUS-25NOV30,Above 62F,62.0,62.0,,above,greater,0.01,0,60.0,no,0,8766,0.0,1.0
2025-12-01,KXHIGHAUS-25DEC01-T48,KXHIGHAUS-25DEC01,Below 48F,48.0,,48.0,below,less,0.99,1,,yes,100,45815,0.0,1.0
2025-12-01,KXHIGHAUS-25DEC01-B48.5,KXHIGHAUS-25DEC01,48-50F,48.0,48.0,50.0,between,between,0.01,0,,no,0,23242,0.0,1.0
2025-12-01,KXHIGHAUS-25DEC01-B50.5,KXHIGHAUS-25DEC01,50-52F,50.0,50.0,52.0,between,between,0.01,0,,no,0,13009,0.0,1.0
2025-12-01,KXHIGHAUS-25DEC01-B52.5,KXHIGHAUS-25DEC01,52-54F,52.0,52.0,54.0,between,between,0.01,0,,no,0,14378,0.0,1.0
2025-12-01,KXHIGHAUS-25DEC01-B54.5,KXHIGHAUS-25DEC01,54-56F,54.0,54.0,56.0,between,between,0.01,0,,no,0,5337,0.0,1.0
2025-12-01,KXHIGHAUS-25DEC01-T55,KXHIGHAUS-25DEC01,Above 55F,55.0,55.0,,above,greater,0.01,0,,no,0,2945,0.0,1.0
2025-12-02,KXHIGHAUS-25DEC02-T55,KXHIGHAUS-25DEC02,Below 55F,55.0,,55.0,below,less,0.01,0,,no,0,63393,0.0,1.0
2025-12-02,KXHIGHAUS-25DEC02-B55.5,KXHIGHAUS-25DEC02,55-57F,55.0,55.0,57.0,between,between,0.99,1,,yes,100,20601,0.0,1.0
2025-12-02,KXHIGHAUS-25DEC02-B57.5,KXHIGHAUS-25DEC02,57-59F,57.0,57.0,59.0,between,between,0.03,0,,no,0,15519,0.0,1.0
2025-12-02,KXHIGHAUS-25DEC02-B59.5,KXHIGHAUS-25DEC02,59-61F,59.0,59.0,61.0,between,between,0.01,0,,no,0,6772,0.0,1.0
2025-12-02,KXHIGHAUS-25DEC02-B61.5,KXHIGHAUS-25DEC02,61-63F,61.0,61.0,63.0,between,between,0.01,0,,no,0,969,0.0,1.0
2025-12-02,KXHIGHAUS-25DEC02-T62,KXHIGHAUS-25DEC02,Above 62F,62.0,62.0,,above,greater,0.01,0,,no,0,561,0.0,1.0
2025-12-03,KXHIGHAUS-25DEC03-T63,KXHIGHAUS-25DEC03,Below 63F,63.0,,63.0,below,less,0.99,1,,yes,100,48524,0.0,1.0
2025-12-03,KXHIGHAUS-25DEC03-B63.5,KXHIGHAUS-25DEC03,63-65F,63.0,63.0,65.0,between,between,0.01,0,,no,0,14210,0.0,1.0
2025-12-03,KXHIGHAUS-25DEC03-B65.5,KXHIGHAUS-25DEC03,65-67F,65.0,65.0,67.0,between,between,0.01,0,,no,0,17897,0.0,1.0
2025-12-03,KXHIGHAUS-25DEC03-B67.5,KXHIGHAUS-25DEC03,67-69F,67.0,67.0,69.0,between,between,0.01,0,,no,0,11416,0.0,1.0
2025-12-03,KXHIGHAUS-25DEC03-B69.5,KXHIGHAUS-25DEC03,69-71F,69.0,69.0,71.0,between,between,0.01,0,,no,0,2938,0.0,1.0
2025-12-03,KXHIGHAUS-25DEC03-T70,KXHIGHAUS-25DEC03,Above 70F,70.0,70.0,,above,greater,0.01,0,,no,0,2259,0.0,1.0
2025-12-04,KXHIGHAUS-25DEC04-T55,KXHIGHAUS-25DEC04,Below 55F,55.0,,55.0,below,less,0.01,0,,no,0,145260,0.0,1.0
2025-12-04,KXHIGHAUS-25DEC04-B55.5,KXHIGHAUS-25DEC04,55-57F,55.0,55.0,57.0,between,between,0.99,1,,yes,100,19342,0.0,1.0
2025-12-04,KXHIGHAUS-25DEC04-B57.5,KXHIGHAUS-25DEC04,57-59F,57.0,57.0,59.0,between,between,0.01,0,,no,0,13120,0.0,1.0
2025-12-04,KXHIGHAUS-25DEC04-B59.5,KXHIGHAUS-25DEC04,59-61F,59.0,59.0,61.0,between,between,0.01,0,,no,0,917,0.0,1.0
2025-12-04,KXHIGHAUS-25DEC04-B61.5,KXHIGHAUS-25DEC04,61-63F,61.0,61.0,63.0,between,between,0.01,0,,no,0,970,0.0,1.0
2025-12-04,KXHIGHAUS-25DEC04-T62,KXHIGHAUS-25DEC04,Above 62F,62.0,62.0,,above,greater,0.01,0,,no,0,748,0.0,1.0
2025-12-05,KXHIGHAUS-25DEC05-T50,KXHIGHAUS-25DEC05,Below 50F,50.0,,50.0,below,less,0.01,0,,no,0,13717,0.0,1.0
2025-12-05,KXHIGHAUS-25DEC05-B50.5,KXHIGHAUS-25DEC05,50-52F,50.0,50.0,52.0,between,between,0.01,0,,no,0,30707,0.0,1.0
2025-12-05,KXHIGHAUS-25DEC05-B52.5,KXHIGHAUS-25DEC05,52-54F,52.0,52.0,54.0,between,between,0.99,1,,yes,100,25246,0.0,1.0
2025-12-05,KXHIGHAUS-25DEC05-B54.5,KXHIGHAUS-25DEC05,54-56F,54.0,54.0,56.0,between,between,0.01,0,,no,0,21489,0.0,1.0
2025-12-05,KXHIGHAUS-25DEC05-B56.5,KXHIGHAUS-25DEC05,56-58F,56.0,56.0,58.0,between,between,0.01,0,,no,0,19775,0.0,1.0
2025-12-05,KXHIGHAUS-25DEC05-T57,KXHIGHAUS-25DEC05,Above 57F,57.0,57.0,,above,greater,0.01,0,,no,0,22316,0.0,1.0
2025-12-06,KXHIGHAUS-25DEC06-T70,KXHIGHAUS-25DEC06,Below 70F,70.0,,70.0,below,less,0.01,0,,no,0,6063,0.0,1.0
2025-12-06,KXHIGHAUS-25DEC06-B70.5,KXHIGHAUS-25DEC06,70-72F,70.0,70.0,72.0,between,between,0.01,0,,no,0,12206,0.0,1.0
2025-12-06,KXHIGHAUS-25DEC06-B72.5,KXHIGHAUS-25DEC06,72-74F,72.0,72.0,74.0,between,between,0.01,0,,no,0,28187,0.0,1.0
2025-12-06,KXHIGHAUS-25DEC06-B74.5,KXHIGHAUS-25DEC06,74-76F,74.0,74.0,76.0,between,between,0.01,0,,no,0,26944,0.0,1.0
2025-12-06,KXHIGHAUS-25DEC06-B76.5,KXHIGHAUS-25DEC06,76-78F,76.0,76.0,78.0,between,between,0.01,0,,no,0,43508,0.0,1.0
2025-12-06,KXHIGHAUS-25DEC06-T77,KXHIGHAUS-25DEC06,Above 77F,77.0,77.0,,above,greater,0.99,1,,yes,100,31414,0.0,1.0
2025-12-07,KXHIGHAUS-25DEC07-T68,KXHIGHAUS-25DEC07,Below 68F,68.0,,68.0,below,less,0.01,0,73.0,no,0,48798,0.0,1.0
2025-12-07,KXHIGHAUS-25DEC07-B68.5,KXHIGHAUS-25DEC07,68-70F,68.0,68.0,70.0,between,between,0.01,0,73.0,no,0,27024,0.0,1.0
2025-12-07,KXHIGHAUS-25DEC07-B70.5,KXHIGHAUS-25DEC07,70-72F,70.0,70.0,72.0,between,between,0.01,0,73.0,no,0,42443,0.0,1.0
2025-12-07,KXHIGHAUS-25DEC07-B72.5,KXHIGHAUS-25DEC07,72-74F,72.0,72.0,74.0,between,between,0.99,1,73.0,yes,100,27901,0.0,1.0
2025-12-07,KXHIGHAUS-25DEC07-B74.5,KXHIGHAUS-25DEC07,74-76F,74.0,74.0,76.0,between,between,0.01,0,73.0,no,0,18382,0.0,1.0
2025-12-07,KXHIGHAUS-25DEC07-T75,KXHIGHAUS-25DEC07,Above 75F,75.0,75.0,,above,greater,0.01,0,73.0,no,0,12207,0.0,1.0
2025-12-08,KXHIGHAUS-25DEC08-T59,KXHIGHAUS-25DEC08,Below 59F,59.0,,59.0,below,less,0.01,0,,no,0,30526,0.0,1.0
2025-12-08,KXHIGHAUS-25DEC08-B59.5,KXHIGHAUS-25DEC08,59-61F,59.0,59.0,61.0,between,between,0.99,1,,yes,100,48017,0.0,1.0
2025-12-08,KXHIGHAUS-25DEC08-B61.5,KXHIGHAUS-25DEC08,61-63F,61.0,61.0,63.0,between,between,0.01,0,,no,0,42873,0.0,1.0
2025-12-08,KXHIGHAUS-25DEC08-B63.5,KXHIGHAUS-25DEC08,63-65F,63.0,63.0,65.0,between,between,0.01,0,,no,0,10349,0.0,1.0
2025-12-08,KXHIGHAUS-25DEC08-B65.5,KXHIGHAUS-25DEC08,65-67F,65.0,65.0,67.0,between,between,0.01,0,,no,0,10812,0.0,1.0
2025-12-08,KXHIGHAUS-25DEC08-T66,KXHIGHAUS-25DEC08,Above 66F,66.0,66.0,,above,greater,0.01,0,,no,0,10829,0.0,1.0
2025-12-09,KXHIGHAUS-25DEC09-T65,KXHIGHAUS-25DEC09,Below 65F,65.0,,65.0,below,less,0.01,0,,no,0,15742,0.0,1.0
2025-12-09,KXHIGHAUS-25DEC09-B65.5,KXHIGHAUS-25DEC09,65-67F,65.0,65.0,67.0,between,between,0.01,0,,no,0,35436,0.0,1.0
2025-12-09,KXHIGHAUS-25DEC09-B67.5,KXHIGHAUS-25DEC09,67-69F,67.0,67.0,69.0,between,between,0.01,0,,no,0,49808,0.0,1.0
2025-12-09,KXHIGHAUS-25DEC09-B69.5,KXHIGHAUS-25DEC09,69-71F,69.0,69.0,71.0,between,between,0.99,1,,yes,100,22629,0.0,1.0
2025-12-09,KXHIGHAUS-25DEC09-B71.5,KXHIGHAUS-25DEC09,71-73F,71.0,71.0,73.0,between,between,0.01,0,,no,0,24977,0.0,1.0
2025-12-09,KXHIGHAUS-25DEC09-T72,KXHIGHAUS-25DEC09,Above 72F,72.0,72.0,,above,greater,0.01,0,,no,0,15289,0.0,1.0
2025-12-10,KXHIGHAUS-25DEC10-T71,KXHIGHAUS-25DEC10,Below 71F,71.0,,71.0,below,less,0.01,0,,no,0,26710,0.0,1.0
2025-12-10,KXHIGHAUS-25DEC10-B71.5,KXHIGHAUS-25DEC10,71-73F,71.0,71.0,73.0,between,between,0.01,0,,no,0,129034,0.0,1.0
2025-12-10,KXHIGHAUS-25DEC10-B73.5,KXHIGHAUS-25DEC10,73-75F,73.0,73.0,75.0,between,between,0.99,1,,yes,100,51130,0.0,1.0
2025-12-10,KXHIGHAUS-25DEC10-B75.5,KXHIGHAUS-25DEC10,75-77F,75.0,75.0,77.0,between,between,0.01,0,,no,0,13754,0.0,1.0
2025-12-10,KXHIGHAUS-25DEC10-B77.5,KXHIGHAUS-25DEC10,77-79F,77.0,77.0,79.0,between,between,0.01,0,,no,0,7434,0.0,1.0
2025-12-10,KXHIGHAUS-25DEC10-T78,KXHIGHAUS-25DEC10,Above 78F,78.0,78.0,,above,greater,0.01,0,,no,0,10739,0.0,1.0
2025-12-11,KXHIGHAUS-25DEC11-T67,KXHIGHAUS-25DEC11,Below 67F,67.0,,67.0,below,less,0.01,0,,no,0,10265,0.0,1.0
2025-12-11,KXHIGHAUS-25DEC11-B67.5,KXHIGHAUS-25DEC11,67-69F,67.0,67.0,69.0,between,between,0.01,0,,no,0,14329,0.0,1.0
2025-12-11,KXHIGHAUS-25DEC11-B69.5,KXHIGHAUS-25DEC11,69-71F,69.0,69.0,71.0,between,between,0.01,0,,no,0,69024,0.0,1.0
2025-12-11,KXHIGHAUS-25DEC11-B71.5,KXHIGHAUS-25DEC11,71-73F,71.0,71.0,73.0,between,between,0.99,1,,yes,100,36643,0.0,1.0
2025-12-11,KXHIGHAUS-25DEC11-B73.5,KXHIGHAUS-25DEC11,73-75F,73.0,73.0,75.0,between,between,0.01,0,,no,0,15666,0.0,1.0
2025-12-11,KXHIGHAUS-25DEC11-T74,KXHIGHAUS-25DEC11,Above 74F,74.0,74.0,,above,greater,0.01,0,,no,0,6472,0.0,1.0
2025-12-12,KXHIGHAUS-25DEC12-T75,KXHIGHAUS-25DEC12,Below 75F,75.0,,75.0,below,less,0.01,0,,no,0,96034,0.0,1.0
2025-12-12,KXHIGHAUS-25DEC12-B75.5,KXHIGHAUS-25DEC12,75-77F,75.0,75.0,77.0,between,between,0.01,0,,no,0,49576,0.0,1.0
2025-12-12,KXHIGHAUS-25DEC12-B77.5,KXHIGHAUS-25DEC12,77-79F,77.0,77.0,79.0,between,between,0.99,1,,yes,100,28513,0.0,1.0
2025-12-12,KXHIGHAUS-25DEC12-B79.5,KXHIGHAUS-25DEC12,79-81F,79.0,79.0,81.0,between,between,0.01,0,,no,0,11757,0.0,1.0
2025-12-12,KXHIGHAUS-25DEC12-B81.5,KXHIGHAUS-25DEC12,81-83F,81.0,81.0,83.0,between,between,0.01,0,,no,0,5021,0.0,1.0
2025-12-12,KXHIGHAUS-25DEC12-T82,KXHIGHAUS-25DEC12,Above 82F,82.0,82.0,,above,greater,0.01,0,,no,0,1262,0.0,1.0
2025-12-13,KXHIGHAUS-25DEC13-T71,KXHIGHAUS-25DEC13,Below 71F,71.0,,71.0,below,less,0.01,0,,no,0,9999,0.0,1.0
2025-12-13,KXHIGHAUS-25DEC13-B71.5,KXHIGHAUS-25DEC13,71-73F,71.0,71.0,73.0,between,between,0.01,0,,no,0,8511,0.0,1.0
2025-12-13,KXHIGHAUS-25DEC13-B73.5,KXHIGHAUS-25DEC13,73-75F,73.0,73.0,75.0,between,between,0.01,0,,no,0,20106,0.0,1.0
2025-12-13,KXHIGHAUS-25DEC13-B75.5,KXHIGHAUS-25DEC13,75-77F,75.0,75.0,77.0,between,between,0.01,0,,no,0,52617,0.0,1.0
2025-12-13,KXHIGHAUS-25DEC13-B77.5,KXHIGHAUS-25DEC13,77-79F,77.0,77.0,79.0,between,between,0.01,0,,no,0,67980,0.0,1.0
2025-12-13,KXHIGHAUS-25DEC13-T78,KXHIGHAUS-25DEC13,Above 78F,78.0,78.0,,above,greater,0.99,1,,yes,100,55778,0.0,1.0
2025-12-14,KXHIGHAUS-25DEC14-T60,KXHIGHAUS-25DEC14,Below 60F,60.0,,60.0,below,less,0.01,0,,no,0,183908,0.0,1.0
2025-12-14,KXHIGHAUS-25DEC14-B60.5,KXHIGHAUS-25DEC14,60-62F,60.0,60.0,62.0,between,between,0.01,0,,no,0,15991,0.0,1.0
2025-12-14,KXHIGHAUS-25DEC14-B62.5,KXHIGHAUS-25DEC14,62-64F,62.0,62.0,64.0,between,between,0.01,0,,no,0,26927,0.0,1.0
2025-12-14,KXHIGHAUS-25DEC14-B64.5,KXHIGHAUS-25DEC14,64-66F,64.0,64.0,66.0,between,between,0.99,1,,yes,100,29832,0.0,1.0
2025-12-14,KXHIGHAUS-25DEC14-B66.5,KXHIGHAUS-25DEC14,66-68F,66.0,66.0,68.0,between,between,0.01,0,,no,0,13741,0.0,1.0
2025-12-14,KXHIGHAUS-25DEC14-T67,KXHIGHAUS-25DEC14,Above 67F,67.0,67.0,,above,greater,0.01,0,,no,0,5857,0.0,1.0
2025-12-15,KXHIGHAUS-25DEC15-T53,KXHIGHAUS-25DEC15,Below 53F,53.0,,53.0,below,less,0.01,0,,no,0,15940,0.0,1.0
2025-12-15,KXHIGHAUS-25DEC15-B53.5,KXHIGHAUS-25DEC15,53-55F,53.0,53.0,55.0,between,between,0.01,0,,no,0,34420,0.0,1.0
2025-12-15,KXHIGHAUS-25DEC15-B55.5,KXHIGHAUS-25DEC15,55-57F,55.0,55.0,57.0,between,between,0.99,1,,yes,100,35922,0.0,1.0
2025-12-15,KXHIGHAUS-25DEC15-B57.5,KXHIGHAUS-25DEC15,57-59F,57.0,57.0,59.0,between,between,0.01,0,,no,0,26096,0.0,1.0
2025-12-15,KXHIGHAUS-25DEC15-B59.5,KXHIGHAUS-25DEC15,59-61F,59.0,59.0,61.0,between,between,0.01,0,,no,0,7768,0.0,1.0
2025-12-15,KXHIGHAUS-25DEC15-T60,KXHIGHAUS-25DEC15,Above 60F,60.0,60.0,,above,greater,0.01,0,,no,0,4489,0.0,1.0
2025-12-16,KXHIGHAUS-25DEC16-T60,KXHIGHAUS-25DEC16,Below 60F,60.0,,60.0,below,less,0.01,0,,no,0,71130,0.0,1.0
2025-12-16,KXHIGHAUS-25DEC16-B60.5,KXHIGHAUS-25DEC16,60-62F,60.0,60.0,62.0,between,between,0.01,0,,no,0,52785,0.0,1.0
2025-12-16,KXHIGHAUS-25DEC16-B62.5,KXHIGHAUS-25DEC16,62-64F,62.0,62.0,64.0,between,between,0.99,1,,yes,100,41996,0.0,1.0
2025-12-16,KXHIGHAUS-25DEC16-B64.5,KXHIGHAUS-25DEC16,64-66F,64.0,64.0,66.0,between,between,0.01,0,,no,0,30082,0.0,1.0
2025-12-16,KXHIGHAUS-25DEC16-B66.5,KXHIGHAUS-25DEC16,66-68F,66.0,66.0,68.0,between,between,0.01,0,,no,0,8904,0.0,1.0
2025-12-16,KXHIGHAUS-25DEC16-T67,KXHIGHAUS-25DEC16,Above 67F,67.0,67.0,,above,greater,0.01,0,,no,0,3672,0.0,1.0
2025-12-17,KXHIGHAUS-25DEC17-T66,KXHIGHAUS-25DEC17,Below 66F,66.0,,66.0,below,less,0.09,0,66.0,no,0,153847,0.0,1.0
2025-12-17,KXHIGHAUS-25DEC17-B66.5,KXHIGHAUS-25DEC17,66-68F,66.0,66.0,68.0,between,between,0.96,1,66.0,yes,100,29661,0.0,1.0
2025-12-17,KXHIGHAUS-25DEC17-B68.5,KXHIGHAUS-25DEC17,68-70F,68.0,68.0,70.0,between,between,0.04,0,66.0,no,0,22449,0.0,1.0
2025-12-17,KXHIGHAUS-25DEC17-B70.5,KXHIGHAUS-25DEC17,70-72F,70.0,70.0,72.0,between,between,0.01,0,66.0,no,0,14003,0.0,1.0
2025-12-17,KXHIGHAUS-25DEC17-B72.5,KXHIGHAUS-25DEC17,72-74F,72.0,72.0,74.0,between,between,0.01,0,66.0,no,0,9789,0.0,1.0
2025-12-17,KXHIGHAUS-25DEC17-T73,KXHIGHAUS-25DEC17,Above 73F,73.0,73.0,,above,greater,0.01,0,66.0,no,0,13691,0.0,1.0
2025-12-18,KXHIGHAUS-25DEC18-T74,KXHIGHAUS-25DEC18,Below 74F,74.0,,74.0,below,less,0.01,0,,no,0,38233,0.0,1.0
2025-12-18,KXHIGHAUS-25DEC18-B74.5,KXHIGHAUS-25DEC18,74-76F,74.0,74.0,76.0,between,between,0.01,0,,no,0,40454,0.0,1.0
2025-12-18,KXHIGHAUS-25DEC18-B76.5,KXHIGHAUS-25DEC18,76-78F,76.0,76.0,78.0,between,between,0.99,1,,yes,100,28619,0.0,1.0
2025-12-18,KXHIGHAUS-25DEC18-B78.5,KXHIGHAUS-25DEC18,78-80F,78.0,78.0,80.0,between,between,0.01,0,,no,0,26659,0.0,1.0
2025-12-18,KXHIGHAUS-25DEC18-B80.5,KXHIGHAUS-25DEC18,80-82F,80.0,80.0,82.0,between,between,0.02,0,,no,0,22229,0.0,1.0
2025-12-18,KXHIGHAUS-25DEC18-T81,KXHIGHAUS-25DEC18,Above 81F,81.0,81.0,,above,greater,0.01,0,,no,0,6931,0.0,1.0
2025-12-19,KXHIGHAUS-25DEC19-T65,KXHIGHAUS-25DEC19,Below 65F,65.0,,65.0,below,less,0.01,0,,no,0,6257,0.0,1.0
2025-12-19,KXHIGHAUS-25DEC19-B65.5,KXHIGHAUS-25DEC19,65-67F,65.0,65.0,67.0,between,between,0.01,0,,no,0,26802,0.0,1.0
2025-12-19,KXHIGHAUS-25DEC19-B67.5,KXHIGHAUS-25DEC19,67-69F,67.0,67.0,69.0,between,between,0.01,0,,no,0,42242,0.0,1.0
2025-12-19,KXHIGHAUS-25DEC19-B69.5,KXHIGHAUS-25DEC19,69-71F,69.0,69.0,71.0,between,between,0.99,1,,yes,100,46381,0.0,1.0
2025-12-19,KXHIGHAUS-25DEC19-B71.5,KXHIGHAUS-25DEC19,71-73F,71.0,71.0,73.0,between,between,0.01,0,,no,0,23917,0.0,1.0
2025-12-19,KXHIGHAUS-25DEC19-T72,KXHIGHAUS-25DEC19,Above 72F,72.0,72.0,,above,greater,0.01,0,,no,0,16438,0.0,1.0
2025-12-20,KXHIGHAUS-25DEC20-T75,KXHIGHAUS-25DEC20,Below 75F,75.0,,75.0,below,less,0.99,1,,yes,100,46100,0.0,1.0
2025-12-20,KXHIGHAUS-25DEC20-B75.5,KXHIGHAUS-25DEC20,75-77F,75.0,75.0,77.0,between,between,0.01,0,,no,0,30448,0.0,1.0
2025-12-20,KXHIGHAUS-25DEC20-B77.5,KXHIGHAUS-25DEC20,77-79F,77.0,77.0,79.0,between,between,0.01,0,,no,0,21681,0.0,1.0
2025-12-20,KXHIGHAUS-25DEC20-B79.5,KXHIGHAUS-25DEC20,79-81F,79.0,79.0,81.0,between,between,0.01,0,,no,0,24515,0.0,1.0
2025-12-20,KXHIGHAUS-25DEC20-B81.5,KXHIGHAUS-25DEC20,81-83F,81.0,81.0,83.0,between,between,0.01,0,,no,0,10190,0.0,1.0
2025-12-20,KXHIGHAUS-25DEC20-T82,KXHIGHAUS-25DEC20,Above 82F,82.0,82.0,,above,greater,0.01,0,,no,0,10779,0.0,1.0
2025-12-21,KXHIGHAUS-25DEC21-T70,KXHIGHAUS-25DEC21,Below 70F,70.0,,70.0,below,less,0.01,0,,no,0,24338,0.0,1.0
2025-12-21,KXHIGHAUS-25DEC21-B70.5,KXHIGHAUS-25DEC21,70-72F,70.0,70.0,72.0,between,between,0.01,0,,no,0,32038,0.0,1.0
2025-12-21,KXHIGHAUS-25DEC21-B72.5,KXHIGHAUS-25DEC21,72-74F,72.0,72.0,74.0,between,between,0.99,1,,yes,100,25218,0.0,1.0
2025-12-21,KXHIGHAUS-25DEC21-B74.5,KXHIGHAUS-25DEC21,74-76F,74.0,74.0,76.0,between,between,0.01,0,,no,0,16086,0.0,1.0
2025-12-21,KXHIGHAUS-25DEC21-B76.5,KXHIGHAUS-25DEC21,76-78F,76.0,76.0,78.0,between,between,0.01,0,,no,0,3100,0.0,1.0
2025-12-21,KXHIGHAUS-25DEC21-T77,KXHIGHAUS-25DEC21,Above 77F,77.0,77.0,,above,greater,0.01,0,,no,0,2336,0.0,1.0
2025-12-22,KXHIGHAUS-25DEC22-T74,KXHIGHAUS-25DEC22,Below 74F,74.0,,74.0,below,less,0.01,0,,no,0,15726,0.0,1.0
2025-12-22,KXHIGHAUS-25DEC22-B74.5,KXHIGHAUS-25DEC22,74-76F,74.0,74.0,76.0,between,between,0.01,0,,no,0,24905,0.0,1.0
2025-12-22,KXHIGHAUS-25DEC22-B76.5,KXHIGHAUS-25DEC22,76-78F,76.0,76.0,78.0,between,between,0.99,1,,yes,100,29878,0.0,1.0
2025-12-22,KXHIGHAUS-25DEC22-B78.5,KXHIGHAUS-25DEC22,78-80F,78.0,78.0,80.0,between,between,0.01,0,,no,0,20831,0.0,1.0
2025-12-22,KXHIGHAUS-25DEC22-B80.5,KXHIGHAUS-25DEC22,80-82F,80.0,80.0,82.0,between,between,0.01,0,,no,0,15609,0.0,1.0
2025-12-22,KXHIGHAUS-25DEC22-T81,KXHIGHAUS-25DEC22,Above 81F,81.0,81.0,,above,greater,0.01,0,,no,0,5860,0.0,1.0
2025-12-23,KXHIGHAUS-25DEC23-T78,KXHIGHAUS-25DEC23,Below 78F,78.0,,78.0,below,less,0.01,0,,no,0,15170,0.0,1.0
2025-12-23,KXHIGHAUS-25DEC23-B78.5,KXHIGHAUS-25DEC23,78-80F,78.0,78.0,80.0,between,between,0.01,0,,no,0,86286,0.0,1.0
2025-12-23,KXHIGHAUS-25DEC23-B80.5,KXHIGHAUS-25DEC23,80-82F,80.0,80.0,82.0,between,between,0.99,1,,yes,100,32837,0.0,1.0
2025-12-23,KXHIGHAUS-25DEC23-B82.5,KXHIGHAUS-25DEC23,82-84F,82.0,82.0,84.0,between,between,0.01,0,,no,0,31491,0.0,1.0
2025-12-23,KXHIGHAUS-25DEC23-B84.5,KXHIGHAUS-25DEC23,84-86F,84.0,84.0,86.0,between,between,0.01,0,,no,0,15110,0.0,1.0
2025-12-23,KXHIGHAUS-25DEC23-T85,KXHIGHAUS-25DEC23,Above 85F,85.0,85.0,,above,greater,0.01,0,,no,0,7464,0.0,1.0
2025-12-24,KXHIGHAUS-25DEC24-T77,KXHIGHAUS-25DEC24,Below 77F,77.0,,77.0,below,less,0.01,0,,no,0,31740,0.0,1.0
2025-12-24,KXHIGHAUS-25DEC24-B77.5,KXHIGHAUS-25DEC24,77-79F,77.0,77.0,79.0,between,between,0.01,0,,no,0,57150,0.0,1.0
2025-12-24,KXHIGHAUS-25DEC24-B79.5,KXHIGHAUS-25DEC24,79-81F,79.0,79.0,81.0,between,between,0.01,0,,no,0,106646,0.0,1.0
2025-12-24,KXHIGHAUS-25DEC24-B81.5,KXHIGHAUS-25DEC24,81-83F,81.0,81.0,83.0,between,between,0.99,1,,yes,100,61451,0.0,1.0
2025-12-24,KXHIGHAUS-25DEC24-B83.5,KXHIGHAUS-25DEC24,83-85F,83.0,83.0,85.0,between,between,0.01,0,,no,0,24619,0.0,1.0
2025-12-24,KXHIGHAUS-25DEC24-T84,KXHIGHAUS-25DEC24,Above 84F,84.0,84.0,,above,greater,0.01,0,,no,0,12440,0.0,1.0
2025-12-25,KXHIGHAUS-25DEC25-T76,KXHIGHAUS-25DEC25,Below 76F,76.0,,76.0,below,less,0.01,0,,no,0,6401,0.0,1.0
2025-12-25,KXHIGHAUS-25DEC25-B76.5,KXHIGHAUS-25DEC25,76-78F,76.0,76.0,78.0,between,between,0.01,0,,no,0,53482,0.0,1.0
2025-12-25,KXHIGHAUS-25DEC25-B78.5,KXHIGHAUS-25DEC25,78-80F,78.0,78.0,80.0,between,between,0.99,1,,yes,100,24605,0.0,1.0
2025-12-25,KXHIGHAUS-25DEC25-B80.5,KXHIGHAUS-25DEC25,80-82F,80.0,80.0,82.0,between,between,0.01,0,,no,0,25798,0.0,1.0
2025-12-25,KXHIGHAUS-25DEC25-B82.5,KXHIGHAUS-25DEC25,82-84F,82.0,82.0,84.0,between,between,0.01,0,,no,0,18012,0.0,1.0
2025-12-25,KXHIGHAUS-25DEC25-T83,KXHIGHAUS-25DEC25,Above 83F,83.0,83.0,,above,greater,0.01,0,,no,0,11443,0.0,1.0
2025-12-26,KXHIGHAUS-25DEC26-T80,KXHIGHAUS-25DEC26,Below 80F,80.0,,80.0,below,less,0.01,0,,no,0,7761,0.0,1.0
2025-12-26,KXHIGHAUS-25DEC26-B80.5,KXHIGHAUS-25DEC26,80-82F,80.0,80.0,82.0,between,between,0.01,0,,no,0,24203,0.0,1.0
2025-12-26,KXHIGHAUS-25DEC26-B82.5,KXHIGHAUS-25DEC26,82-84F,82.0,82.0,84.0,between,between,0.01,0,,no,0,58260,0.0,1.0
2025-12-26,KXHIGHAUS-25DEC26-B84.5,KXHIGHAUS-25DEC26,84-86F,84.0,84.0,86.0,between,between,0.99,1,,yes,100,20110,0.0,1.0
2025-12-26,KXHIGHAUS-25DEC26-B86.5,KXHIGHAUS-25DEC26,86-88F,86.0,86.0,88.0,between,between,0.01,0,,no,0,20591,0.0,1.0
2025-12-26,KXHIGHAUS-25DEC26-T87,KXHIGHAUS-25DEC26,Above 87F,87.0,87.0,,above,greater,0.01,0,,no,0,3537,0.0,1.0
2025-12-27,KXHIGHAUS-25DEC27-T79,KXHIGHAUS-25DEC27,Below 79F,79.0,,79.0,below,less,0.01,0,,no,0,5289,0.0,1.0
2025-12-27,KXHIGHAUS-25DEC27-B79.5,KXHIGHAUS-25DEC27,79-81F,79.0,79.0,81.0,between,between,0.01,0,,no,0,29455,0.0,1.0
2025-12-27,KXHIGHAUS-25DEC27-B81.5,KXHIGHAUS-25DEC27,81-83F,81.0,81.0,83.0,between,between,0.99,1,,yes,100,25915,0.0,1.0
2025-12-27,KXHIGHAUS-25DEC27-B83.5,KXHIGHAUS-25DEC27,83-85F,83.0,83.0,85.0,between,between,0.01,0,,no,0,25902,0.0,1.0
2025-12-27,KXHIGHAUS-25DEC27-B85.5,KXHIGHAUS-25DEC27,85-87F,85.0,85.0,87.0,between,between,0.01,0,,no,0,10343,0.0,1.0
2025-12-27,KXHIGHAUS-25DEC27-T86,KXHIGHAUS-25DEC27,Above 86F,86.0,86.0,,above,greater,0.01,0,,no,0,3306,0.0,1.0
2025-12-28,KXHIGHAUS-25DEC28-T77,KXHIGHAUS-25DEC28,Below 77F,77.0,,77.0,below,less,0.01,0,,no,0,23948,0.0,1.0
2025-12-28,KXHIGHAUS-25DEC28-B77.5,KXHIGHAUS-25DEC28,77-79F,77.0,77.0,79.0,between,between,0.01,0,,no,0,107720,0.0,1.0
2025-12-28,KXHIGHAUS-25DEC28-B79.5,KXHIGHAUS-25DEC28,79-81F,79.0,79.0,81.0,between,between,0.99,1,,yes,100,28773,0.0,1.0
2025-12-28,KXHIGHAUS-25DEC28-B81.5,KXHIGHAUS-25DEC28,81-83F,81.0,81.0,83.0,between,between,0.01,0,,no,0,20486,0.0,1.0
2025-12-28,KXHIGHAUS-25DEC28-B83.5,KXHIGHAUS-25DEC28,83-85F,83.0,83.0,85.0,between,between,0.01,0,,no,0,14122,0.0,1.0
2025-12-28,KXHIGHAUS-25DEC28-T84,KXHIGHAUS-25DEC28,Above 84F,84.0,84.0,,above,greater,0.01,0,,no,0,2970,0.0,1.0
2025-12-29,KXHIGHAUS-25DEC29-T53,KXHIGHAUS-25DEC29,Below 53F,53.0,,53.0,below,less,0.01,0,,no,0,606573,0.0,1.0
2025-12-29,KXHIGHAUS-25DEC29-B53.5,KXHIGHAUS-25DEC29,53-55F,53.0,53.0,55.0,between,between,0.99,1,,yes,100,39541,0.0,1.0
2025-12-29,KXHIGHAUS-25DEC29-B55.5,KXHIGHAUS-25DEC29,55-57F,55.0,55.0,57.0,between,between,0.01,0,,no,0,15667,0.0,1.0
2025-12-29,KXHIGHAUS-25DEC29-B57.5,KXHIGHAUS-25DEC29,57-59F,57.0,57.0,59.0,between,between,0.01,0,,no,0,13298,0.0,1.0
2025-12-29,KXHIGHAUS-25DEC29-B59.5,KXHIGHAUS-25DEC29,59-61F,59.0,59.0,61.0,between,between,0.01,0,,no,0,1595,0.0,1.0
2025-12-29,KXHIGHAUS-25DEC29-T60,KXHIGHAUS-25DEC29,Above 60F,60.0,60.0,,above,greater,0.01,0,,no,0,10043,0.0,1.0
2025-12-30,KXHIGHAUS-25DEC30-T55,KXHIGHAUS-25DEC30,Below 55F,55.0,,55.0,below,less,0.01,0,,no,0,7191,0.0,1.0
2025-12-30,KXHIGHAUS-25DEC30-B55.5,KXHIGHAUS-25DEC30,55-57F,55.0,55.0,57.0,between,between,0.01,0,,no,0,17258,0.0,1.0
2025-12-30,KXHIGHAUS-25DEC30-B57.5,KXHIGHAUS-25DEC30,57-59F,57.0,57.0,59.0,between,between,0.99,1,,yes,100,20931,0.0,1.0
2025-12-30,KXHIGHAUS-25DEC30-B59.5,KXHIGHAUS-25DEC30,59-61F,59.0,59.0,61.0,between,between,0.01,0,,no,0,27979,0.0,1.0
2025-12-30,KXHIGHAUS-25DEC30-B61.5,KXHIGHAUS-25DEC30,61-63F,61.0,61.0,63.0,between,between,0.01,0,,no,0,9305,0.0,1.0
2025-12-30,KXHIGHAUS-25DEC30-T62,KXHIGHAUS-25DEC30,Above 62F,62.0,62.0,,above,greater,0.01,0,,no,0,10225,0.0,1.0
2025-12-31,KXHIGHAUS-25DEC31-T66,KXHIGHAUS-25DEC31,Below 66F,66.0,,66.0,below,less,0.01,0,,no,0,18029,0.0,1.0
2025-12-31,KXHIGHAUS-25DEC31-B66.5,KXHIGHAUS-25DEC31,66-68F,66.0,66.0,68.0,between,between,0.01,0,,no,0,27163,0.0,1.0
2025-12-31,KXHIGHAUS-25DEC31-B68.5,KXHIGHAUS-25DEC31,68-70F,68.0,68.0,70.0,between,between,0.01,0,,no,0,29403,0.0,1.0
2025-12-31,KXHIGHAUS-25DEC31-B70.5,KXHIGHAUS-25DEC31,70-72F,70.0,70.0,72.0,between,between,0.99,1,,yes,100,54109,0.0,1.0
2025-12-31,KXHIGHAUS-25DEC31-B72.5,KXHIGHAUS-25DEC31,72-74F,72.0,72.0,74.0,between,between,0.01,0,,no,0,34348,0.0,1.0
2025-12-31,KXHIGHAUS-25DEC31-T73,KXHIGHAUS-25DEC31,Above 73F,73.0,73.0,,above,greater,0.01,0,,no,0,14897,0.0,1.0
2026-01-01,KXHIGHAUS-26JAN01-T71,KXHIGHAUS-26JAN01,Below 71F,71.0,,71.0,below,less,0.01,0,,no,0,16962,0.0,1.0
2026-01-01,KXHIGHAUS-26JAN01-B71.5,KXHIGHAUS-26JAN01,71-73F,71.0,71.0,73.0,between,between,0.01,0,,no,0,39252,0.0,1.0
2026-01-01,KXHIGHAUS-26JAN01-B73.5,KXHIGHAUS-26JAN01,73-75F,73.0,73.0,75.0,between,between,0.99,1,,yes,100,37168,0.0,1.0
2026-01-01,KXHIGHAUS-26JAN01-B75.5,KXHIGHAUS-26JAN01,75-77F,75.0,75.0,77.0,between,between,0.01,0,,no,0,28618,0.0,1.0
2026-01-01,KXHIGHAUS-26JAN01-B77.5,KXHIGHAUS-26JAN01,77-79F,77.0,77.0,79.0,between,between,0.01,0,,no,0,13462,0.0,1.0
2026-01-01,KXHIGHAUS-26JAN01-T78,KXHIGHAUS-26JAN01,Above 78F,78.0,78.0,,above,greater,0.01,0,,no,0,7175,0.0,1.0
2026-01-02,KXHIGHAUS-26JAN02-T84,KXHIGHAUS-26JAN02,Below 84F,84.0,,84.0,below,less,0.01,0,,no,0,40533,0.0,1.0
2026-01-02,KXHIGHAUS-26JAN02-B84.5,KXHIGHAUS-26JAN02,84-86F,84.0,84.0,86.0,between,between,0.01,0,,no,0,68097,0.0,1.0
2026-01-02,KXHIGHAUS-26JAN02-B86.5,KXHIGHAUS-26JAN02,86-88F,86.0,86.0,88.0,between,between,0.01,0,,no,0,97921,0.0,1.0
2026-01-02,KXHIGHAUS-26JAN02-B88.5,KXHIGHAUS-26JAN02,88-90F,88.0,88.0,90.0,between,between,0.99,1,,yes,100,64594,0.0,1.0
2026-01-02,KXHIGHAUS-26JAN02-B90.5,KXHIGHAUS-26JAN02,90-92F,90.0,90.0,92.0,between,between,0.01,0,,no,0,49095,0.0,1.0
2026-01-02,KXHIGHAUS-26JAN02-T91,KXHIGHAUS-26JAN02,Above 91F,91.0,91.0,,above,greater,0.01,0,,no,0,23830,0.0,1.0
2026-01-03,KXHIGHAUS-26JAN03-T73,KXHIGHAUS-26JAN03,Below 73F,73.0,,73.0,below,less,0.01,0,,no,0,32501,0.0,1.0
2026-01-03,KXHIGHAUS-26JAN03-B73.5,KXHIGHAUS-26JAN03,73-75F,73.0,73.0,75.0,between,between,0.01,0,,no,0,85743,0.0,1.0
2026-01-03,KXHIGHAUS-26JAN03-B75.5,KXHIGHAUS-26JAN03,75-77F,75.0,75.0,77.0,between,between,0.99,1,,yes,100,29660,0.0,1.0
2026-01-03,KXHIGHAUS-26JAN03-B77.5,KXHIGHAUS-26JAN03,77-79F,77.0,77.0,79.0,between,between,0.01,0,,no,0,18922,0.0,1.0
2026-01-03,KXHIGHAUS-26JAN03-B79.5,KXHIGHAUS-26JAN03,79-81F,79.0,79.0,81.0,between,between,0.02,0,,no,0,9649,0.0,1.0
2026-01-03,KXHIGHAUS-26JAN03-T80,KXHIGHAUS-26JAN03,Above 80F,80.0,80.0,,above,greater,0.01,0,,no,0,5707,0.0,1.0
2026-01-04,KXHIGHAUS-26JAN04-T70,KXHIGHAUS-26JAN04,Below 70F,70.0,,70.0,below,less,0.01,0,,no,0,60106,0.0,1.0
2026-01-04,KXHIGHAUS-26JAN04-B70.5,KXHIGHAUS-26JAN04,70-72F,70.0,70.0,72.0,between,between,0.01,0,,no,0,98700,0.0,1.0
2026-01-04,KXHIGHAUS-26JAN04-B72.5,KXHIGHAUS-26JAN04,72-74F,72.0,72.0,74.0,between,between,0.98,1,,yes,100,43776,0.0,1.0
2026-01-04,KXHIGHAUS-26JAN04-B74.5,KXHIGHAUS-26JAN04,74-76F,74.0,74.0,76.0,between,between,0.03,0,,no,0,21175,0.0,1.0
2026-01-04,KXHIGHAUS-26JAN04-B76.5,KXHIGHAUS-26JAN04,76-78F,76.0,76.0,78.0,between,between,0.01,0,,no,0,11097,0.0,1.0
2026-01-04,KXHIGHAUS-26JAN04-T77,KXHIGHAUS-26JAN04,Above 77F,77.0,77.0,,above,greater,0.05,0,,no,0,10508,0.0,1.0
2026-01-05,KXHIGHAUS-26JAN05-T73,KXHIGHAUS-26JAN05,Below 73F,73.0,,73.0,below,less,0.01,0,,no,0,25372,0.0,1.0
2026-01-05,KXHIGHAUS-26JAN05-B73.5,KXHIGHAUS-26JAN05,73-75F,73.0,73.0,75.0,between,between,0.01,0,,no,0,48705,0.0,1.0
2026-01-05,KXHIGHAUS-26JAN05-B75.5,KXHIGHAUS-26JAN05,75-77F,75.0,75.0,77.0,between,between,0.01,0,,no,0,70021,0.0,1.0
2026-01-05,KXHIGHAUS-26JAN05-B77.5,KXHIGHAUS-26JAN05,77-79F,77.0,77.0,79.0,between,between,0.99,1,,yes,100,30058,0.0,1.0
2026-01-05,KXHIGHAUS-26JAN05-B79.5,KXHIGHAUS-26JAN05,79-81F,79.0,79.0,81.0,between,between,0.01,0,,no,0,14890,0.0,1.0
2026-01-05,KXHIGHAUS-26JAN05-T80,KXHIGHAUS-26JAN05,Above 80F,80.0,80.0,,above,greater,0.01,0,,no,0,11008,0.0,1.0
2026-01-06,KXHIGHAUS-26JAN06-T82,KXHIGHAUS-26JAN06,Below 82F,82.0,,82.0,below,less,0.01,0,,no,0,29856,0.0,1.0
2026-01-06,KXHIGHAUS-26JAN06-B82.5,KXHIGHAUS-26JAN06,82-84F,82.0,82.0,84.0,between,between,0.01,0,,no,0,68420,0.0,1.0
2026-01-06,KXHIGHAUS-26JAN06-B84.5,KXHIGHAUS-26JAN06,84-86F,84.0,84.0,86.0,between,between,0.99,1,,yes,100,45635,0.0,1.0
2026-01-06,KXHIGHAUS-26JAN06-B86.5,KXHIGHAUS-26JAN06,86-88F,86.0,86.0,88.0,between,between,0.01,0,,no,0,21859,0.0,1.0
2026-01-06,KXHIGHAUS-26JAN06-B88.5,KXHIGHAUS-26JAN06,88-90F,88.0,88.0,90.0,between,between,0.01,0,,no,0,11599,0.0,1.0
2026-01-06,KXHIGHAUS-26JAN06-T89,KXHIGHAUS-26JAN06,Above 89F,89.0,89.0,,above,greater,0.01,0,,no,0,9334,0.0,1.0
2026-01-07,KXHIGHAUS-26JAN07-T79,KXHIGHAUS-26JAN07,Below 79F,79.0,,79.0,below,less,0.01,0,,no,0,40941,0.0,1.0
2026-01-07,KXHIGHAUS-26JAN07-B79.5,KXHIGHAUS-26JAN07,79-81F,79.0,79.0,81.0,between,between,0.99,1,,yes,100,65961,0.0,1.0
2026-01-07,KXHIGHAUS-26JAN07-B81.5,KXHIGHAUS-26JAN07,81-83F,81.0,81.0,83.0,between,between,0.01,0,,no,0,40641,0.0,1.0
2026-01-07,KXHIGHAUS-26JAN07-B83.5,KXHIGHAUS-26JAN07,83-85F,83.0,83.0,85.0,between,between,0.01,0,,no,0,26216,0.0,1.0
2026-01-07,KXHIGHAUS-26JAN07-B85.5,KXHIGHAUS-26JAN07,85-87F,85.0,85.0,87.0,between,between,0.01,0,,no,0,5139,0.0,1.0
2026-01-07,KXHIGHAUS-26JAN07-T86,KXHIGHAUS-26JAN07,Above 86F,86.0,86.0,,above,greater,0.01,0,,no,0,5575,0.0,1.0
2026-01-08,KXHIGHAUS-26JAN08-T78,KXHIGHAUS-26JAN08,Below 78F,78.0,,78.0,below,less,0.01,0,,no,0,12494,0.0,1.0
2026-01-08,KXHIGHAUS-26JAN08-B78.5,KXHIGHAUS-26JAN08,78-80F,78.0,78.0,80.0,between,between,0.01,0,,no,0,59486,0.0,1.0
2026-01-08,KXHIGHAUS-26JAN08-B80.5,KXHIGHAUS-26JAN08,80-82F,80.0,80.0,82.0,between,between,0.99,1,,yes,100,35204,0.0,1.0
2026-01-08,KXHIGHAUS-26JAN08-B82.5,KXHIGHAUS-26JAN08,82-84F,82.0,82.0,84.0,between,between,0.01,0,,no,0,17778,0.0,1.0
2026-01-08,KXHIGHAUS-26JAN08-B84.5,KXHIGHAUS-26JAN08,84-86F,84.0,84.0,86.0,between,between,0.01,0,,no,0,15018,0.0,1.0
2026-01-08,KXHIGHAUS-26JAN08-T85,KXHIGHAUS-26JAN08,Above 85F,85.0,85.0,,above,greater,0.01,0,,no,0,12163,0.0,1.0
2026-01-09,KXHIGHAUS-26JAN09-T73,KXHIGHAUS-26JAN09,Below 73F,73.0,,73.0,below,less,0.99,1,,yes,100,62077,0.0,1.0
2026-01-09,KXHIGHAUS-26JAN09-B73.5,KXHIGHAUS-26JAN09,73-75F,73.0,73.0,75.0,between,between,0.01,0,,no,0,37723,0.0,1.0
2026-01-09,KXHIGHAUS-26JAN09-B75.5,KXHIGHAUS-26JAN09,75-77F,75.0,75.0,77.0,between,between,0.01,0,,no,0,15200,0.0,1.0
2026-01-09,KXHIGHAUS-26JAN09-B77.5,KXHIGHAUS-26JAN09,77-79F,77.0,77.0,79.0,between,between,0.01,0,,no,0,6336,0.0,1.0
2026-01-09,KXHIGHAUS-26JAN09-B79.5,KXHIGHAUS-26JAN09,79-81F,79.0,79.0,81.0,between,between,0.01,0,,no,0,6079,0.0,1.0
2026-01-09,KXHIGHAUS-26JAN09-T80,KXHIGHAUS-26JAN09,Above 80F,80.0,80.0,,above,greater,0.01,0,,no,0,2269,0.0,1.0
2026-01-10,KXHIGHAUS-26JAN10-T57,KXHIGHAUS-26JAN10,Below 57F,57.0,,57.0,below,less,0.01,0,,no,0,45451,0.0,1.0
2026-01-10,KXHIGHAUS-26JAN10-B57.5,KXHIGHAUS-26JAN10,57-59F,57.0,57.0,59.0,between,between,0.01,0,,no,0,129025,0.0,1.0
2026-01-10,KXHIGHAUS-26JAN10-B59.5,KXHIGHAUS-26JAN10,59-61F,59.0,59.0,61.0,between,between,0.99,1,,yes,100,67973,0.0,1.0
2026-01-10,KXHIGHAUS-26JAN10-B61.5,KXHIGHAUS-26JAN10,61-63F,61.0,61.0,63.0,between,between,0.02,0,,no,0,56321,0.0,1.0
2026-01-10,KXHIGHAUS-26JAN10-B63.5,KXHIGHAUS-26JAN10,63-65F,63.0,63.0,65.0,between,between,0.03,0,,no,0,8132,0.0,1.0
2026-01-10,KXHIGHAUS-26JAN10-T64,KXHIGHAUS-26JAN10,Above 64F,64.0,64.0,,above,greater,0.01,0,,no,0,8843,0.0,1.0
2026-01-11,KXHIGHAUS-26JAN11-T60,KXHIGHAUS-26JAN11,Below 60F,60.0,,60.0,below,less,0.01,0,,no,0,9325,0.0,1.0
2026-01-11,KXHIGHAUS-26JAN11-B60.5,KXHIGHAUS-26JAN11,60-62F,60.0,60.0,62.0,between,between,0.01,0,,no,0,14797,0.0,1.0
2026-01-11,KXHIGHAUS-26JAN11-B62.5,KXHIGHAUS-26JAN11,62-64F,62.0,62.0,64.0,between,between,0.99,1,,yes,100,36840,0.0,1.0
2026-01-11,KXHIGHAUS-26JAN11-B64.5,KXHIGHAUS-26JAN11,64-66F,64.0,64.0,66.0,between,between,0.01,0,,no,0,27692,0.0,1.0
2026-01-11,KXHIGHAUS-26JAN11-B66.5,KXHIGHAUS-26JAN11,66-68F,66.0,66.0,68.0,between,between,0.01,0,,no,0,14519,0.0,1.0
2026-01-11,KXHIGHAUS-26JAN11-T67,KXHIGHAUS-26JAN11,Above 67F,67.0,67.0,,above,greater,0.01,0,,no,0,4855,0.0,1.0
2026-01-12,KXHIGHAUS-26JAN12-T59,KXHIGHAUS-26JAN12,Below 59F,59.0,,59.0,below,less,0.01,0,,no,0,10542,0.0,1.0
2026-01-12,KXHIGHAUS-26JAN12-B59.5,KXHIGHAUS-26JAN12,59-61F,59.0,59.0,61.0,between,between,0.01,0,,no,0,13847,0.0,1.0
2026-01-12,KXHIGHAUS-26JAN12-B61.5,KXHIGHAUS-26JAN12,61-63F,61.0,61.0,63.0,between,between,0.01,0,,no,0,46861,0.0,1.0
2026-01-12,KXHIGHAUS-26JAN12-B63.5,KXHIGHAUS-26JAN12,63-65F,63.0,63.0,65.0,between,between,0.01,0,,no,0,98552,0.0,1.0
2026-01-12,KXHIGHAUS-26JAN12-B65.5,KXHIGHAUS-26JAN12,65-67F,65.0,65.0,67.0,between,between,0.99,1,,yes,100,46377,0.0,1.0
2026-01-12,KXHIGHAUS-26JAN12-T66,KXHIGHAUS-26JAN12,Above 66F,66.0,66.0,,above,greater,0.01,0,,no,0,19356,0.0,1.0
2026-01-13,KXHIGHAUS-26JAN13-T60,KXHIGHAUS-26JAN13,Below 60F,60.0,,60.0,below,less,0.01,0,61.0,no,0,38073,0.0,1.0
2026-01-13,KXHIGHAUS-26JAN13-B60.5,KXHIGHAUS-26JAN13,60-62F,60.0,60.0,62.0,between,between,0.99,1,61.0,yes,100,28219,0.0,1.0
2026-01-13,KXHIGHAUS-26JAN13-B62.5,KXHIGHAUS-26JAN13,62-64F,62.0,62.0,64.0,between,between,0.01,0,61.0,no,0,34464,0.0,1.0
2026-01-13,KXHIGHAUS-26JAN13-B64.5,KXHIGHAUS-26JAN13,64-66F,64.0,64.0,66.0,between,between,0.01,0,61.0,no,0,20067,0.0,1.0
2026-01-13,KXHIGHAUS-26JAN13-B66.5,KXHIGHAUS-26JAN13,66-68F,66.0,66.0,68.0,between,between,0.01,0,61.0,no,0,10104,0.0,1.0
2026-01-13,KXHIGHAUS-26JAN13-T67,KXHIGHAUS-26JAN13,Above 67F,67.0,67.0,,above,greater,0.01,0,61.0,no,0,13901,0.0,1.0
2026-01-14,KXHIGHAUS-26JAN14-T67,KXHIGHAUS-26JAN14,Below 67F,67.0,,67.0,below,less,0.01,0,69.0,no,0,47021,0.0,1.0
2026-01-14,KXHIGHAUS-26JAN14-B67.5,KXHIGHAUS-26JAN14,67-69F,67.0,67.0,69.0,between,between,0.01,0,69.0,no,0,75185,0.0,1.0
2026-01-14,KXHIGHAUS-26JAN14-B69.5,KXHIGHAUS-26JAN14,69-71F,69.0,69.0,71.0,between,between,0.99,1,69.0,yes,100,23894,0.0,1.0
2026-01-14,KXHIGHAUS-26JAN14-B71.5,KXHIGHAUS-26JAN14,71-73F,71.0,71.0,73.0,between,between,0.01,0,69.0,no,0,15573,0.0,1.0
2026-01-14,KXHIGHAUS-26JAN14-B73.5,KXHIGHAUS-26JAN14,73-75F,73.0,73.0,75.0,between,between,0.01,0,69.0,no,0,8140,0.0,1.0
2026-01-14,KXHIGHAUS-26JAN14-T74,KXHIGHAUS-26JAN14,Above 74F,74.0,74.0,,above,greater,0.01,0,69.0,no,0,7618,0.0,1.0
2026-01-15,KXHIGHAUS-26JAN15-T62,KXHIGHAUS-26JAN15,Below 62F,62.0,,62.0,below,less,0.01,0,67.0,no,0,22420,0.0,1.0
2026-01-15,KXHIGHAUS-26JAN15-B62.5,KXHIGHAUS-26JAN15,62-64F,62.0,62.0,64.0,between,between,0.01,0,67.0,no,0,16796,0.0,1.0
2026-01-15,KXHIGHAUS-26JAN15-B64.5,KXHIGHAUS-26JAN15,64-66F,64.0,64.0,66.0,between,between,0.01,0,67.0,no,0,110368,0.0,1.0
2026-01-15,KXHIGHAUS-26JAN15-B66.5,KXHIGHAUS-26JAN15,66-68F,66.0,66.0,68.0,between,between,0.99,1,67.0,yes,100,38048,0.0,1.0
2026-01-15,KXHIGHAUS-26JAN15-B68.5,KXHIGHAUS-26JAN15,68-70F,68.0,68.0,70.0,between,between,0.01,0,67.0,no,0,25781,0.0,1.0
2026-01-15,KXHIGHAUS-26JAN15-T69,KXHIGHAUS-26JAN15,Above 69F,69.0,69.0,,above,greater,0.01,0,67.0,no,0,11808,0.0,1.0
2026-01-16,KXHIGHAUS-26JAN16-T71,KXHIGHAUS-26JAN16,Below 71F,71.0,,71.0,below,less,0.01,0,76.0,no,0,43565,0.0,1.0
2026-01-16,KXHIGHAUS-26JAN16-B71.5,KXHIGHAUS-26JAN16,71-73F,71.0,71.0,73.0,between,between,0.01,0,76.0,no,0,52824,0.0,1.0
2026-01-16,KXHIGHAUS-26JAN16-B73.5,KXHIGHAUS-26JAN16,73-75F,73.0,73.0,75.0,between,between,0.01,0,76.0,no,0,49959,0.0,1.0
2026-01-16,KXHIGHAUS-26JAN16-B75.5,KXHIGHAUS-26JAN16,75-77F,75.0,75.0,77.0,between,between,0.99,1,76.0,yes,100,28409,0.0,1.0
2026-01-16,KXHIGHAUS-26JAN16-B77.5,KXHIGHAUS-26JAN16,77-79F,77.0,77.0,79.0,between,between,0.01,0,76.0,no,0,30545,0.0,1.0
2026-01-16,KXHIGHAUS-26JAN16-T78,KXHIGHAUS-26JAN16,Above 78F,78.0,78.0,,above,greater,0.01,0,76.0,no,0,11864,0.0,1.0
2026-01-17,KXHIGHAUS-26JAN17-T52,KXHIGHAUS-26JAN17,Below 52F,52.0,,52.0,below,less,0.01,0,56.0,no,0,10404,0.0,1.0
2026-01-17,KXHIGHAUS-26JAN17-B52.5,KXHIGHAUS-26JAN17,52-54F,52.0,52.0,54.0,between,between,0.01,0,56.0,no,0,11542,0.0,1.0
2026-01-17,KXHIGHAUS-26JAN17-B54.5,KXHIGHAUS-26JAN17,54-56F,54.0,54.0,56.0,between,between,0.01,0,56.0,no,0,72340,0.0,1.0
2026-01-17,KXHIGHAUS-26JAN17-B56.5,KXHIGHAUS-26JAN17,56-58F,56.0,56.0,58.0,between,between,0.99,1,56.0,yes,100,22419,0.0,1.0
2026-01-17,KXHIGHAUS-26JAN17-B58.5,KXHIGHAUS-26JAN17,58-60F,58.0,58.0,60.0,between,between,0.01,0,56.0,no,0,17006,0.0,1.0
2026-01-17,KXHIGHAUS-26JAN17-T59,KXHIGHAUS-26JAN17,Above 59F,59.0,59.0,,above,greater,0.01,0,56.0,no,0,17138,0.0,1.0
2026-01-18,KXHIGHAUS-26JAN18-T59,KXHIGHAUS-26JAN18,Below 59F,59.0,,59.0,below,less,0.01,0,64.0,no,0,11152,0.0,1.0
2026-01-18,KXHIGHAUS-26JAN18-B59.5,KXHIGHAUS-26JAN18,59-61F,59.0,59.0,61.0,between,between,0.01,0,64.0,no,0,10409,0.0,1.0
2026-01-18,KXHIGHAUS-26JAN18-B61.5,KXHIGHAUS-26JAN18,61-63F,61.0,61.0,63.0,between,between,0.01,0,64.0,no,0,23572,0.0,1.0
2026-01-18,KXHIGHAUS-26JAN18-B63.5,KXHIGHAUS-26JAN18,63-65F,63.0,63.0,65.0,between,between,0.99,1,64.0,yes,100,43705,0.0,1.0
2026-01-18,KXHIGHAUS-26JAN18-B65.5,KXHIGHAUS-26JAN18,65-67F,65.0,65.0,67.0,between,between,0.01,0,64.0,no,0,61729,0.0,1.0
2026-01-18,KXHIGHAUS-26JAN18-T66,KXHIGHAUS-26JAN18,Above 66F,66.0,66.0,,above,greater,0.01,0,64.0,no,0,21473,0.0,1.0
2026-01-19,KXHIGHAUS-26JAN19-T62,KXHIGHAUS-26JAN19,Below 62F,62.0,,62.0,below,less,0.01,0,68.0,no,0,4675,0.0,1.0
2026-01-19,KXHIGHAUS-26JAN19-B62.5,KXHIGHAUS-26JAN19,62-64F,62.0,62.0,64.0,between,between,0.01,0,68.0,no,0,4691,0.0,1.0
2026-01-19,KXHIGHAUS-26JAN19-B64.5,KXHIGHAUS-26JAN19,64-66F,64.0,64.0,66.0,between,between,0.01,0,68.0,no,0,11195,0.0,1.0
2026-01-19,KXHIGHAUS-26JAN19-B66.5,KXHIGHAUS-26JAN19,66-68F,66.0,66.0,68.0,between,between,0.01,0,68.0,no,0,39578,0.0,1.0
2026-01-19,KXHIGHAUS-26JAN19-B68.5,KXHIGHAUS-26JAN19,68-70F,68.0,68.0,70.0,between,between,0.99,1,68.0,yes,100,23021,0.0,1.0
2026-01-19,KXHIGHAUS-26JAN19-T69,KXHIGHAUS-26JAN19,Above 69F,69.0,69.0,,above,greater,0.01,0,68.0,no,0,25862,0.0,1.0
2026-01-20,KXHIGHAUS-26JAN20-T56,KXHIGHAUS-26JAN20,Below 56F,56.0,,56.0,below,less,0.01,0,60.0,no,0,13848,0.0,1.0
2026-01-20,KXHIGHAUS-26JAN20-B56.5,KXHIGHAUS-26JAN20,56-58F,56.0,56.0,58.0,between,between,0.01,0,60.0,no,0,27163,0.0,1.0
2026-01-20,KXHIGHAUS-26JAN20-B58.5,KXHIGHAUS-26JAN20,58-60F,58.0,58.0,60.0,between,between,0.01,0,60.0,no,0,54941,0.0,1.0
2026-01-20,KXHIGHAUS-26JAN20-B60.5,KXHIGHAUS-26JAN20,60-62F,60.0,60.0,62.0,between,between,0.98,1,60.0,yes,100,41575,0.0,1.0
2026-01-20,KXHIGHAUS-26JAN20-B62.5,KXHIGHAUS-26JAN20,62-64F,62.0,62.0,64.0,between,between,0.07,0,60.0,no,0,22919,0.0,1.0
2026-01-20,KXHIGHAUS-26JAN20-T63,KXHIGHAUS-26JAN20,Above 63F,63.0,63.0,,above,greater,0.01,0,60.0,no,0,28101,0.0,1.0
2026-01-21,KXHIGHAUS-26JAN21-T67,KXHIGHAUS-26JAN21,Below 67F,67.0,,67.0,below,less,0.01,0,76.0,no,0,18142,0.0,1.0
2026-01-21,KXHIGHAUS-26JAN21-B67.5,KXHIGHAUS-26JAN21,67-69F,67.0,67.0,69.0,between,between,0.01,0,76.0,no,0,12918,0.0,1.0
2026-01-21,KXHIGHAUS-26JAN21-B69.5,KXHIGHAUS-26JAN21,69-71F,69.0,69.0,71.0,between,between,0.01,0,76.0,no,0,14279,0.0,1.0
2026-01-21,KXHIGHAUS-26JAN21-B71.5,KXHIGHAUS-26JAN21,71-73F,71.0,71.0,73.0,between,between,0.01,0,76.0,no,0,44391,0.0,1.0
2026-01-21,KXHIGHAUS-26JAN21-B73.5,KXHIGHAUS-26JAN21,73-75F,73.0,73.0,75.0,between,between,0.01,0,76.0,no,0,97774,0.0,1.0
2026-01-21,KXHIGHAUS-26JAN21-T74,KXHIGHAUS-26JAN21,Above 74F,74.0,74.0,,above,greater,0.99,1,76.0,yes,100,152131,0.0,1.0
2026-01-22,KXHIGHAUS-26JAN22-T68,KXHIGHAUS-26JAN22,Below 68F,68.0,,68.0,below,less,0.01,0,70.0,no,0,42746,0.0,1.0
2026-01-22,KXHIGHAUS-26JAN22-B68.5,KXHIGHAUS-26JAN22,68-70F,68.0,68.0,70.0,between,between,0.01,0,70.0,no,0,72315,0.0,1.0
2026-01-22,KXHIGHAUS-26JAN22-B70.5,KXHIGHAUS-26JAN22,70-72F,70.0,70.0,72.0,between,between,0.99,1,70.0,yes,100,45381,0.0,1.0
2026-01-22,KXHIGHAUS-26JAN22-B72.5,KXHIGHAUS-26JAN22,72-74F,72.0,72.0,74.0,between,between,0.01,0,70.0,no,0,30615,0.0,1.0
2026-01-22,KXHIGHAUS-26JAN22-B74.5,KXHIGHAUS-26JAN22,74-76F,74.0,74.0,76.0,between,between,0.01,0,70.0,no,0,10142,0.0,1.0
2026-01-22,KXHIGHAUS-26JAN22-T75,KXHIGHAUS-26JAN22,Above 75F,75.0,75.0,,above,greater,0.01,0,70.0,no,0,10562,0.0,1.0
2026-01-23,KXHIGHAUS-26JAN23-T65,KXHIGHAUS-26JAN23,Below 65F,65.0,,65.0,below,less,0.01,0,68.0,no,0,30536,0.0,1.0
2026-01-23,KXHIGHAUS-26JAN23-B65.5,KXHIGHAUS-26JAN23,65-67F,65.0,65.0,67.0,between,between,0.01,0,68.0,no,0,57785,0.0,1.0
2026-01-23,KXHIGHAUS-26JAN23-B67.5,KXHIGHAUS-26JAN23,67-69F,67.0,67.0,69.0,between,between,0.99,1,68.0,yes,100,37144,0.0,1.0
2026-01-23,KXHIGHAUS-26JAN23-B69.5,KXHIGHAUS-26JAN23,69-71F,69.0,69.0,71.0,between,between,0.01,0,68.0,no,0,32269,0.0,1.0
2026-01-23,KXHIGHAUS-26JAN23-B71.5,KXHIGHAUS-26JAN23,71-73F,71.0,71.0,73.0,between,between,0.01,0,68.0,no,0,19383,0.0,1.0
2026-01-23,KXHIGHAUS-26JAN23-T72,KXHIGHAUS-26JAN23,Above 72F,72.0,72.0,,above,greater,0.01,0,68.0,no,0,12335,0.0,1.0
2026-01-24,KXHIGHAUS-26JAN24-T55,KXHIGHAUS-26JAN24,Below 55F,55.0,,55.0,below,less,0.99,1,45.0,yes,100,15510,0.0,1.0
2026-01-24,KXHIGHAUS-26JAN24-B55.5,KXHIGHAUS-26JAN24,55-57F,55.0,55.0,57.0,between,between,0.01,0,45.0,no,0,11176,0.0,1.0
2026-01-24,KXHIGHAUS-26JAN24-B57.5,KXHIGHAUS-26JAN24,57-59F,57.0,57.0,59.0,between,between,0.01,0,45.0,no,0,5614,0.0,1.0
2026-01-24,KXHIGHAUS-26JAN24-B59.5,KXHIGHAUS-26JAN24,59-61F,59.0,59.0,61.0,between,between,0.01,0,45.0,no,0,5469,0.0,1.0
2026-01-24,KXHIGHAUS-26JAN24-B61.5,KXHIGHAUS-26JAN24,61-63F,61.0,61.0,63.0,between,between,0.01,0,45.0,no,0,5595,0.0,1.0
2026-01-24,KXHIGHAUS-26JAN24-T62,KXHIGHAUS-26JAN24,Above 62F,62.0,62.0,,above,greater,0.01,0,45.0,no,0,4716,0.0,1.0
2026-01-25,KXHIGHAUS-26JAN25-T26,KXHIGHAUS-26JAN25,Below 26F,26.0,,26.0,below,less,0.01,0,29.0,no,0,31048,0.0,1.0
2026-01-25,KXHIGHAUS-26JAN25-B26.5,KXHIGHAUS-26JAN25,26-28F,26.0,26.0,28.0,between,between,0.01,0,29.0,no,0,45843,0.0,1.0
2026-01-25,KXHIGHAUS-26JAN25-B28.5,KXHIGHAUS-26JAN25,28-30F,28.0,28.0,30.0,between,between,0.99,1,29.0,yes,100,37545,0.0,1.0
2026-01-25,KXHIGHAUS-26JAN25-B30.5,KXHIGHAUS-26JAN25,30-32F,30.0,30.0,32.0,between,between,0.01,0,29.0,no,0,21774,0.0,1.0
2026-01-25,KXHIGHAUS-26JAN25-B32.5,KXHIGHAUS-26JAN25,32-34F,32.0,32.0,34.0,between,between,0.01,0,29.0,no,0,16135,0.0,1.0
2026-01-25,KXHIGHAUS-26JAN25-T33,KXHIGHAUS-26JAN25,Above 33F,33.0,33.0,,above,greater,0.01,0,29.0,no,0,23309,0.0,1.0
2026-01-26,KXHIGHAUS-26JAN26-T31,KXHIGHAUS-26JAN26,Below 31F,31.0,,31.0,below,less,0.01,0,37.0,no,0,5649,0.0,1.0
2026-01-26,KXHIGHAUS-26JAN26-B31.5,KXHIGHAUS-26JAN26,31-33F,31.0,31.0,33.0,between,between,0.01,0,37.0,no,0,8521,0.0,1.0
2026-01-26,KXHIGHAUS-26JAN26-B33.5,KXHIGHAUS-26JAN26,33-35F,33.0,33.0,35.0,between,between,0.01,0,37.0,no,0,19105,0.0,1.0
2026-01-26,KXHIGHAUS-26JAN26-B35.5,KXHIGHAUS-26JAN26,35-37F,35.0,35.0,37.0,between,between,0.01,0,37.0,no,0,30235,0.0,1.0
2026-01-26,KXHIGHAUS-26JAN26-B37.5,KXHIGHAUS-26JAN26,37-39F,37.0,37.0,39.0,between,between,0.99,1,37.0,yes,100,29471,0.0,1.0
2026-01-26,KXHIGHAUS-26JAN26-T38,KXHIGHAUS-26JAN26,Above 38F,38.0,38.0,,above,greater,0.01,0,37.0,no,0,22981,0.0,1.0
2026-01-27,KXHIGHAUS-26JAN27-T43,KXHIGHAUS-26JAN27,Below 43F,43.0,,43.0,below,less,0.01,0,50.0,no,0,11235,0.0,1.0
2026-01-27,KXHIGHAUS-26JAN27-B43.5,KXHIGHAUS-26JAN27,43-45F,43.0,43.0,45.0,between,between,0.01,0,50.0,no,0,12866,0.0,1.0
2026-01-27,KXHIGHAUS-26JAN27-B45.5,KXHIGHAUS-26JAN27,45-47F,45.0,45.0,47.0,between,between,0.01,0,50.0,no,0,25569,0.0,1.0
2026-01-27,KXHIGHAUS-26JAN27-B47.5,KXHIGHAUS-26JAN27,47-49F,47.0,47.0,49.0,between,between,0.01,0,50.0,no,0,53867,0.0,1.0
2026-01-27,KXHIGHAUS-26JAN27-B49.5,KXHIGHAUS-26JAN27,49-51F,49.0,49.0,51.0,between,between,0.99,1,50.0,yes,100,51152,0.0,1.0
2026-01-27,KXHIGHAUS-26JAN27-T50,KXHIGHAUS-26JAN27,Above 50F,50.0,50.0,,above,greater,0.01,0,50.0,no,0,32631,0.0,1.0
2026-01-28,KXHIGHAUS-26JAN28-T52,KXHIGHAUS-26JAN28,Below 52F,52.0,,52.0,below,less,0.01,0,58.0,no,0,10735,0.0,1.0
2026-01-28,KXHIGHAUS-26JAN28-B52.5,KXHIGHAUS-26JAN28,52-54F,52.0,52.0,54.0,between,between,0.01,0,58.0,no,0,14433,0.0,1.0
2026-01-28,KXHIGHAUS-26JAN28-B54.5,KXHIGHAUS-26JAN28,54-56F,54.0,54.0,56.0,between,between,0.01,0,58.0,no,0,25980,0.0,1.0
2026-01-28,KXHIGHAUS-26JAN28-B56.5,KXHIGHAUS-26JAN28,56-58F,56.0,56.0,58.0,between,between,0.01,0,58.0,no,0,67909,0.0,1.0
2026-01-28,KXHIGHAUS-26JAN28-B58.5,KXHIGHAUS-26JAN28,58-60F,58.0,58.0,60.0,between,between,0.99,1,58.0,yes,100,52598,0.0,1.0
2026-01-28,KXHIGHAUS-26JAN28-T59,KXHIGHAUS-26JAN28,Above 59F,59.0,59.0,,above,greater,0.01,0,58.0,no,0,29984,0.0,1.0
2026-01-29,KXHIGHAUS-26JAN29-T63,KXHIGHAUS-26JAN29,Below 63F,63.0,,63.0,below,less,0.01,0,73.0,no,0,3614,0.0,1.0
2026-01-29,KXHIGHAUS-26JAN29-B63.5,KXHIGHAUS-26JAN29,63-65F,63.0,63.0,65.0,between,between,0.01,0,73.0,no,0,4005,0.0,1.0
2026-01-29,KXHIGHAUS-26JAN29-B65.5,KXHIGHAUS-26JAN29,65-67F,65.0,65.0,67.0,between,between,0.01,0,73.0,no,0,5097,0.0,1.0
2026-01-29,KXHIGHAUS-26JAN29-B67.5,KXHIGHAUS-26JAN29,67-69F,67.0,67.0,69.0,between,between,0.01,0,73.0,no,0,16422,0.0,1.0
2026-01-29,KXHIGHAUS-26JAN29-B69.5,KXHIGHAUS-26JAN29,69-71F,69.0,69.0,71.0,between,between,0.01,0,73.0,no,0,21221,0.0,1.0
2026-01-29,KXHIGHAUS-26JAN29-T70,KXHIGHAUS-26JAN29,Above 70F,70.0,70.0,,above,greater,0.99,1,73.0,yes,100,34551,0.0,1.0
2026-01-30,KXHIGHAUS-26JAN30-T53,KXHIGHAUS-26JAN30,Below 53F,53.0,,53.0,below,less,0.01,0,55.0,no,0,27258,0.0,1.0
2026-01-30,KXHIGHAUS-26JAN30-B53.5,KXHIGHAUS-26JAN30,53-55F,53.0,53.0,55.0,between,between,0.01,0,55.0,no,0,44430,0.0,1.0
2026-01-30,KXHIGHAUS-26JAN30-B55.5,KXHIGHAUS-26JAN30,55-57F,55.0,55.0,57.0,between,between,0.99,1,55.0,yes,100,50100,0.0,1.0
2026-01-30,KXHIGHAUS-26JAN30-B57.5,KXHIGHAUS-26JAN30,57-59F,57.0,57.0,59.0,between,between,0.01,0,55.0,no,0,34081,0.0,1.0
2026-01-30,KXHIGHAUS-26JAN30-B59.5,KXHIGHAUS-26JAN30,59-61F,59.0,59.0,61.0,between,between,0.01,0,55.0,no,0,12700,0.0,1.0
2026-01-30,KXHIGHAUS-26JAN30-T60,KXHIGHAUS-26JAN30,Above 60F,60.0,60.0,,above,greater,0.01,0,55.0,no,0,12721,0.0,1.0
2026-01-31,KXHIGHAUS-26JAN31-T41,KXHIGHAUS-26JAN31,Below 41F,41.0,,41.0,below,less,0.01,0,45.0,no,0,13968,0.0,1.0
2026-01-31,KXHIGHAUS-26JAN31-B41.5,KXHIGHAUS-26JAN31,41-43F,41.0,41.0,43.0,between,between,0.01,0,45.0,no,0,16248,0.0,1.0
2026-01-31,KXHIGHAUS-26JAN31-B43.5,KXHIGHAUS-26JAN31,43-45F,43.0,43.0,45.0,between,between,0.01,0,45.0,no,0,43973,0.0,1.0
2026-01-31,KXHIGHAUS-26JAN31-B45.5,KXHIGHAUS-26JAN31,45-47F,45.0,45.0,47.0,between,between,0.99,1,45.0,yes,100,30939,0.0,1.0
2026-01-31,KXHIGHAUS-26JAN31-B47.5,KXHIGHAUS-26JAN31,47-49F,47.0,47.0,49.0,between,between,0.01,0,45.0,no,0,18772,0.0,1.0
2026-01-31,KXHIGHAUS-26JAN31-T48,KXHIGHAUS-26JAN31,Above 48F,48.0,48.0,,above,greater,0.01,0,45.0,no,0,11530,0.0,1.0
2026-02-01,KXHIGHAUS-26FEB01-T55,KXHIGHAUS-26FEB01,Below 55F,55.0,,55.0,below,less,0.01,0,57.0,no,0,10269,0.0,1.0
2026-02-01,KXHIGHAUS-26FEB01-B55.5,KXHIGHAUS-26FEB01,55-57F,55.0,55.0,57.0,between,between,0.01,0,57.0,no,0,20984,0.0,1.0
2026-02-01,KXHIGHAUS-26FEB01-B57.5,KXHIGHAUS-26FEB01,57-59F,57.0,57.0,59.0,between,between,0.99,1,57.0,yes,100,25701,0.0,1.0
2026-02-01,KXHIGHAUS-26FEB01-B59.5,KXHIGHAUS-26FEB01,59-61F,59.0,59.0,61.0,between,between,0.01,0,57.0,no,0,18616,0.0,1.0
2026-02-01,KXHIGHAUS-26FEB01-B61.5,KXHIGHAUS-26FEB01,61-63F,61.0,61.0,63.0,between,between,0.01,0,57.0,no,0,20122,0.0,1.0
2026-02-01,KXHIGHAUS-26FEB01-T62,KXHIGHAUS-26FEB01,Above 62F,62.0,62.0,,above,greater,0.01,0,57.0,no,0,14952,0.0,1.0
2026-02-02,KXHIGHAUS-26FEB02-T66,KXHIGHAUS-26FEB02,Below 66F,66.0,,66.0,below,less,0.01,0,69.0,no,0,15642,0.0,1.0
2026-02-02,KXHIGHAUS-26FEB02-B66.5,KXHIGHAUS-26FEB02,66-68F,66.0,66.0,68.0,between,between,0.01,0,69.0,no,0,38765,0.0,1.0
2026-02-02,KXHIGHAUS-26FEB02-B68.5,KXHIGHAUS-26FEB02,68-70F,68.0,68.0,70.0,between,between,0.99,1,69.0,yes,100,64639,0.0,1.0
2026-02-02,KXHIGHAUS-26FEB02-B70.5,KXHIGHAUS-26FEB02,70-72F,70.0,70.0,72.0,between,between,0.01,0,69.0,no,0,42163,0.0,1.0
2026-02-02,KXHIGHAUS-26FEB02-B72.5,KXHIGHAUS-26FEB02,72-74F,72.0,72.0,74.0,between,between,0.01,0,69.0,no,0,17509,0.0,1.0
2026-02-02,KXHIGHAUS-26FEB02-T73,KXHIGHAUS-26FEB02,Above 73F,73.0,73.0,,above,greater,0.02,0,69.0,no,0,10897,0.0,1.0
2026-02-03,KXHIGHAUS-26FEB03-T68,KXHIGHAUS-26FEB03,Below 68F,68.0,,68.0,below,less,0.01,0,72.0,no,0,9779,0.0,1.0
2026-02-03,KXHIGHAUS-26FEB03-B68.5,KXHIGHAUS-26FEB03,68-70F,68.0,68.0,70.0,between,between,0.01,0,72.0,no,0,15333,0.0,1.0
2026-02-03,KXHIGHAUS-26FEB03-B70.5,KXHIGHAUS-26FEB03,70-72F,70.0,70.0,72.0,between,between,0.01,0,72.0,no,0,44105,0.0,1.0
2026-02-03,KXHIGHAUS-26FEB03-B72.5,KXHIGHAUS-26FEB03,72-74F,72.0,72.0,74.0,between,between,0.99,1,72.0,yes,100,41194,0.0,1.0
2026-02-03,KXHIGHAUS-26FEB03-B74.5,KXHIGHAUS-26FEB03,74-76F,74.0,74.0,76.0,between,between,0.01,0,72.0,no,0,20949,0.0,1.0
2026-02-03,KXHIGHAUS-26FEB03-T75,KXHIGHAUS-26FEB03,Above 75F,75.0,75.0,,above,greater,0.01,0,72.0,no,0,21289,0.0,1.0
2026-02-04,KXHIGHAUS-26FEB04-T64,KXHIGHAUS-26FEB04,Below 64F,64.0,,64.0,below,less,0.01,0,65.0,no,0,31830,0.0,1.0
2026-02-04,KXHIGHAUS-26FEB04-B64.5,KXHIGHAUS-26FEB04,64-66F,64.0,64.0,66.0,between,between,0.99,1,65.0,yes,100,30687,0.0,1.0
2026-02-04,KXHIGHAUS-26FEB04-B66.5,KXHIGHAUS-26FEB04,66-68F,66.0,66.0,68.0,between,between,0.01,0,65.0,no,0,32273,0.0,1.0
2026-02-04,KXHIGHAUS-26FEB04-B68.5,KXHIGHAUS-26FEB04,68-70F,68.0,68.0,70.0,between,between,0.01,0,65.0,no,0,13939,0.0,1.0
2026-02-04,KXHIGHAUS-26FEB04-B70.5,KXHIGHAUS-26FEB04,70-72F,70.0,70.0,72.0,between,between,0.01,0,65.0,no,0,4248,0.0,1.0
2026-02-04,KXHIGHAUS-26FEB04-T71,KXHIGHAUS-26FEB04,Above 71F,71.0,71.0,,above,greater,0.01,0,65.0,no,0,5726,0.0,1.0
2026-02-05,KXHIGHAUS-26FEB05-T65,KXHIGHAUS-26FEB05,Below 65F,65.0,,65.0,below,less,0.01,0,70.0,no,0,6869,0.0,1.0
2026-02-05,KXHIGHAUS-26FEB05-B65.5,KXHIGHAUS-26FEB05,65-67F,65.0,65.0,67.0,between,between,0.01,0,70.0,no,0,6859,0.0,1.0
2026-02-05,KXHIGHAUS-26FEB05-B67.5,KXHIGHAUS-26FEB05,67-69F,67.0,67.0,69.0,between,between,0.01,0,70.0,no,0,40428,0.0,1.0
2026-02-05,KXHIGHAUS-26FEB05-B69.5,KXHIGHAUS-26FEB05,69-71F,69.0,69.0,71.0,between,between,0.99,1,70.0,yes,100,46897,0.0,1.0
2026-02-05,KXHIGHAUS-26FEB05-B71.5,KXHIGHAUS-26FEB05,71-73F,71.0,71.0,73.0,between,between,0.01,0,70.0,no,0,42212,0.0,1.0
2026-02-05,KXHIGHAUS-26FEB05-T72,KXHIGHAUS-26FEB05,Above 72F,72.0,72.0,,above,greater,0.01,0,70.0,no,0,23811,0.0,1.0
2026-02-06,KXHIGHAUS-26FEB06-T77,KXHIGHAUS-26FEB06,Below 77F,77.0,,77.0,below,less,0.01,0,83.0,no,0,15050,0.0,1.0
2026-02-06,KXHIGHAUS-26FEB06-B77.5,KXHIGHAUS-26FEB06,77-79F,77.0,77.0,79.0,between,between,0.01,0,83.0,no,0,12356,0.0,1.0
2026-02-06,KXHIGHAUS-26FEB06-B79.5,KXHIGHAUS-26FEB06,79-81F,79.0,79.0,81.0,between,between,0.01,0,83.0,no,0,28980,0.0,1.0
2026-02-06,KXHIGHAUS-26FEB06-B81.5,KXHIGHAUS-26FEB06,81-83F,81.0,81.0,83.0,between,between,0.01,0,83.0,no,0,132113,0.0,1.0
2026-02-06,KXHIGHAUS-26FEB06-B83.5,KXHIGHAUS-26FEB06,83-85F,83.0,83.0,85.0,between,between,0.99,1,83.0,yes,100,55930,0.0,1.0
2026-02-06,KXHIGHAUS-26FEB06-T84,KXHIGHAUS-26FEB06,Above 84F,84.0,84.0,,above,greater,0.01,0,83.0,no,0,29781,0.0,1.0
2026-02-07,KXHIGHAUS-26FEB07-T77,KXHIGHAUS-26FEB07,Below 77F,77.0,,77.0,below,less,0.01,0,84.0,no,0,13127,0.0,1.0
2026-02-07,KXHIGHAUS-26FEB07-B77.5,KXHIGHAUS-26FEB07,77-79F,77.0,77.0,79.0,between,between,0.01,0,84.0,no,0,11509,0.0,1.0
2026-02-07,KXHIGHAUS-26FEB07-B79.5,KXHIGHAUS-26FEB07,79-81F,79.0,79.0,81.0,between,between,0.01,0,84.0,no,0,36185,0.0,1.0
2026-02-07,KXHIGHAUS-26FEB07-B81.5,KXHIGHAUS-26FEB07,81-83F,81.0,81.0,83.0,between,between,0.01,0,84.0,no,0,63347,0.0,1.0
2026-02-07,KXHIGHAUS-26FEB07-B83.5,KXHIGHAUS-26FEB07,83-85F,83.0,83.0,85.0,between,between,0.99,1,84.0,yes,100,56918,0.0,1.0
2026-02-07,KXHIGHAUS-26FEB07-T84,KXHIGHAUS-26FEB07,Above 84F,84.0,84.0,,above,greater,0.01,0,84.0,no,0,54918,0.0,1.0
2026-02-08,KXHIGHAUS-26FEB08-T76,KXHIGHAUS-26FEB08,Below 76F,76.0,,76.0,below,less,0.01,0,80.0,no,0,6527,0.0,1.0
2026-02-08,KXHIGHAUS-26FEB08-B76.5,KXHIGHAUS-26FEB08,76-78F,76.0,76.0,78.0,between,between,0.01,0,80.0,no,0,15792,0.0,1.0
2026-02-08,KXHIGHAUS-26FEB08-B78.5,KXHIGHAUS-26FEB08,78-80F,78.0,78.0,80.0,between,between,0.01,0,80.0,no,0,33403,0.0,1.0
2026-02-08,KXHIGHAUS-26FEB08-B80.5,KXHIGHAUS-26FEB08,80-82F,80.0,80.0,82.0,between,between,0.99,1,80.0,yes,100,29161,0.0,1.0
2026-02-08,KXHIGHAUS-26FEB08-B82.5,KXHIGHAUS-26FEB08,82-84F,82.0,82.0,84.0,between,between,0.01,0,80.0,no,0,24124,0.0,1.0
2026-02-08,KXHIGHAUS-26FEB08-T83,KXHIGHAUS-26FEB08,Above 83F,83.0,83.0,,above,greater,0.01,0,80.0,no,0,11504,0.0,1.0
2026-02-09,KXHIGHAUS-26FEB09-T79,KXHIGHAUS-26FEB09,Below 79F,79.0,,79.0,below,less,0.01,0,85.0,no,0,3339,0.0,0.01
2026-02-09,KXHIGHAUS-26FEB09-B79.5,KXHIGHAUS-26FEB09,79-81F,79.0,79.0,81.0,between,between,0.01,0,85.0,no,0,6486,0.0,0.01
2026-02-09,KXHIGHAUS-26FEB09-B81.5,KXHIGHAUS-26FEB09,81-83F,81.0,81.0,83.0,between,between,0.01,0,85.0,no,0,17017,0.0,0.01
2026-02-09,KXHIGHAUS-26FEB09-B83.5,KXHIGHAUS-26FEB09,83-85F,83.0,83.0,85.0,between,between,0.01,0,85.0,no,0,68276,0.0,0.01
2026-02-09,KXHIGHAUS-26FEB09-B85.5,KXHIGHAUS-26FEB09,85-87F,85.0,85.0,87.0,between,between,0.99,1,85.0,yes,100,45549,0.99,1.0
2026-02-09,KXHIGHAUS-26FEB09-T86,KXHIGHAUS-26FEB09,Above 86F,86.0,86.0,,above,greater,0.01,0,85.0,no,0,34027,0.0,0.01
2026-02-10,KXHIGHAUS-26FEB10-T75,KXHIGHAUS-26FEB10,Below 75F,75.0,,75.0,below,less,0.99,1,69.0,yes,100,57564,0.99,1.0
2026-02-10,KXHIGHAUS-26FEB10-B75.5,KXHIGHAUS-26FEB10,75-77F,75.0,75.0,77.0,between,between,0.01,0,69.0,no,0,38770,0.0,0.01
2026-02-10,KXHIGHAUS-26FEB10-B77.5,KXHIGHAUS-26FEB10,77-79F,77.0,77.0,79.0,between,between,0.01,0,69.0,no,0,17716,0.0,0.01
2026-02-10,KXHIGHAUS-26FEB10-B79.5,KXHIGHAUS-26FEB10,79-81F,79.0,79.0,81.0,between,between,0.01,0,69.0,no,0,13447,0.0,0.01
2026-02-10,KXHIGHAUS-26FEB10-B81.5,KXHIGHAUS-26FEB10,81-83F,81.0,81.0,83.0,between,between,0.01,0,69.0,no,0,1928,0.0,0.01
2026-02-10,KXHIGHAUS-26FEB10-T82,KXHIGHAUS-26FEB10,Above 82F,82.0,82.0,,above,greater,0.01,0,69.0,no,0,2654,0.0,0.01
2026-02-11,KXHIGHAUS-26FEB11-T72,KXHIGHAUS-26FEB11,Below 72F,72.0,,72.0,below,less,0.01,0,76.0,no,0,18511,0.0,0.01
2026-02-11,KXHIGHAUS-26FEB11-B72.5,KXHIGHAUS-26FEB11,72-74F,72.0,72.0,74.0,between,between,0.01,0,76.0,no,0,37178,0.0,0.01
2026-02-11,KXHIGHAUS-26FEB11-B74.5,KXHIGHAUS-26FEB11,74-76F,74.0,74.0,76.0,between,between,0.01,0,76.0,no,0,85885,0.0,0.01
2026-02-11,KXHIGHAUS-26FEB11-B76.5,KXHIGHAUS-26FEB11,76-78F,76.0,76.0,78.0,between,between,0.99,1,76.0,yes,100,40366,0.99,1.0
2026-02-11,KXHIGHAUS-26FEB11-B78.5,KXHIGHAUS-26FEB11,78-80F,78.0,78.0,80.0,between,between,0.01,0,76.0,no,0,15089,0.0,0.01
2026-02-11,KXHIGHAUS-26FEB11-T79,KXHIGHAUS-26FEB11,Above 79F,79.0,79.0,,above,greater,0.01,0,76.0,no,0,10388,0.0,0.01
2026-02-12,KXHIGHAUS-26FEB12-T78,KXHIGHAUS-26FEB12,Below 78F,78.0,,78.0,below,less,0.01,0,81.0,no,0,28109,0.0,1.0
2026-02-12,KXHIGHAUS-26FEB12-B78.5,KXHIGHAUS-26FEB12,78-80F,78.0,78.0,80.0,between,between,0.01,0,81.0,no,0,49795,0.0,1.0
2026-02-12,KXHIGHAUS-26FEB12-B80.5,KXHIGHAUS-26FEB12,80-82F,80.0,80.0,82.0,between,between,0.99,1,81.0,yes,100,49790,0.0,1.0
2026-02-12,KXHIGHAUS-26FEB12-B82.5,KXHIGHAUS-26FEB12,82-84F,82.0,82.0,84.0,between,between,0.01,0,81.0,no,0,32848,0.0,1.0
2026-02-12,KXHIGHAUS-26FEB12-B84.5,KXHIGHAUS-26FEB12,84-86F,84.0,84.0,86.0,between,between,0.01,0,81.0,no,0,11962,0.0,1.0
2026-02-12,KXHIGHAUS-26FEB12-T85,KXHIGHAUS-26FEB12,Above 85F,85.0,85.0,,above,greater,0.06,0,81.0,no,0,3001,0.0,1.0
2026-02-13,KXHIGHAUS-26FEB13-T78,KXHIGHAUS-26FEB13,Below 78F,78.0,,78.0,below,less,0.01,0,82.0,no,0,14731,0.0,1.0
2026-02-13,KXHIGHAUS-26FEB13-B78.5,KXHIGHAUS-26FEB13,78-80F,78.0,78.0,80.0,between,between,0.01,0,82.0,no,0,26575,0.0,1.0
2026-02-13,KXHIGHAUS-26FEB13-B80.5,KXHIGHAUS-26FEB13,80-82F,80.0,80.0,82.0,between,between,0.01,0,82.0,no,0,50533,0.0,1.0
2026-02-13,KXHIGHAUS-26FEB13-B82.5,KXHIGHAUS-26FEB13,82-84F,82.0,82.0,84.0,between,between,0.99,1,82.0,yes,100,41371,0.0,1.0
2026-02-13,KXHIGHAUS-26FEB13-B84.5,KXHIGHAUS-26FEB13,84-86F,84.0,84.0,86.0,between,between,0.01,0,82.0,no,0,18362,0.0,1.0
2026-02-13,KXHIGHAUS-26FEB13-T85,KXHIGHAUS-26FEB13,Above 85F,85.0,85.0,,above,greater,0.01,0,82.0,no,0,7417,0.0,1.0
2026-02-14,KXHIGHAUS-26FEB14-T72,KXHIGHAUS-26FEB14,Below 72F,72.0,,72.0,below,less,0.01,0,75.0,no,0,31635,0.0,1.0
2026-02-14,KXHIGHAUS-26FEB14-B72.5,KXHIGHAUS-26FEB14,72-74F,72.0,72.0,74.0,between,between,0.01,0,75.0,no,0,36777,0.0,1.0
2026-02-14,KXHIGHAUS-26FEB14-B74.5,KXHIGHAUS-26FEB14,74-76F,74.0,74.0,76.0,between,between,0.99,1,75.0,yes,100,43180,0.0,1.0
2026-02-14,KXHIGHAUS-26FEB14-B76.5,KXHIGHAUS-26FEB14,76-78F,76.0,76.0,78.0,between,between,0.01,0,75.0,no,0,18666,0.0,1.0
2026-02-14,KXHIGHAUS-26FEB14-B78.5,KXHIGHAUS-26FEB14,78-80F,78.0,78.0,80.0,between,between,0.01,0,75.0,no,0,6563,0.0,1.0
2026-02-14,KXHIGHAUS-26FEB14-T79,KXHIGHAUS-26FEB14,Above 79F,79.0,79.0,,above,greater,0.01,0,75.0,no,0,4856,0.0,1.0
2026-02-15,KXHIGHAUS-26FEB15-T71,KXHIGHAUS-26FEB15,Below 71F,71.0,,71.0,below,less,0.01,0,74.0,no,0,30453,0.0,1.0
2026-02-15,KXHIGHAUS-26FEB15-B71.5,KXHIGHAUS-26FEB15,71-73F,71.0,71.0,73.0,between,between,0.01,0,74.0,no,0,39768,0.0,1.0
2026-02-15,KXHIGHAUS-26FEB15-B73.5,KXHIGHAUS-26FEB15,73-75F,73.0,73.0,75.0,between,between,0.99,1,74.0,yes,100,29673,0.0,1.0
2026-02-15,KXHIGHAUS-26FEB15-B75.5,KXHIGHAUS-26FEB15,75-77F,75.0,75.0,77.0,between,between,0.01,0,74.0,no,0,32694,0.0,1.0
2026-02-15,KXHIGHAUS-26FEB15-B77.5,KXHIGHAUS-26FEB15,77-79F,77.0,77.0,79.0,between,between,0.01,0,74.0,no,0,6272,0.0,1.0
2026-02-15,KXHIGHAUS-26FEB15-T78,KXHIGHAUS-26FEB15,Above 78F,78.0,78.0,,above,greater,0.01,0,74.0,no,0,3520,0.0,1.0
2026-02-16,KXHIGHAUS-26FEB16-T74,KXHIGHAUS-26FEB16,Below 74F,74.0,,74.0,below,less,0.01,0,78.0,no,0,9794,0.0,1.0
2026-02-16,KXHIGHAUS-26FEB16-B74.5,KXHIGHAUS-26FEB16,74-76F,74.0,74.0,76.0,between,between,0.01,0,78.0,no,0,15101,0.0,1.0
2026-02-16,KXHIGHAUS-26FEB16-B76.5,KXHIGHAUS-26FEB16,76-78F,76.0,76.0,78.0,between,between,0.01,0,78.0,no,0,37347,0.0,1.0
2026-02-16,KXHIGHAUS-26FEB16-B78.5,KXHIGHAUS-26FEB16,78-80F,78.0,78.0,80.0,between,between,0.99,1,78.0,yes,100,24927,0.0,1.0
2026-02-16,KXHIGHAUS-26FEB16-B80.5,KXHIGHAUS-26FEB16,80-82F,80.0,80.0,82.0,between,between,0.01,0,78.0,no,0,9746,0.0,1.0
2026-02-16,KXHIGHAUS-26FEB16-T81,KXHIGHAUS-26FEB16,Above 81F,81.0,81.0,,above,greater,0.01,0,78.0,no,0,7394,0.0,1.0
